   32   32  100    1
  0.2114345E+02  0.8778937E-09  0.8778937E-09  0.8778937E-09  0.5000000E-15
  1.000000000000000E-004
  CAR 
 No title                                
  352    1  212
 
  0.2500000E+00  0.2500000E+00  0.2500000E+00  0.1000000E+01
   1       -4.0989
   2       -3.3460
   3       -3.2840
   4       -3.2840
   5       -3.2840
   6       -3.2660
   7       -3.2660
   8       -3.2660
   9       -3.2223
  10       -3.2223
  11       -3.2223
  12       -3.1737
  13       -3.1737
  14       -3.1737
  15       -3.0488
  16       -3.0488
  17       -3.0488
  18       -3.0454
  19       -3.0454
  20       -3.0454
  21       -2.9606
  22       -2.9606
  23       -2.9606
  24       -2.9606
  25       -2.9606
  26       -2.9606
  27       -2.9175
  28       -2.9175
  29       -2.9175
  30       -2.8900
  31       -2.8900
  32       -2.8900
  33       -2.8900
  34       -2.8900
  35       -2.8900
  36       -2.8654
  37       -2.8654
  38       -2.8654
  39       -2.7473
  40       -2.7473
  41       -2.7473
  42       -2.7473
  43       -2.7473
  44       -2.7473
  45       -2.5638
  46       -2.5638
  47       -2.5638
  48       -2.5014
  49       -2.5014
  50       -2.5014
  51       -2.5014
  52       -2.5014
  53       -2.5014
  54       -2.4987
  55       -2.4987
  56       -2.4987
  57       -2.4257
  58       -2.4257
  59       -2.4257
  60       -2.3738
  61       -2.3266
  62       -2.3266
  63       -2.3266
  64       -2.2791
  65       -2.2791
  66       -2.2419
  67       -2.2419
  68       -2.2342
  69       -2.2342
  70       -2.2342
  71       -2.2342
  72       -2.2342
  73       -2.2342
  74       -2.1690
  75       -2.1690
  76       -2.1690
  77       -2.1179
  78       -2.1179
  79       -2.1179
  80       -2.0875
  81       -2.0875
  82       -2.0875
  83       -2.0875
  84       -2.0875
  85       -2.0875
  86       -2.0733
  87       -2.0733
  88       -2.0733
  89       -2.0596
  90       -2.0596
  91       -2.0596
  92       -2.0279
  93       -2.0279
  94       -2.0279
  95       -2.0017
  96       -2.0017
  97       -2.0017
  98       -1.8220
  99       -1.8220
 100       -1.8220
 101       -1.7906
 102       -1.7906
 103       -1.7906
 104       -1.7640
 105       -1.7640
 106       -1.7640
 107       -1.7640
 108       -1.7640
 109       -1.7640
 110       -1.6475
 111       -1.6475
 112       -1.6475
 113       -1.6426
 114       -1.6426
 115       -1.6398
 116       -1.6398
 117       -1.6398
 118       -1.5559
 119       -1.5559
 120       -1.5559
 121       -1.5475
 122       -1.5475
 123       -1.5475
 124       -1.5312
 125       -1.5312
 126       -1.5312
 127       -1.5312
 128       -1.5312
 129       -1.5312
 130       -1.4300
 131       -1.4300
 132       -1.4300
 133       -1.2963
 134       -1.2963
 135       -1.2963
 136       -1.2727
 137       -1.2727
 138       -1.2727
 139       -1.2583
 140       -1.2583
 141       -1.2583
 142       -1.2583
 143       -1.2583
 144       -1.2583
 145       -1.2450
 146       -1.2450
 147       -1.2450
 148       -1.2278
 149       -1.2278
 150       -1.1533
 151       -1.1533
 152       -1.1533
 153       -1.0661
 154       -1.0661
 155       -1.0661
 156       -1.0447
 157       -1.0447
 158       -1.0447
 159       -1.0447
 160       -1.0447
 161       -1.0447
 162       -0.9961
 163       -0.9961
 164       -0.9961
 165       -0.5753
 166       -0.5753
 167       -0.5753
 168       -0.0861
 169        0.1467
 170        0.1467
 171        0.1467
 172        1.4862
 173        1.4862
 174        1.4862
 175        1.4862
 176        1.4862
 177        1.4862
 178        2.2543
 179        2.2543
 180        2.2543
 181        3.1698
 182        3.1698
 183        3.1698
 184        3.6715
 185        3.6715
 186        3.6715
 187        4.6809
 188        4.6809
 189        4.6809
 190        4.6809
 191        4.6809
 192        4.6809
 193        5.1112
 194        5.1112
 195        5.1112
 196        5.9659
 197        5.9659
 198        5.9659
 199        6.8141
 200        6.8141
 201        6.8141
 202        6.8141
 203        6.8141
 204        6.8141
 205        7.2059
 206        8.0868
 207        8.0868
 208        8.0868
 209        8.0868
 210        8.0869
 211        8.0882
 212        8.3720
