   32   32  100    1
  0.2174181E+02  0.8860983E-09  0.8860983E-09  0.8860983E-09  0.5000000E-15
  1.000000000000000E-004
  CAR 
 No title                                
  352   20  212
 
  0.6250000E-01  0.6250000E-01  0.6250000E-01  0.1562500E-01
   1       -4.4977
   2       -3.4919
   3       -3.4919
   4       -3.4919
   5       -3.4900
   6       -3.4818
   7       -3.4818
   8       -3.4818
   9       -3.4306
  10       -3.4306
  11       -3.4306
  12       -3.1518
  13       -3.1518
  14       -3.1518
  15       -3.0991
  16       -3.0991
  17       -3.0991
  18       -3.0154
  19       -3.0154
  20       -3.0154
  21       -2.9905
  22       -2.9905
  23       -2.9905
  24       -2.9905
  25       -2.9905
  26       -2.9905
  27       -2.9213
  28       -2.9213
  29       -2.9213
  30       -2.8370
  31       -2.8370
  32       -2.8370
  33       -2.8078
  34       -2.8078
  35       -2.8078
  36       -2.8011
  37       -2.8011
  38       -2.8011
  39       -2.8011
  40       -2.8011
  41       -2.8011
  42       -2.6991
  43       -2.6991
  44       -2.6991
  45       -2.6991
  46       -2.6991
  47       -2.6991
  48       -2.6438
  49       -2.6438
  50       -2.6438
  51       -2.6420
  52       -2.6420
  53       -2.6420
  54       -2.6420
  55       -2.6420
  56       -2.6420
  57       -2.6038
  58       -2.6038
  59       -2.6038
  60       -2.5012
  61       -2.5012
  62       -2.5012
  63       -2.5012
  64       -2.5012
  65       -2.5012
  66       -2.4824
  67       -2.4824
  68       -2.4824
  69       -2.4726
  70       -2.4724
  71       -2.4724
  72       -2.4658
  73       -2.4658
  74       -2.4658
  75       -2.4625
  76       -2.4625
  77       -2.3313
  78       -2.3313
  79       -2.3313
  80       -2.3313
  81       -2.3313
  82       -2.3313
  83       -2.3116
  84       -2.3116
  85       -2.3116
  86       -2.2759
  87       -2.2759
  88       -2.2759
  89       -2.0572
  90       -2.0572
  91       -2.0572
  92       -2.0134
  93       -2.0134
  94       -2.0134
  95       -2.0011
  96       -2.0011
  97       -2.0011
  98       -2.0011
  99       -2.0011
 100       -2.0011
 101       -2.0007
 102       -2.0007
 103       -2.0007
 104       -1.9598
 105       -1.9598
 106       -1.9598
 107       -1.8664
 108       -1.8664
 109       -1.8664
 110       -1.8367
 111       -1.8367
 112       -1.8367
 113       -1.8314
 114       -1.8314
 115       -1.8314
 116       -1.8035
 117       -1.8035
 118       -1.7636
 119       -1.7636
 120       -1.7636
 121       -1.7636
 122       -1.7636
 123       -1.7636
 124       -1.7561
 125       -1.7561
 126       -1.7561
 127       -1.7561
 128       -1.7561
 129       -1.7561
 130       -1.7060
 131       -1.7060
 132       -1.7060
 133       -1.6789
 134       -1.6789
 135       -1.6789
 136       -1.5776
 137       -1.5776
 138       -1.5776
 139       -1.5266
 140       -1.5266
 141       -1.5266
 142       -1.3183
 143       -1.3183
 144       -1.3183
 145       -1.3152
 146       -1.3152
 147       -1.3152
 148       -1.3055
 149       -1.3055
 150       -1.3055
 151       -1.2934
 152       -1.2934
 153       -1.2830
 154       -1.2830
 155       -1.2830
 156       -1.1730
 157       -1.1730
 158       -1.1730
 159       -1.1584
 160       -1.1584
 161       -1.1584
 162       -1.1584
 163       -1.1584
 164       -1.1584
 165       -1.1567
 166       -1.1567
 167       -1.1567
 168        0.4749
 169        0.4749
 170        0.4749
 171        0.9915
 172        0.9915
 173        0.9915
 174        0.9915
 175        0.9915
 176        0.9915
 177        1.5201
 178        1.5201
 179        1.5201
 180        1.5751
 181        1.8561
 182        1.8561
 183        1.8561
 184        3.4111
 185        3.4111
 186        3.4111
 187        4.1331
 188        4.1331
 189        4.1331
 190        4.3940
 191        6.2485
 192        6.2485
 193        6.2485
 194        6.2485
 195        6.2485
 196        6.2486
 197        6.8098
 198        6.8102
 199        6.8135
 200        6.8166
 201        6.8166
 202        6.8166
 203        6.8168
 204        6.8174
 205        6.8381
 206        7.4917
 207        7.4921
 208        7.4931
 209        7.5115
 210        7.8180
 211        8.5575
 212        8.7850
 
  0.1875000E+00  0.6250000E-01  0.6250000E-01  0.4687500E-01
   1       -4.4305
   2       -3.4693
   3       -3.4685
   4       -3.4631
   5       -3.4631
   6       -3.4534
   7       -3.4534
   8       -3.4455
   9       -3.4134
  10       -3.4026
  11       -3.4026
  12       -3.3262
  13       -3.1319
  14       -3.1152
  15       -3.1152
  16       -3.1057
  17       -3.0678
  18       -3.0678
  19       -3.0440
  20       -3.0440
  21       -2.9920
  22       -2.9920
  23       -2.9759
  24       -2.9759
  25       -2.9671
  26       -2.9671
  27       -2.9593
  28       -2.9343
  29       -2.9343
  30       -2.9309
  31       -2.9039
  32       -2.9039
  33       -2.8748
  34       -2.8748
  35       -2.8681
  36       -2.8681
  37       -2.8275
  38       -2.8197
  39       -2.8197
  40       -2.7932
  41       -2.7932
  42       -2.7928
  43       -2.7928
  44       -2.6975
  45       -2.6975
  46       -2.6965
  47       -2.6965
  48       -2.6520
  49       -2.6520
  50       -2.6517
  51       -2.6517
  52       -2.6497
  53       -2.6497
  54       -2.6090
  55       -2.5990
  56       -2.5990
  57       -2.5740
  58       -2.5740
  59       -2.5676
  60       -2.5140
  61       -2.5140
  62       -2.4998
  63       -2.4982
  64       -2.4982
  65       -2.4914
  66       -2.4914
  67       -2.4907
  68       -2.4705
  69       -2.4589
  70       -2.4443
  71       -2.4443
  72       -2.4442
  73       -2.4428
  74       -2.4394
  75       -2.4271
  76       -2.4271
  77       -2.4212
  78       -2.4212
  79       -2.3720
  80       -2.3720
  81       -2.3240
  82       -2.3240
  83       -2.2867
  84       -2.2867
  85       -2.2206
  86       -2.2206
  87       -2.1829
  88       -2.1588
  89       -2.1348
  90       -2.1196
  91       -2.1196
  92       -2.1066
  93       -2.0805
  94       -2.0755
  95       -2.0647
  96       -2.0647
  97       -2.0251
  98       -2.0251
  99       -2.0004
 100       -2.0004
 101       -1.9666
 102       -1.9666
 103       -1.9600
 104       -1.9600
 105       -1.9338
 106       -1.9338
 107       -1.9202
 108       -1.9202
 109       -1.8876
 110       -1.8751
 111       -1.8751
 112       -1.8444
 113       -1.8444
 114       -1.8230
 115       -1.7940
 116       -1.7769
 117       -1.7769
 118       -1.7683
 119       -1.7683
 120       -1.7620
 121       -1.7620
 122       -1.7471
 123       -1.7275
 124       -1.7154
 125       -1.7154
 126       -1.7109
 127       -1.6755
 128       -1.6755
 129       -1.6611
 130       -1.6611
 131       -1.6384
 132       -1.6325
 133       -1.6325
 134       -1.6273
 135       -1.6273
 136       -1.6269
 137       -1.5270
 138       -1.5270
 139       -1.4794
 140       -1.4794
 141       -1.4752
 142       -1.3942
 143       -1.3856
 144       -1.3856
 145       -1.3428
 146       -1.3428
 147       -1.3274
 148       -1.3273
 149       -1.3271
 150       -1.2966
 151       -1.2947
 152       -1.2947
 153       -1.2530
 154       -1.2530
 155       -1.2058
 156       -1.1931
 157       -1.1931
 158       -1.1926
 159       -1.1926
 160       -1.1863
 161       -1.1584
 162       -1.1584
 163       -1.1584
 164       -1.1584
 165       -1.1407
 166       -1.1407
 167       -0.7817
 168        0.0240
 169        0.0240
 170        0.4999
 171        0.5213
 172        0.5213
 173        1.0254
 174        1.0254
 175        1.2674
 176        1.5591
 177        1.5768
 178        1.5768
 179        1.7215
 180        1.7215
 181        2.0074
 182        2.1109
 183        2.1109
 184        2.8725
 185        3.5528
 186        3.5528
 187        4.1585
 188        4.4278
 189        4.4278
 190        4.8452
 191        5.4290
 192        5.4290
 193        5.6897
 194        5.6897
 195        5.9334
 196        5.9334
 197        6.3824
 198        6.3824
 199        6.8291
 200        6.8332
 201        6.9428
 202        6.9449
 203        7.1044
 204        7.1210
 205        7.5056
 206        7.5483
 207        7.7397
 208        7.8101
 209        7.8511
 210        7.8877
 211        8.0305
 212        8.1288
 
  0.3125000E+00  0.6250000E-01  0.6250000E-01  0.4687500E-01
   1       -4.2980
   2       -3.5859
   3       -3.4233
   4       -3.4199
   5       -3.4076
   6       -3.4076
   7       -3.3970
   8       -3.3970
   9       -3.3823
  10       -3.3796
  11       -3.3468
  12       -3.3468
  13       -3.2031
  14       -3.1897
  15       -3.1329
  16       -3.1329
  17       -3.1079
  18       -3.0770
  19       -3.0770
  20       -3.0587
  21       -3.0488
  22       -3.0488
  23       -3.0274
  24       -3.0274
  25       -3.0163
  26       -3.0163
  27       -2.9519
  28       -2.9519
  29       -2.9378
  30       -2.9378
  31       -2.9228
  32       -2.9228
  33       -2.8903
  34       -2.8903
  35       -2.8677
  36       -2.8677
  37       -2.8484
  38       -2.8484
  39       -2.8377
  40       -2.8377
  41       -2.7876
  42       -2.7876
  43       -2.7377
  44       -2.6960
  45       -2.6960
  46       -2.6849
  47       -2.6849
  48       -2.6761
  49       -2.6761
  50       -2.6721
  51       -2.6721
  52       -2.6331
  53       -2.6331
  54       -2.5976
  55       -2.5717
  56       -2.5717
  57       -2.5710
  58       -2.5710
  59       -2.5327
  60       -2.5327
  61       -2.5293
  62       -2.5290
  63       -2.5232
  64       -2.5086
  65       -2.5086
  66       -2.5064
  67       -2.5064
  68       -2.4961
  69       -2.4961
  70       -2.4933
  71       -2.4933
  72       -2.4761
  73       -2.4421
  74       -2.4421
  75       -2.4256
  76       -2.4046
  77       -2.4041
  78       -2.4041
  79       -2.4039
  80       -2.3991
  81       -2.3991
  82       -2.3940
  83       -2.2456
  84       -2.2456
  85       -2.2237
  86       -2.1975
  87       -2.1975
  88       -2.1889
  89       -2.1803
  90       -2.1683
  91       -2.1627
  92       -2.1627
  93       -2.0602
  94       -2.0602
  95       -2.0108
  96       -2.0013
  97       -2.0013
  98       -1.9812
  99       -1.9812
 100       -1.9715
 101       -1.9703
 102       -1.9703
 103       -1.9626
 104       -1.8947
 105       -1.8947
 106       -1.8796
 107       -1.8796
 108       -1.8617
 109       -1.8617
 110       -1.8594
 111       -1.8512
 112       -1.8512
 113       -1.8487
 114       -1.8487
 115       -1.7801
 116       -1.7801
 117       -1.7754
 118       -1.7633
 119       -1.7633
 120       -1.7528
 121       -1.7528
 122       -1.6728
 123       -1.6626
 124       -1.6626
 125       -1.6454
 126       -1.6357
 127       -1.6357
 128       -1.5932
 129       -1.5889
 130       -1.5769
 131       -1.5769
 132       -1.5610
 133       -1.5610
 134       -1.5557
 135       -1.5557
 136       -1.5504
 137       -1.5420
 138       -1.5420
 139       -1.5118
 140       -1.4976
 141       -1.4976
 142       -1.4241
 143       -1.4232
 144       -1.4210
 145       -1.4210
 146       -1.3825
 147       -1.3766
 148       -1.3766
 149       -1.3534
 150       -1.3349
 151       -1.3349
 152       -1.3330
 153       -1.2690
 154       -1.2610
 155       -1.2610
 156       -1.2579
 157       -1.2579
 158       -1.2571
 159       -1.2571
 160       -1.2412
 161       -1.1585
 162       -1.1585
 163       -1.1585
 164       -1.1585
 165       -0.8920
 166       -0.8920
 167       -0.3671
 168       -0.3671
 169       -0.1490
 170        0.1037
 171        0.1037
 172        0.5544
 173        0.9981
 174        1.0949
 175        1.0949
 176        1.5323
 177        1.5323
 178        1.6359
 179        1.9886
 180        2.1201
 181        2.2307
 182        2.2307
 183        2.7654
 184        2.7654
 185        3.8203
 186        3.8203
 187        4.5016
 188        4.5639
 189        4.5639
 190        4.9328
 191        4.9328
 192        5.0847
 193        5.0847
 194        5.1440
 195        5.1440
 196        5.4239
 197        6.5516
 198        6.5523
 199        6.6167
 200        6.8680
 201        6.8703
 202        7.0843
 203        7.0872
 204        7.1242
 205        7.1350
 206        7.1496
 207        7.1583
 208        7.5473
 209        7.6034
 210        7.7609
 211        8.0604
 212        8.1742
 
  0.4375000E+00  0.6250000E-01  0.6250000E-01  0.4687500E-01
   1       -4.1047
   2       -3.8603
   3       -3.3597
   4       -3.3421
   5       -3.3301
   6       -3.3293
   7       -3.3293
   8       -3.3138
   9       -3.3138
  10       -3.2941
  11       -3.2833
  12       -3.2661
  13       -3.2643
  14       -3.2643
  15       -3.2373
  16       -3.2342
  17       -3.2342
  18       -3.2060
  19       -3.2060
  20       -3.1843
  21       -3.1572
  22       -3.1572
  23       -2.9691
  24       -2.9691
  25       -2.9591
  26       -2.9591
  27       -2.9275
  28       -2.9275
  29       -2.9079
  30       -2.9079
  31       -2.8987
  32       -2.8987
  33       -2.8986
  34       -2.8986
  35       -2.8644
  36       -2.8644
  37       -2.8462
  38       -2.8462
  39       -2.8091
  40       -2.8091
  41       -2.8090
  42       -2.8090
  43       -2.7318
  44       -2.7318
  45       -2.7297
  46       -2.7297
  47       -2.6974
  48       -2.6974
  49       -2.6965
  50       -2.6965
  51       -2.6558
  52       -2.6553
  53       -2.6553
  54       -2.6080
  55       -2.6080
  56       -2.5853
  57       -2.5759
  58       -2.5497
  59       -2.5482
  60       -2.5482
  61       -2.5447
  62       -2.5447
  63       -2.5364
  64       -2.5364
  65       -2.5260
  66       -2.5260
  67       -2.5054
  68       -2.4881
  69       -2.4872
  70       -2.4872
  71       -2.4766
  72       -2.4766
  73       -2.4408
  74       -2.4408
  75       -2.4088
  76       -2.4088
  77       -2.3737
  78       -2.3478
  79       -2.3478
  80       -2.3464
  81       -2.3463
  82       -2.3463
  83       -2.3462
  84       -2.3315
  85       -2.3137
  86       -2.3137
  87       -2.3054
  88       -2.2741
  89       -2.2741
  90       -2.2718
  91       -2.2713
  92       -2.2548
  93       -1.9742
  94       -1.9742
  95       -1.9731
  96       -1.9731
  97       -1.9507
  98       -1.9064
  99       -1.8611
 100       -1.8611
 101       -1.8539
 102       -1.8539
 103       -1.8408
 104       -1.8408
 105       -1.8314
 106       -1.8302
 107       -1.8302
 108       -1.8224
 109       -1.8224
 110       -1.8030
 111       -1.8030
 112       -1.8025
 113       -1.8025
 114       -1.7938
 115       -1.7938
 116       -1.7746
 117       -1.7746
 118       -1.7660
 119       -1.7484
 120       -1.7213
 121       -1.7213
 122       -1.7138
 123       -1.6870
 124       -1.6870
 125       -1.6611
 126       -1.6472
 127       -1.6472
 128       -1.6172
 129       -1.6172
 130       -1.6092
 131       -1.6092
 132       -1.5750
 133       -1.5461
 134       -1.5446
 135       -1.5446
 136       -1.4818
 137       -1.4818
 138       -1.4801
 139       -1.4684
 140       -1.4645
 141       -1.4573
 142       -1.4573
 143       -1.4567
 144       -1.4476
 145       -1.4476
 146       -1.4428
 147       -1.4428
 148       -1.4000
 149       -1.3991
 150       -1.3991
 151       -1.3902
 152       -1.3715
 153       -1.3583
 154       -1.3450
 155       -1.3450
 156       -1.3446
 157       -1.3446
 158       -1.3095
 159       -1.1586
 160       -1.1586
 161       -1.1585
 162       -1.1585
 163       -1.0025
 164       -1.0025
 165       -0.7065
 166       -0.7065
 167       -0.5988
 168       -0.5988
 169       -0.2677
 170       -0.2677
 171        0.5622
 172        0.6475
 173        0.7916
 174        1.2030
 175        1.2030
 176        1.3286
 177        1.3508
 178        1.3508
 179        1.7459
 180        1.8756
 181        2.9505
 182        2.9505
 183        3.4825
 184        3.4825
 185        3.7312
 186        3.7312
 187        4.1898
 188        4.1898
 189        4.2585
 190        4.2585
 191        4.6378
 192        4.6378
 193        5.0771
 194        5.5767
 195        5.5767
 196        5.7974
 197        6.0993
 198        6.3209
 199        6.3210
 200        6.8137
 201        6.8145
 202        6.8550
 203        6.9277
 204        6.9318
 205        7.0030
 206        7.0148
 207        7.1491
 208        7.1683
 209        7.3854
 210        7.4009
 211        8.0068
 212        8.3867
 
  0.1875000E+00  0.1875000E+00  0.6250000E-01  0.4687500E-01
   1       -4.3644
   2       -3.4577
   3       -3.4430
   4       -3.4398
   5       -3.4398
   6       -3.4340
   7       -3.4110
   8       -3.4110
   9       -3.3856
  10       -3.3856
  11       -3.3672
  12       -3.2850
  13       -3.2850
  14       -3.1100
  15       -3.1100
  16       -3.1061
  17       -3.0752
  18       -3.0729
  19       -3.0729
  20       -3.0444
  21       -3.0444
  22       -3.0185
  23       -3.0185
  24       -2.9827
  25       -2.9827
  26       -2.9531
  27       -2.9531
  28       -2.9486
  29       -2.9486
  30       -2.9328
  31       -2.9322
  32       -2.9296
  33       -2.9296
  34       -2.9046
  35       -2.9046
  36       -2.8670
  37       -2.8670
  38       -2.8614
  39       -2.8605
  40       -2.8450
  41       -2.8450
  42       -2.8140
  43       -2.8140
  44       -2.7865
  45       -2.7865
  46       -2.7137
  47       -2.7137
  48       -2.6570
  49       -2.6472
  50       -2.6472
  51       -2.6448
  52       -2.6448
  53       -2.6235
  54       -2.6235
  55       -2.5736
  56       -2.5736
  57       -2.5430
  58       -2.5430
  59       -2.5257
  60       -2.5257
  61       -2.5195
  62       -2.5195
  63       -2.5150
  64       -2.4977
  65       -2.4940
  66       -2.4899
  67       -2.4899
  68       -2.4656
  69       -2.4450
  70       -2.4359
  71       -2.4251
  72       -2.4250
  73       -2.4098
  74       -2.4098
  75       -2.3867
  76       -2.3250
  77       -2.3250
  78       -2.3171
  79       -2.3171
  80       -2.2953
  81       -2.2953
  82       -2.2908
  83       -2.2908
  84       -2.2709
  85       -2.2426
  86       -2.2426
  87       -2.2381
  88       -2.2381
  89       -2.1879
  90       -2.1879
  91       -2.1742
  92       -2.1001
  93       -2.1001
  94       -2.0806
  95       -2.0806
  96       -2.0772
  97       -2.0611
  98       -2.0229
  99       -2.0229
 100       -2.0224
 101       -2.0224
 102       -2.0173
 103       -1.9907
 104       -1.9907
 105       -1.9472
 106       -1.9386
 107       -1.9130
 108       -1.8623
 109       -1.8623
 110       -1.8447
 111       -1.8447
 112       -1.8278
 113       -1.8053
 114       -1.8053
 115       -1.7973
 116       -1.7733
 117       -1.7733
 118       -1.7698
 119       -1.7698
 120       -1.7254
 121       -1.7254
 122       -1.7181
 123       -1.7181
 124       -1.7077
 125       -1.7077
 126       -1.6686
 127       -1.6686
 128       -1.6683
 129       -1.6683
 130       -1.5989
 131       -1.5989
 132       -1.5862
 133       -1.5862
 134       -1.5832
 135       -1.5716
 136       -1.5716
 137       -1.5413
 138       -1.4809
 139       -1.4809
 140       -1.4784
 141       -1.4619
 142       -1.4619
 143       -1.4595
 144       -1.4344
 145       -1.3898
 146       -1.3691
 147       -1.3691
 148       -1.3676
 149       -1.3152
 150       -1.3128
 151       -1.2897
 152       -1.2897
 153       -1.2851
 154       -1.2728
 155       -1.2728
 156       -1.2199
 157       -1.2199
 158       -1.1935
 159       -1.1935
 160       -1.1920
 161       -1.1920
 162       -1.1870
 163       -1.1870
 164       -1.1775
 165       -1.0346
 166       -0.6319
 167       -0.6319
 168       -0.3977
 169        0.0418
 170        0.0418
 171        0.5521
 172        0.5521
 173        0.8607
 174        1.0955
 175        1.0955
 176        1.4028
 177        1.6202
 178        1.6202
 179        2.1502
 180        2.1502
 181        2.1564
 182        2.1564
 183        2.7018
 184        3.0045
 185        3.0045
 186        3.6901
 187        4.1836
 188        4.1836
 189        4.8865
 190        4.9253
 191        4.9253
 192        5.3744
 193        5.5108
 194        5.5108
 195        5.7864
 196        5.7864
 197        6.0654
 198        6.0654
 199        6.4610
 200        6.4611
 201        6.8476
 202        7.0344
 203        7.0380
 204        7.4585
 205        7.4669
 206        7.4875
 207        7.5183
 208        7.5553
 209        7.5623
 210        7.6383
 211        7.7066
 212        8.5611
 
  0.3125000E+00  0.1875000E+00  0.6250000E-01  0.9375000E-01
   1       -4.2341
   2       -3.5378
   3       -3.4179
   4       -3.4001
   5       -3.3949
   6       -3.3874
   7       -3.3844
   8       -3.3518
   9       -3.3508
  10       -3.3441
  11       -3.3301
  12       -3.3014
  13       -3.2082
  14       -3.1841
  15       -3.1539
  16       -3.1448
  17       -3.1300
  18       -3.1084
  19       -3.0919
  20       -3.0883
  21       -3.0712
  22       -3.0678
  23       -3.0418
  24       -3.0369
  25       -3.0346
  26       -3.0155
  27       -3.0079
  28       -3.0052
  29       -2.9799
  30       -2.9780
  31       -2.9768
  32       -2.9690
  33       -2.9323
  34       -2.9250
  35       -2.9217
  36       -2.9096
  37       -2.8689
  38       -2.8665
  39       -2.8517
  40       -2.8407
  41       -2.8003
  42       -2.7897
  43       -2.7881
  44       -2.7783
  45       -2.7449
  46       -2.7286
  47       -2.7276
  48       -2.7065
  49       -2.6993
  50       -2.6759
  51       -2.6577
  52       -2.6533
  53       -2.6323
  54       -2.6269
  55       -2.5519
  56       -2.5452
  57       -2.5446
  58       -2.5441
  59       -2.5409
  60       -2.5291
  61       -2.5281
  62       -2.5197
  63       -2.5188
  64       -2.5012
  65       -2.4962
  66       -2.4730
  67       -2.4632
  68       -2.4534
  69       -2.4527
  70       -2.4168
  71       -2.4026
  72       -2.3889
  73       -2.3881
  74       -2.3802
  75       -2.3697
  76       -2.3608
  77       -2.3599
  78       -2.3575
  79       -2.3556
  80       -2.3033
  81       -2.3032
  82       -2.3003
  83       -2.2672
  84       -2.2665
  85       -2.2395
  86       -2.2290
  87       -2.2247
  88       -2.1857
  89       -2.1832
  90       -2.1817
  91       -2.1324
  92       -2.1026
  93       -2.0830
  94       -2.0804
  95       -2.0710
  96       -2.0675
  97       -2.0554
  98       -2.0439
  99       -2.0400
 100       -2.0399
 101       -2.0316
 102       -2.0117
 103       -1.9943
 104       -1.9583
 105       -1.9546
 106       -1.9437
 107       -1.9202
 108       -1.9158
 109       -1.8840
 110       -1.8578
 111       -1.7976
 112       -1.7884
 113       -1.7870
 114       -1.7806
 115       -1.7776
 116       -1.7731
 117       -1.7464
 118       -1.7354
 119       -1.7284
 120       -1.7229
 121       -1.7002
 122       -1.6604
 123       -1.6541
 124       -1.6500
 125       -1.6474
 126       -1.6240
 127       -1.6233
 128       -1.6049
 129       -1.6043
 130       -1.5933
 131       -1.5770
 132       -1.5605
 133       -1.5571
 134       -1.5540
 135       -1.5141
 136       -1.4968
 137       -1.4963
 138       -1.4929
 139       -1.4919
 140       -1.4883
 141       -1.4845
 142       -1.4822
 143       -1.4802
 144       -1.4757
 145       -1.4517
 146       -1.4230
 147       -1.4111
 148       -1.4036
 149       -1.3572
 150       -1.3543
 151       -1.3126
 152       -1.3101
 153       -1.3072
 154       -1.3065
 155       -1.2703
 156       -1.2696
 157       -1.2577
 158       -1.2556
 159       -1.2396
 160       -1.2377
 161       -1.1936
 162       -1.1913
 163       -1.1884
 164       -1.1878
 165       -0.8278
 166       -0.7500
 167       -0.3847
 168       -0.3539
 169       -0.0104
 170        0.0841
 171        0.1343
 172        0.5368
 173        0.6181
 174        0.6618
 175        1.1178
 176        1.7055
 177        1.7439
 178        2.1099
 179        2.2424
 180        2.2472
 181        2.2836
 182        2.4167
 183        2.8184
 184        3.2514
 185        3.3517
 186        3.9503
 187        4.0709
 188        4.2397
 189        4.4423
 190        4.5361
 191        4.6443
 192        5.1667
 193        5.2500
 194        5.4696
 195        5.6247
 196        5.6920
 197        5.9909
 198        5.9976
 199        6.1409
 200        6.2174
 201        6.6091
 202        6.6635
 203        6.8387
 204        6.8832
 205        7.0275
 206        7.1333
 207        7.5596
 208        7.7071
 209        7.7166
 210        7.7566
 211        7.7955
 212        8.3573
 
  0.4375000E+00  0.1875000E+00  0.6250000E-01  0.9375000E-01
   1       -4.0444
   2       -3.8053
   3       -3.3496
   4       -3.3339
   5       -3.3325
   6       -3.3140
   7       -3.3063
   8       -3.3015
   9       -3.2664
  10       -3.2601
  11       -3.2555
  12       -3.2533
  13       -3.2481
  14       -3.2466
  15       -3.2342
  16       -3.2149
  17       -3.2109
  18       -3.2106
  19       -3.1605
  20       -3.1495
  21       -3.1424
  22       -3.1087
  23       -3.1007
  24       -3.0637
  25       -3.0452
  26       -3.0356
  27       -3.0322
  28       -3.0164
  29       -3.0125
  30       -3.0123
  31       -3.0065
  32       -2.9471
  33       -2.9184
  34       -2.9182
  35       -2.9075
  36       -2.9003
  37       -2.8497
  38       -2.8329
  39       -2.8289
  40       -2.8285
  41       -2.7879
  42       -2.7841
  43       -2.7838
  44       -2.7770
  45       -2.7518
  46       -2.7243
  47       -2.7231
  48       -2.7141
  49       -2.7108
  50       -2.6926
  51       -2.6670
  52       -2.6487
  53       -2.6258
  54       -2.6147
  55       -2.6021
  56       -2.5920
  57       -2.5853
  58       -2.5812
  59       -2.5737
  60       -2.5508
  61       -2.5265
  62       -2.5121
  63       -2.4961
  64       -2.4759
  65       -2.4659
  66       -2.4468
  67       -2.4330
  68       -2.4305
  69       -2.4111
  70       -2.4099
  71       -2.4093
  72       -2.3834
  73       -2.3718
  74       -2.3602
  75       -2.3558
  76       -2.3466
  77       -2.3452
  78       -2.3370
  79       -2.3349
  80       -2.3323
  81       -2.3185
  82       -2.3176
  83       -2.3169
  84       -2.3102
  85       -2.2957
  86       -2.2893
  87       -2.2761
  88       -2.2726
  89       -2.2703
  90       -2.2212
  91       -2.2183
  92       -2.2090
  93       -2.0823
  94       -2.0751
  95       -2.0700
  96       -2.0588
  97       -1.9755
  98       -1.9601
  99       -1.9325
 100       -1.9113
 101       -1.9041
 102       -1.8998
 103       -1.8987
 104       -1.8971
 105       -1.8903
 106       -1.8817
 107       -1.8595
 108       -1.8485
 109       -1.8366
 110       -1.8318
 111       -1.8272
 112       -1.8147
 113       -1.8146
 114       -1.7802
 115       -1.7527
 116       -1.7502
 117       -1.7479
 118       -1.7442
 119       -1.7304
 120       -1.7274
 121       -1.7260
 122       -1.7098
 123       -1.7034
 124       -1.6740
 125       -1.6683
 126       -1.6359
 127       -1.6307
 128       -1.6112
 129       -1.6072
 130       -1.5925
 131       -1.5651
 132       -1.5632
 133       -1.5402
 134       -1.5301
 135       -1.5290
 136       -1.5108
 137       -1.5037
 138       -1.4806
 139       -1.4773
 140       -1.4493
 141       -1.4465
 142       -1.4388
 143       -1.4356
 144       -1.4303
 145       -1.4159
 146       -1.4142
 147       -1.4129
 148       -1.4128
 149       -1.3800
 150       -1.3641
 151       -1.3534
 152       -1.3490
 153       -1.3490
 154       -1.3432
 155       -1.3408
 156       -1.3369
 157       -1.3359
 158       -1.2949
 159       -1.2859
 160       -1.1931
 161       -1.1916
 162       -1.1905
 163       -1.1895
 164       -1.0429
 165       -0.9884
 166       -0.6947
 167       -0.5548
 168       -0.2334
 169       -0.0787
 170        0.1655
 171        0.2712
 172        0.3085
 173        0.6934
 174        0.7278
 175        0.8918
 176        1.4559
 177        1.8284
 178        1.9754
 179        2.3535
 180        2.4468
 181        2.4615
 182        3.0127
 183        3.2410
 184        3.5440
 185        3.5885
 186        3.8025
 187        3.9918
 188        4.0603
 189        4.3116
 190        4.3297
 191        4.6630
 192        4.7514
 193        4.8236
 194        5.1196
 195        5.3340
 196        5.8437
 197        5.9300
 198        6.1467
 199        6.2392
 200        6.2677
 201        6.4546
 202        6.6171
 203        6.6834
 204        6.7629
 205        6.9048
 206        6.9288
 207        6.9539
 208        7.4639
 209        7.6639
 210        7.8084
 211        8.0221
 212        8.3783
 
  0.3125000E+00  0.3125000E+00  0.6250000E-01  0.4687500E-01
   1       -4.1085
   2       -3.4460
   3       -3.4460
   4       -3.3898
   5       -3.3715
   6       -3.3531
   7       -3.3404
   8       -3.3404
   9       -3.2963
  10       -3.2963
  11       -3.2835
  12       -3.2835
  13       -3.2263
  14       -3.1473
  15       -3.1473
  16       -3.1438
  17       -3.1438
  18       -3.1437
  19       -3.1437
  20       -3.1222
  21       -3.1045
  22       -3.1045
  23       -3.0991
  24       -3.0873
  25       -3.0873
  26       -3.0622
  27       -3.0622
  28       -3.0505
  29       -3.0382
  30       -3.0025
  31       -3.0025
  32       -2.9905
  33       -2.9905
  34       -2.9883
  35       -2.9883
  36       -2.9078
  37       -2.9078
  38       -2.9017
  39       -2.9017
  40       -2.8976
  41       -2.8976
  42       -2.7854
  43       -2.7854
  44       -2.7665
  45       -2.7665
  46       -2.7235
  47       -2.7097
  48       -2.7097
  49       -2.6914
  50       -2.6914
  51       -2.6784
  52       -2.6784
  53       -2.6701
  54       -2.6495
  55       -2.6075
  56       -2.5875
  57       -2.5875
  58       -2.5431
  59       -2.5092
  60       -2.5092
  61       -2.5005
  62       -2.4641
  63       -2.4641
  64       -2.4587
  65       -2.4470
  66       -2.4470
  67       -2.3972
  68       -2.3972
  69       -2.3871
  70       -2.3842
  71       -2.3592
  72       -2.3531
  73       -2.3121
  74       -2.3000
  75       -2.3000
  76       -2.2937
  77       -2.2937
  78       -2.2849
  79       -2.2607
  80       -2.2607
  81       -2.2607
  82       -2.2607
  83       -2.2607
  84       -2.2409
  85       -2.2151
  86       -2.2151
  87       -2.1837
  88       -2.1837
  89       -2.1743
  90       -2.1743
  91       -2.1607
  92       -2.1607
  93       -2.1234
  94       -2.1076
  95       -2.1076
  96       -2.1072
  97       -2.0948
  98       -2.0948
  99       -2.0769
 100       -2.0769
 101       -2.0378
 102       -2.0378
 103       -2.0232
 104       -2.0046
 105       -2.0046
 106       -2.0019
 107       -1.9091
 108       -1.9091
 109       -1.8908
 110       -1.8908
 111       -1.8713
 112       -1.8356
 113       -1.8326
 114       -1.8326
 115       -1.7711
 116       -1.7288
 117       -1.7288
 118       -1.7045
 119       -1.6924
 120       -1.6924
 121       -1.6789
 122       -1.6789
 123       -1.6111
 124       -1.6111
 125       -1.6104
 126       -1.6063
 127       -1.6063
 128       -1.6009
 129       -1.6009
 130       -1.5992
 131       -1.5992
 132       -1.5680
 133       -1.5680
 134       -1.5443
 135       -1.5443
 136       -1.5442
 137       -1.5027
 138       -1.5027
 139       -1.4897
 140       -1.4691
 141       -1.4622
 142       -1.4285
 143       -1.4285
 144       -1.4259
 145       -1.4259
 146       -1.4199
 147       -1.4175
 148       -1.4175
 149       -1.3628
 150       -1.3628
 151       -1.3474
 152       -1.3044
 153       -1.3044
 154       -1.3000
 155       -1.2935
 156       -1.2935
 157       -1.2558
 158       -1.2558
 159       -1.2536
 160       -1.2536
 161       -1.2426
 162       -1.2426
 163       -1.2203
 164       -1.1412
 165       -1.0531
 166       -0.6812
 167       -0.3184
 168       -0.3184
 169        0.1703
 170        0.2026
 171        0.2026
 172        0.2307
 173        0.2307
 174        0.7728
 175        1.3009
 176        1.3009
 177        2.3844
 178        2.3844
 179        2.4830
 180        2.4830
 181        2.6627
 182        2.6627
 183        2.9143
 184        2.9143
 185        3.6088
 186        3.6088
 187        3.9918
 188        4.1983
 189        4.2950
 190        4.2950
 191        4.7925
 192        4.7925
 193        5.3291
 194        5.3291
 195        5.4550
 196        5.4550
 197        5.7204
 198        5.7204
 199        6.0892
 200        6.1899
 201        6.1899
 202        6.2372
 203        6.2372
 204        6.5502
 205        6.6265
 206        6.9018
 207        7.5700
 208        7.5873
 209        8.0714
 210        8.2315
 211        8.2677
 212        8.4173
 
  0.4375000E+00  0.3125000E+00  0.6250000E-01  0.9375000E-01
   1       -3.9265
   2       -3.6987
   3       -3.3350
   4       -3.3206
   5       -3.3188
   6       -3.2942
   7       -3.2811
   8       -3.2634
   9       -3.2529
  10       -3.2440
  11       -3.2428
  12       -3.2146
  13       -3.2146
  14       -3.2110
  15       -3.2022
  16       -3.1986
  17       -3.1777
  18       -3.1718
  19       -3.1678
  20       -3.1481
  21       -3.1418
  22       -3.1335
  23       -3.1296
  24       -3.1129
  25       -3.1127
  26       -3.1111
  27       -3.1025
  28       -3.1016
  29       -3.1013
  30       -3.0831
  31       -3.0183
  32       -3.0045
  33       -3.0037
  34       -2.9944
  35       -2.9625
  36       -2.9531
  37       -2.9456
  38       -2.9334
  39       -2.9199
  40       -2.8841
  41       -2.8827
  42       -2.8683
  43       -2.8092
  44       -2.8085
  45       -2.7753
  46       -2.7579
  47       -2.7302
  48       -2.7062
  49       -2.6893
  50       -2.6740
  51       -2.6630
  52       -2.6618
  53       -2.6389
  54       -2.6289
  55       -2.6256
  56       -2.5966
  57       -2.5812
  58       -2.5046
  59       -2.5016
  60       -2.5010
  61       -2.4989
  62       -2.4543
  63       -2.4539
  64       -2.4234
  65       -2.3696
  66       -2.3593
  67       -2.3548
  68       -2.3526
  69       -2.3454
  70       -2.3387
  71       -2.3368
  72       -2.3182
  73       -2.3173
  74       -2.3172
  75       -2.3034
  76       -2.2924
  77       -2.2835
  78       -2.2779
  79       -2.2775
  80       -2.2744
  81       -2.2716
  82       -2.2701
  83       -2.2616
  84       -2.2506
  85       -2.2368
  86       -2.2274
  87       -2.2246
  88       -2.1993
  89       -2.1774
  90       -2.1581
  91       -2.1578
  92       -2.1547
  93       -2.1435
  94       -2.1409
  95       -2.1360
  96       -2.0998
  97       -2.0818
  98       -2.0645
  99       -2.0205
 100       -2.0031
 101       -2.0012
 102       -1.9692
 103       -1.9684
 104       -1.9653
 105       -1.9510
 106       -1.9453
 107       -1.9230
 108       -1.9171
 109       -1.9023
 110       -1.8957
 111       -1.8897
 112       -1.8837
 113       -1.8683
 114       -1.8636
 115       -1.8598
 116       -1.7836
 117       -1.7766
 118       -1.7677
 119       -1.7572
 120       -1.7356
 121       -1.7220
 122       -1.6993
 123       -1.6794
 124       -1.6687
 125       -1.6374
 126       -1.6366
 127       -1.6126
 128       -1.6108
 129       -1.5996
 130       -1.5456
 131       -1.5245
 132       -1.5167
 133       -1.5092
 134       -1.4977
 135       -1.4870
 136       -1.4859
 137       -1.4731
 138       -1.4586
 139       -1.4505
 140       -1.4396
 141       -1.4311
 142       -1.4167
 143       -1.4066
 144       -1.4029
 145       -1.4010
 146       -1.3930
 147       -1.3728
 148       -1.3698
 149       -1.3697
 150       -1.3650
 151       -1.3618
 152       -1.3393
 153       -1.3318
 154       -1.3308
 155       -1.3278
 156       -1.3266
 157       -1.3264
 158       -1.3231
 159       -1.3061
 160       -1.2902
 161       -1.2510
 162       -1.2509
 163       -1.2475
 164       -1.2405
 165       -0.9360
 166       -0.6577
 167       -0.4518
 168       -0.2401
 169       -0.1543
 170       -0.0868
 171        0.3219
 172        0.5081
 173        0.5402
 174        0.8994
 175        0.9292
 176        1.6892
 177        2.0128
 178        2.5194
 179        2.6488
 180        2.7872
 181        2.8022
 182        3.0018
 183        3.0170
 184        3.1285
 185        3.1827
 186        3.6489
 187        3.9334
 188        4.3934
 189        4.4359
 190        4.5452
 191        4.6852
 192        4.7399
 193        4.9384
 194        4.9707
 195        5.0666
 196        5.3584
 197        5.4226
 198        5.4254
 199        5.5649
 200        5.7555
 201        5.8696
 202        6.1212
 203        6.6687
 204        6.7816
 205        6.8840
 206        7.3294
 207        7.5478
 208        7.5889
 209        7.6522
 210        7.9332
 211        8.1187
 212        8.4037
 
  0.4375000E+00  0.4375000E+00  0.6250000E-01  0.4687500E-01
   1       -3.7572
   2       -3.5484
   3       -3.5484
   4       -3.3678
   5       -3.2972
   6       -3.2800
   7       -3.2542
   8       -3.2352
   9       -3.2352
  10       -3.2176
  11       -3.2176
  12       -3.2079
  13       -3.2079
  14       -3.1986
  15       -3.1938
  16       -3.1938
  17       -3.1704
  18       -3.1617
  19       -3.1602
  20       -3.1602
  21       -3.1475
  22       -3.1475
  23       -3.1246
  24       -3.1246
  25       -3.1143
  26       -3.1143
  27       -3.0838
  28       -3.0838
  29       -3.0597
  30       -3.0597
  31       -3.0574
  32       -3.0574
  33       -3.0399
  34       -3.0399
  35       -3.0353
  36       -3.0353
  37       -3.0299
  38       -2.9781
  39       -2.9781
  40       -2.9665
  41       -2.9665
  42       -2.9192
  43       -2.9192
  44       -2.8110
  45       -2.7670
  46       -2.7670
  47       -2.7203
  48       -2.7203
  49       -2.7158
  50       -2.7158
  51       -2.6757
  52       -2.6757
  53       -2.6461
  54       -2.6351
  55       -2.6351
  56       -2.5974
  57       -2.5031
  58       -2.4919
  59       -2.4862
  60       -2.4862
  61       -2.4429
  62       -2.4310
  63       -2.4310
  64       -2.4097
  65       -2.3100
  66       -2.3051
  67       -2.3039
  68       -2.2918
  69       -2.2849
  70       -2.2697
  71       -2.2697
  72       -2.2598
  73       -2.2598
  74       -2.2578
  75       -2.2560
  76       -2.2550
  77       -2.2550
  78       -2.2280
  79       -2.2280
  80       -2.2244
  81       -2.2244
  82       -2.2184
  83       -2.2080
  84       -2.1741
  85       -2.1741
  86       -2.1463
  87       -2.1463
  88       -2.1456
  89       -2.1456
  90       -2.1442
  91       -2.1442
  92       -2.1424
  93       -2.1206
  94       -2.1206
  95       -2.1128
  96       -2.1128
  97       -2.0663
  98       -2.0657
  99       -2.0657
 100       -2.0569
 101       -2.0569
 102       -2.0334
 103       -2.0334
 104       -2.0168
 105       -1.9889
 106       -1.9889
 107       -1.9786
 108       -1.9786
 109       -1.9753
 110       -1.9685
 111       -1.9685
 112       -1.9610
 113       -1.9610
 114       -1.9439
 115       -1.9439
 116       -1.9381
 117       -1.9247
 118       -1.8627
 119       -1.8627
 120       -1.8096
 121       -1.7129
 122       -1.6856
 123       -1.6513
 124       -1.6513
 125       -1.5994
 126       -1.5994
 127       -1.5831
 128       -1.5595
 129       -1.5595
 130       -1.5229
 131       -1.5229
 132       -1.5098
 133       -1.5098
 134       -1.4703
 135       -1.4497
 136       -1.4497
 137       -1.4413
 138       -1.4413
 139       -1.4369
 140       -1.4239
 141       -1.4239
 142       -1.3945
 143       -1.3945
 144       -1.3886
 145       -1.3683
 146       -1.3682
 147       -1.3674
 148       -1.3674
 149       -1.3391
 150       -1.3391
 151       -1.3363
 152       -1.3363
 153       -1.3329
 154       -1.3329
 155       -1.3278
 156       -1.3255
 157       -1.3255
 158       -1.3222
 159       -1.3222
 160       -1.3208
 161       -1.3208
 162       -1.3143
 163       -1.3143
 164       -1.2845
 165       -0.8014
 166       -0.5654
 167       -0.5654
 168       -0.3807
 169       -0.2725
 170       -0.0130
 171       -0.0130
 172        0.2058
 173        1.2396
 174        1.2396
 175        1.6042
 176        1.6042
 177        2.0016
 178        2.0016
 179        2.3719
 180        2.3719
 181        3.2689
 182        3.2689
 183        3.3159
 184        3.3159
 185        3.6953
 186        3.6953
 187        4.0492
 188        4.0492
 189        4.4904
 190        4.4904
 191        4.6511
 192        4.6511
 193        4.8114
 194        4.8114
 195        4.8747
 196        5.0722
 197        5.0722
 198        5.2818
 199        5.2818
 200        5.3524
 201        5.6734
 202        6.0489
 203        6.0489
 204        6.6096
 205        7.4840
 206        7.5097
 207        7.5141
 208        7.5364
 209        7.6223
 210        8.0502
 211        8.2468
 212        8.3939
 
  0.1875000E+00  0.1875000E+00  0.1875000E+00  0.1562500E-01
   1       -4.2996
   2       -3.4553
   3       -3.4211
   4       -3.4211
   5       -3.4211
   6       -3.3860
   7       -3.3860
   8       -3.3860
   9       -3.3490
  10       -3.3490
  11       -3.3490
  12       -3.2597
  13       -3.2597
  14       -3.2597
  15       -3.1205
  16       -3.1205
  17       -3.1205
  18       -3.0230
  19       -3.0230
  20       -3.0230
  21       -3.0230
  22       -3.0230
  23       -3.0230
  24       -3.0208
  25       -3.0208
  26       -3.0208
  27       -3.0107
  28       -3.0107
  29       -3.0107
  30       -2.9665
  31       -2.9665
  32       -2.9665
  33       -2.9205
  34       -2.9205
  35       -2.9205
  36       -2.9205
  37       -2.9205
  38       -2.9205
  39       -2.8391
  40       -2.8391
  41       -2.8391
  42       -2.8391
  43       -2.8391
  44       -2.8391
  45       -2.7836
  46       -2.7836
  47       -2.7836
  48       -2.6211
  49       -2.6211
  50       -2.6211
  51       -2.6211
  52       -2.6211
  53       -2.6211
  54       -2.5999
  55       -2.5999
  56       -2.5999
  57       -2.5286
  58       -2.5286
  59       -2.5286
  60       -2.5245
  61       -2.5245
  62       -2.5245
  63       -2.5002
  64       -2.4452
  65       -2.4452
  66       -2.4199
  67       -2.4199
  68       -2.3931
  69       -2.3931
  70       -2.3931
  71       -2.3931
  72       -2.3931
  73       -2.3931
  74       -2.3860
  75       -2.3860
  76       -2.3860
  77       -2.3136
  78       -2.3136
  79       -2.3136
  80       -2.3136
  81       -2.3136
  82       -2.3136
  83       -2.2472
  84       -2.2472
  85       -2.2472
  86       -2.2250
  87       -2.2250
  88       -2.2250
  89       -2.1857
  90       -2.1857
  91       -2.1857
  92       -2.1695
  93       -2.1695
  94       -2.1695
  95       -2.1148
  96       -2.1148
  97       -2.1148
  98       -1.9993
  99       -1.9993
 100       -1.9993
 101       -1.9412
 102       -1.9412
 103       -1.9412
 104       -1.9412
 105       -1.9412
 106       -1.9412
 107       -1.9152
 108       -1.9152
 109       -1.9152
 110       -1.8425
 111       -1.8425
 112       -1.8425
 113       -1.8155
 114       -1.8155
 115       -1.8056
 116       -1.8056
 117       -1.8056
 118       -1.7250
 119       -1.7250
 120       -1.7250
 121       -1.7250
 122       -1.7250
 123       -1.7250
 124       -1.7069
 125       -1.7069
 126       -1.7069
 127       -1.6028
 128       -1.6028
 129       -1.6028
 130       -1.5688
 131       -1.5688
 132       -1.5688
 133       -1.5688
 134       -1.5688
 135       -1.5688
 136       -1.5593
 137       -1.5593
 138       -1.5593
 139       -1.5291
 140       -1.5291
 141       -1.5291
 142       -1.4163
 143       -1.4163
 144       -1.4163
 145       -1.3928
 146       -1.3928
 147       -1.3928
 148       -1.3670
 149       -1.3670
 150       -1.3477
 151       -1.3477
 152       -1.3477
 153       -1.2780
 154       -1.2780
 155       -1.2780
 156       -1.2189
 157       -1.2189
 158       -1.2189
 159       -1.2189
 160       -1.2189
 161       -1.2189
 162       -1.1917
 163       -1.1917
 164       -1.1917
 165       -0.5129
 166       -0.5129
 167       -0.5129
 168       -0.3915
 169       -0.3915
 170       -0.3915
 171        0.3942
 172        1.1389
 173        1.1389
 174        1.1389
 175        1.1389
 176        1.1389
 177        1.1389
 178        1.9863
 179        1.9863
 180        1.9863
 181        2.7513
 182        2.7513
 183        2.7513
 184        3.1315
 185        3.1315
 186        3.1315
 187        4.4960
 188        4.4960
 189        4.4960
 190        5.0146
 191        5.0146
 192        5.0146
 193        5.0146
 194        5.0146
 195        5.0146
 196        5.9401
 197        6.5580
 198        6.5580
 199        6.5583
 200        6.5922
 201        6.5922
 202        6.5922
 203        6.5922
 204        6.5923
 205        6.5926
 206        7.5169
 207        7.5305
 208        7.8564
 209        8.1432
 210        8.1684
 211        8.2199
 212        8.3735
 
  0.3125000E+00  0.1875000E+00  0.1875000E+00  0.4687500E-01
   1       -4.1721
   2       -3.4987
   3       -3.4253
   4       -3.3798
   5       -3.3798
   6       -3.3797
   7       -3.3365
   8       -3.3365
   9       -3.3167
  10       -3.3124
  11       -3.2823
  12       -3.2823
  13       -3.2156
  14       -3.2156
  15       -3.1883
  16       -3.1636
  17       -3.1259
  18       -3.1259
  19       -3.1080
  20       -3.1080
  21       -3.0976
  22       -3.0631
  23       -3.0631
  24       -3.0521
  25       -3.0521
  26       -3.0386
  27       -3.0271
  28       -3.0271
  29       -2.9971
  30       -2.9971
  31       -2.9839
  32       -2.9839
  33       -2.9705
  34       -2.9705
  35       -2.9632
  36       -2.9632
  37       -2.9234
  38       -2.9234
  39       -2.9042
  40       -2.9042
  41       -2.8264
  42       -2.8264
  43       -2.7893
  44       -2.7893
  45       -2.7229
  46       -2.7229
  47       -2.7056
  48       -2.6873
  49       -2.6873
  50       -2.6350
  51       -2.6104
  52       -2.6104
  53       -2.6037
  54       -2.6037
  55       -2.5990
  56       -2.5990
  57       -2.5665
  58       -2.5442
  59       -2.5442
  60       -2.5239
  61       -2.5217
  62       -2.5217
  63       -2.4601
  64       -2.4533
  65       -2.4533
  66       -2.4334
  67       -2.4255
  68       -2.4250
  69       -2.4250
  70       -2.3910
  71       -2.3879
  72       -2.3513
  73       -2.3513
  74       -2.3414
  75       -2.3414
  76       -2.3295
  77       -2.3078
  78       -2.3078
  79       -2.2823
  80       -2.2823
  81       -2.2763
  82       -2.2763
  83       -2.2643
  84       -2.2643
  85       -2.2561
  86       -2.2497
  87       -2.2497
  88       -2.2420
  89       -2.2025
  90       -2.1532
  91       -2.1532
  92       -2.1346
  93       -2.1346
  94       -2.1084
  95       -2.1084
  96       -2.1002
  97       -2.0851
  98       -2.0601
  99       -2.0601
 100       -2.0203
 101       -2.0203
 102       -1.9989
 103       -1.9411
 104       -1.9411
 105       -1.9013
 106       -1.9013
 107       -1.8632
 108       -1.8632
 109       -1.8610
 110       -1.8485
 111       -1.8441
 112       -1.8441
 113       -1.8368
 114       -1.8368
 115       -1.7916
 116       -1.7672
 117       -1.7600
 118       -1.7600
 119       -1.7321
 120       -1.7315
 121       -1.7315
 122       -1.6996
 123       -1.6825
 124       -1.6825
 125       -1.6816
 126       -1.6816
 127       -1.6789
 128       -1.6606
 129       -1.6472
 130       -1.6472
 131       -1.5264
 132       -1.5264
 133       -1.5037
 134       -1.5037
 135       -1.4976
 136       -1.4976
 137       -1.4796
 138       -1.4796
 139       -1.4685
 140       -1.4685
 141       -1.4672
 142       -1.4672
 143       -1.4565
 144       -1.4420
 145       -1.4381
 146       -1.4196
 147       -1.4196
 148       -1.4160
 149       -1.4151
 150       -1.4051
 151       -1.4051
 152       -1.3572
 153       -1.2938
 154       -1.2843
 155       -1.2843
 156       -1.2678
 157       -1.2678
 158       -1.2660
 159       -1.2660
 160       -1.2186
 161       -1.2168
 162       -1.2168
 163       -1.1997
 164       -1.1997
 165       -0.7525
 166       -0.7525
 167       -0.3716
 168       -0.2971
 169       -0.2971
 170        0.0340
 171        0.1103
 172        0.7083
 173        0.7083
 174        1.2271
 175        1.2271
 176        1.7599
 177        1.7599
 178        1.7988
 179        1.7988
 180        2.3685
 181        2.5415
 182        2.8395
 183        3.3704
 184        3.3704
 185        3.4069
 186        3.4069
 187        4.1531
 188        4.1531
 189        4.2640
 190        4.5368
 191        4.5368
 192        5.0166
 193        5.0166
 194        5.1882
 195        5.1882
 196        5.6713
 197        5.7253
 198        5.7253
 199        6.1305
 200        6.1306
 201        6.5757
 202        6.7676
 203        6.7682
 204        7.1094
 205        7.1193
 206        7.2403
 207        7.2427
 208        7.5600
 209        7.6688
 210        7.7010
 211        7.8733
 212        8.4599
 
  0.4375000E+00  0.1875000E+00  0.1875000E+00  0.4687500E-01
   1       -3.9873
   2       -3.7556
   3       -3.3669
   4       -3.3236
   5       -3.3149
   6       -3.3149
   7       -3.2796
   8       -3.2632
   9       -3.2632
  10       -3.2583
  11       -3.2566
  12       -3.2301
  13       -3.2283
  14       -3.2283
  15       -3.1913
  16       -3.1913
  17       -3.1831
  18       -3.1677
  19       -3.1677
  20       -3.1630
  21       -3.1630
  22       -3.1332
  23       -3.1107
  24       -3.1107
  25       -3.0824
  26       -3.0824
  27       -3.0754
  28       -3.0754
  29       -3.0271
  30       -3.0271
  31       -3.0261
  32       -3.0261
  33       -3.0169
  34       -3.0169
  35       -2.9385
  36       -2.9385
  37       -2.9079
  38       -2.9079
  39       -2.8151
  40       -2.8151
  41       -2.8022
  42       -2.8022
  43       -2.7552
  44       -2.7552
  45       -2.7255
  46       -2.7255
  47       -2.6953
  48       -2.6953
  49       -2.6593
  50       -2.6593
  51       -2.6380
  52       -2.6380
  53       -2.6328
  54       -2.6297
  55       -2.6028
  56       -2.5841
  57       -2.5841
  58       -2.5705
  59       -2.5635
  60       -2.5635
  61       -2.5565
  62       -2.5565
  63       -2.4370
  64       -2.4303
  65       -2.4204
  66       -2.4204
  67       -2.3914
  68       -2.3914
  69       -2.3865
  70       -2.3636
  71       -2.3636
  72       -2.3405
  73       -2.3389
  74       -2.3294
  75       -2.3270
  76       -2.3270
  77       -2.3258
  78       -2.3258
  79       -2.3010
  80       -2.3010
  81       -2.2927
  82       -2.2927
  83       -2.2806
  84       -2.2806
  85       -2.2799
  86       -2.2783
  87       -2.2578
  88       -2.2203
  89       -2.2203
  90       -2.2196
  91       -2.2196
  92       -2.1745
  93       -2.1504
  94       -2.1504
  95       -2.1454
  96       -2.1454
  97       -1.9732
  98       -1.9732
  99       -1.9536
 100       -1.9070
 101       -1.8950
 102       -1.8950
 103       -1.8868
 104       -1.8745
 105       -1.8745
 106       -1.8735
 107       -1.8735
 108       -1.8537
 109       -1.8537
 110       -1.8277
 111       -1.8277
 112       -1.8118
 113       -1.8114
 114       -1.8114
 115       -1.7983
 116       -1.7983
 117       -1.7924
 118       -1.7924
 119       -1.7673
 120       -1.7568
 121       -1.7540
 122       -1.7540
 123       -1.7307
 124       -1.7307
 125       -1.7126
 126       -1.6874
 127       -1.6874
 128       -1.6302
 129       -1.6247
 130       -1.6001
 131       -1.5612
 132       -1.5612
 133       -1.5556
 134       -1.5252
 135       -1.5125
 136       -1.5110
 137       -1.4826
 138       -1.4826
 139       -1.4745
 140       -1.4745
 141       -1.4292
 142       -1.4292
 143       -1.4000
 144       -1.4000
 145       -1.3998
 146       -1.3998
 147       -1.3872
 148       -1.3813
 149       -1.3813
 150       -1.3312
 151       -1.3307
 152       -1.3307
 153       -1.3282
 154       -1.3282
 155       -1.3188
 156       -1.3188
 157       -1.3033
 158       -1.2973
 159       -1.2973
 160       -1.2565
 161       -1.2132
 162       -1.2132
 163       -1.2075
 164       -1.2075
 165       -1.0507
 166       -1.0507
 167       -0.3193
 168       -0.1987
 169       -0.0123
 170       -0.0123
 171        0.3248
 172        0.3248
 173        0.8134
 174        1.3618
 175        1.3618
 176        1.5423
 177        1.5423
 178        1.5755
 179        2.5265
 180        2.5265
 181        2.8911
 182        2.9280
 183        3.3150
 184        3.3150
 185        3.6985
 186        3.6985
 187        4.0934
 188        4.0934
 189        4.1232
 190        4.1232
 191        4.3627
 192        4.8955
 193        4.8978
 194        4.8978
 195        5.4382
 196        5.4382
 197        5.6686
 198        5.6686
 199        5.7551
 200        5.7551
 201        6.4152
 202        6.4154
 203        7.0114
 204        7.0155
 205        7.2825
 206        7.3227
 207        7.3354
 208        7.4924
 209        7.4998
 210        7.5908
 211        7.6935
 212        8.4717
 
  0.3125000E+00  0.3125000E+00  0.1875000E+00  0.4687500E-01
   1       -4.0509
   2       -3.4264
   3       -3.4264
   4       -3.4077
   5       -3.3535
   6       -3.3418
   7       -3.3418
   8       -3.3013
   9       -3.2689
  10       -3.2689
  11       -3.2435
  12       -3.2435
  13       -3.2219
  14       -3.2061
  15       -3.1907
  16       -3.1907
  17       -3.1679
  18       -3.1679
  19       -3.1394
  20       -3.1339
  21       -3.1339
  22       -3.1242
  23       -3.0923
  24       -3.0923
  25       -3.0775
  26       -3.0775
  27       -3.0572
  28       -3.0403
  29       -3.0403
  30       -3.0168
  31       -3.0168
  32       -3.0158
  33       -3.0158
  34       -3.0040
  35       -3.0040
  36       -2.9850
  37       -2.9850
  38       -2.9314
  39       -2.9314
  40       -2.8872
  41       -2.8872
  42       -2.8218
  43       -2.7852
  44       -2.7852
  45       -2.7067
  46       -2.7067
  47       -2.6681
  48       -2.6681
  49       -2.6632
  50       -2.6632
  51       -2.6523
  52       -2.6523
  53       -2.6328
  54       -2.6077
  55       -2.5887
  56       -2.5887
  57       -2.5766
  58       -2.5766
  59       -2.5472
  60       -2.5286
  61       -2.5282
  62       -2.4337
  63       -2.4337
  64       -2.4242
  65       -2.4024
  66       -2.3992
  67       -2.3992
  68       -2.3762
  69       -2.3630
  70       -2.3174
  71       -2.3174
  72       -2.3171
  73       -2.3171
  74       -2.3120
  75       -2.3016
  76       -2.2843
  77       -2.2843
  78       -2.2784
  79       -2.2784
  80       -2.2696
  81       -2.2696
  82       -2.2623
  83       -2.2623
  84       -2.2397
  85       -2.2269
  86       -2.2139
  87       -2.2139
  88       -2.2032
  89       -2.1812
  90       -2.1722
  91       -2.1722
  92       -2.1570
  93       -2.1570
  94       -2.1223
  95       -2.1223
  96       -2.1216
  97       -2.0851
  98       -2.0851
  99       -2.0249
 100       -2.0249
 101       -2.0099
 102       -2.0099
 103       -1.9639
 104       -1.9639
 105       -1.9317
 106       -1.9251
 107       -1.9251
 108       -1.9050
 109       -1.8917
 110       -1.8525
 111       -1.8213
 112       -1.8213
 113       -1.8108
 114       -1.8108
 115       -1.8033
 116       -1.7951
 117       -1.7951
 118       -1.7897
 119       -1.7897
 120       -1.7878
 121       -1.7277
 122       -1.7277
 123       -1.7222
 124       -1.7222
 125       -1.6934
 126       -1.6934
 127       -1.6530
 128       -1.6530
 129       -1.6182
 130       -1.6182
 131       -1.5821
 132       -1.5821
 133       -1.5791
 134       -1.5628
 135       -1.5313
 136       -1.4998
 137       -1.4926
 138       -1.4600
 139       -1.4600
 140       -1.4447
 141       -1.4447
 142       -1.4269
 143       -1.4208
 144       -1.4208
 145       -1.4136
 146       -1.4072
 147       -1.4072
 148       -1.3996
 149       -1.3996
 150       -1.3567
 151       -1.3442
 152       -1.3442
 153       -1.2866
 154       -1.2866
 155       -1.2850
 156       -1.2850
 157       -1.2733
 158       -1.2617
 159       -1.2617
 160       -1.2591
 161       -1.2591
 162       -1.2215
 163       -1.2215
 164       -1.2173
 165       -1.0662
 166       -0.7500
 167       -0.7500
 168       -0.3625
 169       -0.1241
 170        0.3295
 171        0.3295
 172        0.8046
 173        0.8046
 174        1.3607
 175        1.3607
 176        1.4371
 177        1.9068
 178        1.9068
 179        2.4436
 180        2.4436
 181        2.5951
 182        2.5951
 183        3.4955
 184        3.4955
 185        3.5959
 186        3.6956
 187        3.6956
 188        4.0512
 189        4.3107
 190        4.3107
 191        4.6463
 192        4.6463
 193        4.7197
 194        4.7197
 195        5.2579
 196        5.2579
 197        5.6109
 198        5.6967
 199        5.8848
 200        5.8848
 201        6.3061
 202        6.3061
 203        6.8058
 204        6.8060
 205        7.2230
 206        7.3367
 207        7.3437
 208        7.5548
 209        7.8705
 210        8.2187
 211        8.3758
 212        8.4547
 
  0.4375000E+00  0.3125000E+00  0.1875000E+00  0.9375000E-01
   1       -3.8763
   2       -3.6605
   3       -3.3634
   4       -3.3325
   5       -3.3027
   6       -3.2912
   7       -3.2905
   8       -3.2796
   9       -3.2457
  10       -3.2321
  11       -3.2310
  12       -3.2285
  13       -3.2207
  14       -3.2101
  15       -3.2017
  16       -3.1950
  17       -3.1903
  18       -3.1846
  19       -3.1706
  20       -3.1518
  21       -3.1259
  22       -3.1249
  23       -3.1214
  24       -3.1166
  25       -3.1094
  26       -3.1092
  27       -3.1072
  28       -3.1037
  29       -3.1004
  30       -3.0624
  31       -3.0519
  32       -3.0444
  33       -3.0352
  34       -3.0225
  35       -3.0140
  36       -2.9993
  37       -2.9909
  38       -2.9870
  39       -2.9160
  40       -2.8788
  41       -2.8046
  42       -2.8028
  43       -2.7984
  44       -2.7678
  45       -2.7362
  46       -2.7273
  47       -2.7101
  48       -2.7071
  49       -2.6885
  50       -2.6544
  51       -2.6432
  52       -2.6286
  53       -2.6154
  54       -2.6108
  55       -2.6071
  56       -2.6050
  57       -2.5636
  58       -2.5570
  59       -2.5554
  60       -2.5538
  61       -2.4707
  62       -2.4163
  63       -2.4140
  64       -2.4123
  65       -2.3701
  66       -2.3375
  67       -2.3365
  68       -2.3277
  69       -2.3242
  70       -2.3228
  71       -2.3200
  72       -2.3111
  73       -2.3098
  74       -2.2829
  75       -2.2823
  76       -2.2822
  77       -2.2815
  78       -2.2709
  79       -2.2703
  80       -2.2643
  81       -2.2489
  82       -2.2459
  83       -2.2238
  84       -2.2177
  85       -2.2162
  86       -2.2133
  87       -2.2126
  88       -2.2126
  89       -2.2096
  90       -2.2026
  91       -2.2017
  92       -2.1897
  93       -2.1804
  94       -2.1483
  95       -2.1154
  96       -2.1036
  97       -2.0545
  98       -2.0348
  99       -2.0181
 100       -1.9961
 101       -1.9752
 102       -1.9724
 103       -1.9486
 104       -1.9446
 105       -1.9267
 106       -1.9263
 107       -1.9137
 108       -1.8976
 109       -1.8886
 110       -1.8855
 111       -1.8788
 112       -1.8722
 113       -1.8660
 114       -1.8436
 115       -1.8367
 116       -1.8266
 117       -1.7965
 118       -1.7722
 119       -1.7702
 120       -1.7567
 121       -1.7500
 122       -1.7461
 123       -1.7374
 124       -1.7337
 125       -1.6932
 126       -1.6810
 127       -1.6799
 128       -1.6749
 129       -1.6623
 130       -1.6228
 131       -1.6205
 132       -1.5995
 133       -1.5954
 134       -1.5733
 135       -1.5558
 136       -1.5304
 137       -1.5070
 138       -1.4932
 139       -1.4774
 140       -1.4014
 141       -1.3765
 142       -1.3752
 143       -1.3742
 144       -1.3632
 145       -1.3584
 146       -1.3504
 147       -1.3504
 148       -1.3496
 149       -1.3399
 150       -1.3371
 151       -1.3175
 152       -1.3169
 153       -1.3135
 154       -1.3132
 155       -1.3084
 156       -1.3080
 157       -1.3061
 158       -1.2983
 159       -1.2932
 160       -1.2902
 161       -1.2524
 162       -1.2511
 163       -1.2484
 164       -1.2358
 165       -1.2346
 166       -1.0578
 167       -0.7206
 168       -0.6130
 169        0.1245
 170        0.4365
 171        0.6210
 172        0.9559
 173        0.9675
 174        1.0336
 175        1.1666
 176        1.7973
 177        2.0626
 178        2.0832
 179        2.2532
 180        2.6519
 181        2.8663
 182        2.9045
 183        3.1093
 184        3.2763
 185        3.4565
 186        3.5040
 187        3.9087
 188        4.1930
 189        4.2888
 190        4.4156
 191        4.5097
 192        4.5760
 193        4.7508
 194        4.9204
 195        4.9797
 196        5.0835
 197        5.2522
 198        5.3130
 199        5.5101
 200        5.9853
 201        6.1234
 202        6.2917
 203        6.4325
 204        6.8914
 205        7.0466
 206        7.3740
 207        7.6103
 208        7.9219
 209        7.9864
 210        8.0537
 211        8.3470
 212        8.8779
 
  0.4375000E+00  0.4375000E+00  0.1875000E+00  0.4687500E-01
   1       -3.7192
   2       -3.5300
   3       -3.5300
   4       -3.3799
   5       -3.3370
   6       -3.2862
   7       -3.2862
   8       -3.2667
   9       -3.2628
  10       -3.2329
  11       -3.2329
  12       -3.2136
  13       -3.2073
  14       -3.2073
  15       -3.1797
  16       -3.1797
  17       -3.1663
  18       -3.1663
  19       -3.1644
  20       -3.1523
  21       -3.1523
  22       -3.1510
  23       -3.1362
  24       -3.1362
  25       -3.1064
  26       -3.1064
  27       -3.0914
  28       -3.0914
  29       -3.0765
  30       -3.0765
  31       -3.0689
  32       -3.0689
  33       -3.0349
  34       -3.0349
  35       -3.0111
  36       -3.0111
  37       -3.0099
  38       -2.9847
  39       -2.9847
  40       -2.9036
  41       -2.9036
  42       -2.9017
  43       -2.9017
  44       -2.7987
  45       -2.7287
  46       -2.7287
  47       -2.6951
  48       -2.6951
  49       -2.6890
  50       -2.6890
  51       -2.6608
  52       -2.6608
  53       -2.6159
  54       -2.5752
  55       -2.5752
  56       -2.5639
  57       -2.5639
  58       -2.5574
  59       -2.5558
  60       -2.5501
  61       -2.4031
  62       -2.3941
  63       -2.3941
  64       -2.3787
  65       -2.3374
  66       -2.3174
  67       -2.2991
  68       -2.2970
  69       -2.2970
  70       -2.2762
  71       -2.2762
  72       -2.2740
  73       -2.2740
  74       -2.2598
  75       -2.2556
  76       -2.2543
  77       -2.2502
  78       -2.2315
  79       -2.2315
  80       -2.2249
  81       -2.2160
  82       -2.2160
  83       -2.1917
  84       -2.1915
  85       -2.1915
  86       -2.1686
  87       -2.1686
  88       -2.1388
  89       -2.1388
  90       -2.1362
  91       -2.1362
  92       -2.0982
  93       -2.0982
  94       -2.0770
  95       -2.0755
  96       -2.0668
  97       -2.0668
  98       -2.0649
  99       -2.0530
 100       -2.0530
 101       -2.0270
 102       -2.0270
 103       -2.0176
 104       -2.0176
 105       -1.9957
 106       -1.9957
 107       -1.9851
 108       -1.9851
 109       -1.9848
 110       -1.9848
 111       -1.9327
 112       -1.9327
 113       -1.9183
 114       -1.8980
 115       -1.8980
 116       -1.8929
 117       -1.8717
 118       -1.8717
 119       -1.8487
 120       -1.8387
 121       -1.7646
 122       -1.7032
 123       -1.6937
 124       -1.6937
 125       -1.6816
 126       -1.6816
 127       -1.6457
 128       -1.6457
 129       -1.6292
 130       -1.6186
 131       -1.6186
 132       -1.6128
 133       -1.6128
 134       -1.5628
 135       -1.5628
 136       -1.5352
 137       -1.5352
 138       -1.5148
 139       -1.4908
 140       -1.4639
 141       -1.3423
 142       -1.3423
 143       -1.3379
 144       -1.3223
 145       -1.3223
 146       -1.3145
 147       -1.3145
 148       -1.3118
 149       -1.3117
 150       -1.3117
 151       -1.3106
 152       -1.3106
 153       -1.3097
 154       -1.3097
 155       -1.3005
 156       -1.3005
 157       -1.2951
 158       -1.2951
 159       -1.2923
 160       -1.2923
 161       -1.2842
 162       -1.2687
 163       -1.2687
 164       -1.2668
 165       -1.2425
 166       -1.0334
 167       -1.0334
 168       -0.9018
 169        0.3336
 170        0.6122
 171        0.6122
 172        0.8556
 173        1.3295
 174        1.3295
 175        1.6829
 176        1.6829
 177        2.0980
 178        2.0980
 179        2.4585
 180        2.4585
 181        2.8256
 182        2.8256
 183        3.0151
 184        3.0151
 185        3.6455
 186        3.6455
 187        3.7884
 188        3.7884
 189        4.2032
 190        4.5652
 191        4.5652
 192        4.6693
 193        4.6693
 194        4.9062
 195        4.9062
 196        4.9068
 197        5.3117
 198        5.3117
 199        5.4378
 200        5.6158
 201        5.6158
 202        6.1574
 203        6.1574
 204        6.8173
 205        6.9821
 206        7.7418
 207        7.7572
 208        8.2287
 209        8.2625
 210        8.3402
 211        8.4925
 212        8.5666
 
  0.3125000E+00  0.3125000E+00  0.3125000E+00  0.1562500E-01
   1       -3.9390
   2       -3.4037
   3       -3.3909
   4       -3.3909
   5       -3.3909
   6       -3.3199
   7       -3.3199
   8       -3.3199
   9       -3.2419
  10       -3.2419
  11       -3.2419
  12       -3.2396
  13       -3.2396
  14       -3.2396
  15       -3.1705
  16       -3.1705
  17       -3.1705
  18       -3.1650
  19       -3.1650
  20       -3.1650
  21       -3.1113
  22       -3.1113
  23       -3.1113
  24       -3.1113
  25       -3.1113
  26       -3.1113
  27       -3.0775
  28       -3.0775
  29       -3.0775
  30       -3.0658
  31       -3.0658
  32       -3.0658
  33       -3.0658
  34       -3.0658
  35       -3.0658
  36       -2.9254
  37       -2.9254
  38       -2.9254
  39       -2.8567
  40       -2.8567
  41       -2.8567
  42       -2.8567
  43       -2.8567
  44       -2.8567
  45       -2.6592
  46       -2.6592
  47       -2.6592
  48       -2.6592
  49       -2.6592
  50       -2.6592
  51       -2.6563
  52       -2.6563
  53       -2.6563
  54       -2.5940
  55       -2.5940
  56       -2.5940
  57       -2.5744
  58       -2.5744
  59       -2.5744
  60       -2.5113
  61       -2.4136
  62       -2.4136
  63       -2.4136
  64       -2.3985
  65       -2.3985
  66       -2.3594
  67       -2.3594
  68       -2.3090
  69       -2.3090
  70       -2.3090
  71       -2.3090
  72       -2.3090
  73       -2.3090
  74       -2.2845
  75       -2.2845
  76       -2.2845
  77       -2.2758
  78       -2.2758
  79       -2.2758
  80       -2.2438
  81       -2.2438
  82       -2.2438
  83       -2.2345
  84       -2.2345
  85       -2.2345
  86       -2.1693
  87       -2.1693
  88       -2.1693
  89       -2.1693
  90       -2.1693
  91       -2.1693
  92       -2.1691
  93       -2.1691
  94       -2.1691
  95       -2.0935
  96       -2.0935
  97       -2.0935
  98       -1.9878
  99       -1.9878
 100       -1.9878
 101       -1.9753
 102       -1.9753
 103       -1.9753
 104       -1.9305
 105       -1.9305
 106       -1.9305
 107       -1.9305
 108       -1.9305
 109       -1.9305
 110       -1.9015
 111       -1.9015
 112       -1.9015
 113       -1.8358
 114       -1.8358
 115       -1.8358
 116       -1.8165
 117       -1.8165
 118       -1.7988
 119       -1.7988
 120       -1.7988
 121       -1.7265
 122       -1.7265
 123       -1.7265
 124       -1.7265
 125       -1.7265
 126       -1.7265
 127       -1.7255
 128       -1.7255
 129       -1.7255
 130       -1.6464
 131       -1.6464
 132       -1.6464
 133       -1.6356
 134       -1.6356
 135       -1.6356
 136       -1.5648
 137       -1.5648
 138       -1.5648
 139       -1.4955
 140       -1.4955
 141       -1.3709
 142       -1.3709
 143       -1.3709
 144       -1.3601
 145       -1.3601
 146       -1.3601
 147       -1.3601
 148       -1.3601
 149       -1.3601
 150       -1.3030
 151       -1.3030
 152       -1.3030
 153       -1.2729
 154       -1.2729
 155       -1.2729
 156       -1.2729
 157       -1.2729
 158       -1.2729
 159       -1.2683
 160       -1.2683
 161       -1.2683
 162       -1.2196
 163       -1.2196
 164       -1.2196
 165       -1.0884
 166       -1.0884
 167       -1.0884
 168       -0.8001
 169        0.5173
 170        0.5173
 171        0.5173
 172        1.4797
 173        1.4797
 174        1.4797
 175        1.4797
 176        1.4797
 177        1.4797
 178        2.1576
 179        2.1576
 180        2.1576
 181        2.8068
 182        2.8068
 183        2.8068
 184        3.8629
 185        3.8629
 186        3.8629
 187        3.8629
 188        3.8629
 189        3.8629
 190        4.1072
 191        4.1072
 192        4.1072
 193        4.8733
 194        4.8733
 195        4.8733
 196        5.1955
 197        5.1955
 198        5.1955
 199        6.4815
 200        6.4815
 201        6.4815
 202        6.4815
 203        6.4815
 204        6.4816
 205        7.4261
 206        7.4261
 207        7.4261
 208        7.4289
 209        7.4300
 210        7.5134
 211        8.1121
 212        9.2271
 
  0.4375000E+00  0.3125000E+00  0.3125000E+00  0.4687500E-01
   1       -3.7804
   2       -3.5896
   3       -3.3756
   4       -3.3452
   5       -3.3452
   6       -3.3219
   7       -3.2944
   8       -3.2944
   9       -3.2749
  10       -3.2732
  11       -3.2732
  12       -3.2233
  13       -3.2028
  14       -3.2028
  15       -3.1956
  16       -3.1956
  17       -3.1752
  18       -3.1519
  19       -3.1519
  20       -3.1372
  21       -3.1372
  22       -3.1178
  23       -3.1152
  24       -3.1152
  25       -3.1151
  26       -3.1151
  27       -3.1036
  28       -3.1036
  29       -3.1030
  30       -3.0872
  31       -3.0872
  32       -3.0700
  33       -3.0700
  34       -3.0678
  35       -3.0678
  36       -3.0217
  37       -2.9601
  38       -2.9601
  39       -2.8214
  40       -2.8214
  41       -2.8078
  42       -2.8078
  43       -2.7765
  44       -2.7765
  45       -2.7402
  46       -2.7402
  47       -2.7207
  48       -2.7207
  49       -2.7032
  50       -2.7032
  51       -2.6574
  52       -2.6339
  53       -2.6275
  54       -2.6275
  55       -2.6065
  56       -2.6065
  57       -2.5398
  58       -2.5139
  59       -2.4664
  60       -2.4664
  61       -2.4115
  62       -2.4115
  63       -2.3830
  64       -2.3817
  65       -2.3754
  66       -2.3340
  67       -2.3325
  68       -2.3299
  69       -2.2942
  70       -2.2896
  71       -2.2835
  72       -2.2835
  73       -2.2781
  74       -2.2781
  75       -2.2743
  76       -2.2743
  77       -2.2610
  78       -2.2610
  79       -2.2405
  80       -2.2405
  81       -2.2239
  82       -2.2239
  83       -2.2012
  84       -2.2012
  85       -2.1962
  86       -2.1962
  87       -2.1770
  88       -2.1770
  89       -2.1697
  90       -2.1697
  91       -2.1680
  92       -2.1680
  93       -2.1547
  94       -2.1149
  95       -2.1149
  96       -2.0863
  97       -2.0663
  98       -2.0293
  99       -2.0293
 100       -2.0158
 101       -2.0158
 102       -1.9964
 103       -1.9906
 104       -1.9906
 105       -1.9043
 106       -1.9043
 107       -1.9039
 108       -1.9039
 109       -1.8795
 110       -1.8795
 111       -1.8577
 112       -1.8507
 113       -1.8507
 114       -1.8440
 115       -1.8435
 116       -1.8330
 117       -1.8161
 118       -1.8161
 119       -1.8067
 120       -1.8067
 121       -1.7807
 122       -1.7807
 123       -1.7802
 124       -1.7802
 125       -1.7661
 126       -1.7414
 127       -1.7394
 128       -1.7299
 129       -1.7299
 130       -1.7046
 131       -1.6922
 132       -1.6647
 133       -1.6647
 134       -1.6472
 135       -1.6138
 136       -1.6138
 137       -1.5917
 138       -1.5897
 139       -1.5322
 140       -1.5322
 141       -1.3429
 142       -1.3429
 143       -1.3314
 144       -1.3314
 145       -1.3217
 146       -1.3217
 147       -1.3204
 148       -1.3179
 149       -1.3179
 150       -1.3013
 151       -1.3013
 152       -1.2985
 153       -1.2985
 154       -1.2972
 155       -1.2972
 156       -1.2904
 157       -1.2904
 158       -1.2847
 159       -1.2712
 160       -1.2712
 161       -1.2613
 162       -1.2537
 163       -1.2537
 164       -1.2335
 165       -1.2334
 166       -1.2334
 167       -1.1053
 168       -1.0562
 169        0.7795
 170        0.7795
 171        1.1030
 172        1.1030
 173        1.2304
 174        1.6562
 175        1.6562
 176        1.8858
 177        1.8858
 178        2.0010
 179        2.2206
 180        2.2206
 181        2.9248
 182        3.0193
 183        3.0193
 184        3.0998
 185        3.0998
 186        3.4564
 187        3.4564
 188        3.6962
 189        4.0981
 190        4.0981
 191        4.3542
 192        4.3542
 193        4.6238
 194        4.8522
 195        4.9649
 196        4.9649
 197        5.6746
 198        5.6746
 199        5.8595
 200        5.8595
 201        6.6077
 202        6.6078
 203        6.7286
 204        6.7286
 205        7.0452
 206        7.0461
 207        7.1108
 208        7.1110
 209        7.7503
 210        7.8047
 211        8.1652
 212        8.5193
 
  0.4375000E+00  0.4375000E+00  0.3125000E+00  0.4687500E-01
   1       -3.6484
   2       -3.4961
   3       -3.4961
   4       -3.3932
   5       -3.3691
   6       -3.3497
   7       -3.3419
   8       -3.3419
   9       -3.2430
  10       -3.2346
  11       -3.2346
  12       -3.1922
  13       -3.1922
  14       -3.1898
  15       -3.1898
  16       -3.1808
  17       -3.1712
  18       -3.1712
  19       -3.1611
  20       -3.1563
  21       -3.1546
  22       -3.1546
  23       -3.1510
  24       -3.1510
  25       -3.1399
  26       -3.1399
  27       -3.1192
  28       -3.1192
  29       -3.1160
  30       -3.1160
  31       -3.1095
  32       -3.1095
  33       -3.0048
  34       -3.0048
  35       -2.9691
  36       -2.9216
  37       -2.9216
  38       -2.8999
  39       -2.8999
  40       -2.8658
  41       -2.8658
  42       -2.8190
  43       -2.8190
  44       -2.7729
  45       -2.7402
  46       -2.7402
  47       -2.7262
  48       -2.6890
  49       -2.6890
  50       -2.6865
  51       -2.6865
  52       -2.6531
  53       -2.6531
  54       -2.6527
  55       -2.6527
  56       -2.6145
  57       -2.4720
  58       -2.4602
  59       -2.4602
  60       -2.4151
  61       -2.3717
  62       -2.3675
  63       -2.3660
  64       -2.3660
  65       -2.3523
  66       -2.3258
  67       -2.3218
  68       -2.3218
  69       -2.3127
  70       -2.3012
  71       -2.3012
  72       -2.2970
  73       -2.2966
  74       -2.2796
  75       -2.2796
  76       -2.2280
  77       -2.1985
  78       -2.1985
  79       -2.1968
  80       -2.1878
  81       -2.1878
  82       -2.1872
  83       -2.1872
  84       -2.1575
  85       -2.1575
  86       -2.1443
  87       -2.1399
  88       -2.1399
  89       -2.1196
  90       -2.1196
  91       -2.1145
  92       -2.1093
  93       -2.0943
  94       -2.0711
  95       -2.0711
  96       -2.0514
  97       -2.0514
  98       -2.0287
  99       -2.0287
 100       -2.0215
 101       -2.0215
 102       -2.0035
 103       -2.0035
 104       -1.9982
 105       -1.9982
 106       -1.9891
 107       -1.9891
 108       -1.9781
 109       -1.9647
 110       -1.9647
 111       -1.8982
 112       -1.8982
 113       -1.8936
 114       -1.8890
 115       -1.8890
 116       -1.8448
 117       -1.8365
 118       -1.8344
 119       -1.8229
 120       -1.8229
 121       -1.8133
 122       -1.8133
 123       -1.7828
 124       -1.7828
 125       -1.7634
 126       -1.7634
 127       -1.7601
 128       -1.7343
 129       -1.7308
 130       -1.7308
 131       -1.7038
 132       -1.6918
 133       -1.6918
 134       -1.6556
 135       -1.6556
 136       -1.6539
 137       -1.6539
 138       -1.5982
 139       -1.5729
 140       -1.5503
 141       -1.5308
 142       -1.3852
 143       -1.3852
 144       -1.3541
 145       -1.2996
 146       -1.2949
 147       -1.2949
 148       -1.2847
 149       -1.2847
 150       -1.2835
 151       -1.2835
 152       -1.2834
 153       -1.2834
 154       -1.2746
 155       -1.2746
 156       -1.2735
 157       -1.2735
 158       -1.2716
 159       -1.2716
 160       -1.2706
 161       -1.2633
 162       -1.2633
 163       -1.2619
 164       -1.2619
 165       -1.2597
 166       -1.2476
 167       -1.2407
 168       -1.2407
 169        1.0096
 170        1.3039
 171        1.3039
 172        1.5028
 173        1.5028
 174        1.5666
 175        1.8360
 176        1.8360
 177        2.2825
 178        2.2825
 179        2.4179
 180        2.4179
 181        2.6257
 182        2.6257
 183        2.6623
 184        2.6623
 185        3.2351
 186        3.2351
 187        3.3736
 188        3.4912
 189        3.4912
 190        3.7109
 191        3.7109
 192        4.0245
 193        5.1854
 194        5.1854
 195        5.4889
 196        5.4889
 197        5.6037
 198        5.9165
 199        5.9165
 200        6.2295
 201        6.2295
 202        6.3332
 203        6.3332
 204        6.5416
 205        7.0394
 206        7.2972
 207        7.3222
 208        7.3849
 209        7.4407
 210        7.7917
 211        7.9388
 212        8.0861
 
  0.4375000E+00  0.4375000E+00  0.4375000E+00  0.1562500E-01
   1       -3.5546
   2       -3.4507
   3       -3.4507
   4       -3.4507
   5       -3.3980
   6       -3.3980
   7       -3.3980
   8       -3.3901
   9       -3.2136
  10       -3.2136
  11       -3.2136
  12       -3.1842
  13       -3.1842
  14       -3.1842
  15       -3.1711
  16       -3.1711
  17       -3.1711
  18       -3.1711
  19       -3.1711
  20       -3.1711
  21       -3.1601
  22       -3.1601
  23       -3.1601
  24       -3.1574
  25       -3.1574
  26       -3.1574
  27       -3.1574
  28       -3.1574
  29       -3.1574
  30       -3.1528
  31       -3.1528
  32       -3.1528
  33       -2.9072
  34       -2.9072
  35       -2.9072
  36       -2.8251
  37       -2.8251
  38       -2.8251
  39       -2.8109
  40       -2.8109
  41       -2.8109
  42       -2.8109
  43       -2.8109
  44       -2.8109
  45       -2.7382
  46       -2.7382
  47       -2.7382
  48       -2.7382
  49       -2.7382
  50       -2.7382
  51       -2.7322
  52       -2.7322
  53       -2.7322
  54       -2.6778
  55       -2.6778
  56       -2.6778
  57       -2.3537
  58       -2.3513
  59       -2.3513
  60       -2.3513
  61       -2.3495
  62       -2.3495
  63       -2.3453
  64       -2.3453
  65       -2.3453
  66       -2.3302
  67       -2.3302
  68       -2.3302
  69       -2.3281
  70       -2.3281
  71       -2.3194
  72       -2.3194
  73       -2.3194
  74       -2.2292
  75       -2.2292
  76       -2.2292
  77       -2.1405
  78       -2.1405
  79       -2.1405
  80       -2.1405
  81       -2.1405
  82       -2.1405
  83       -2.1192
  84       -2.1192
  85       -2.1192
  86       -2.1113
  87       -2.1113
  88       -2.1113
  89       -2.0838
  90       -2.0838
  91       -2.0838
  92       -2.0838
  93       -2.0838
  94       -2.0838
  95       -2.0599
  96       -2.0599
  97       -2.0599
  98       -2.0552
  99       -2.0552
 100       -2.0552
 101       -2.0278
 102       -2.0278
 103       -2.0278
 104       -1.9685
 105       -1.9685
 106       -1.9685
 107       -1.9358
 108       -1.9358
 109       -1.9358
 110       -1.9352
 111       -1.9352
 112       -1.9352
 113       -1.9352
 114       -1.9352
 115       -1.9352
 116       -1.8858
 117       -1.8858
 118       -1.8858
 119       -1.8469
 120       -1.8469
 121       -1.8469
 122       -1.8469
 123       -1.8469
 124       -1.8469
 125       -1.7923
 126       -1.7923
 127       -1.7923
 128       -1.7708
 129       -1.7642
 130       -1.7641
 131       -1.7435
 132       -1.7435
 133       -1.7435
 134       -1.7404
 135       -1.7404
 136       -1.7404
 137       -1.6828
 138       -1.6828
 139       -1.6828
 140       -1.6439
 141       -1.6439
 142       -1.5878
 143       -1.5878
 144       -1.5878
 145       -1.2694
 146       -1.2694
 147       -1.2694
 148       -1.2565
 149       -1.2565
 150       -1.2565
 151       -1.2565
 152       -1.2565
 153       -1.2565
 154       -1.2565
 155       -1.2565
 156       -1.2565
 157       -1.2565
 158       -1.2565
 159       -1.2565
 160       -1.2550
 161       -1.2550
 162       -1.2550
 163       -1.2461
 164       -1.2461
 165       -1.2461
 166       -1.2390
 167       -1.2390
 168       -1.2390
 169        1.7487
 170        1.7487
 171        1.7487
 172        2.0566
 173        2.0566
 174        2.0566
 175        2.0566
 176        2.0566
 177        2.0566
 178        2.3357
 179        2.3357
 180        2.3357
 181        2.5419
 182        2.5419
 183        2.5419
 184        2.8632
 185        2.8632
 186        2.8632
 187        2.8632
 188        2.8632
 189        2.8632
 190        3.1582
 191        3.1582
 192        3.1582
 193        5.8468
 194        5.8468
 195        5.8471
 196        6.1615
 197        6.1618
 198        6.1630
 199        6.5831
 200        6.5831
 201        6.5840
 202        6.5852
 203        6.5902
 204        6.6962
 205        6.9038
 206        6.9038
 207        6.9052
 208        6.9201
 209        6.9890
 210        7.1577
 211        7.4446
 212        7.5397
