   1  32   1   0  0.1030698E+02  0.1000000E-03
  CAR 
 unknown system                          
   0   0   0
   1   1
 256 256 256
 256
  0.1000000E-09
  0.6250000E-11
   0
  0.5000000E-15  0.6909190E-09  0.6909190E-09  0.6909190E-09
  0.0000000E+00  0.0000000E+00
  0.000
  0.000
  0.000
  0.000
  0.000
  0.000
  0.000
  0.000
  0.000
  0.000
  0.000
  0.000
  0.000
  0.000
  0.000
  0.000
  0.000
  0.000
  0.000
  0.000
  0.000
  0.000
  0.000
  0.000
  0.000
  0.000
  0.000
  0.000
  0.000
  0.000
  0.000
  0.000
  0.000
  0.000
  0.000
  0.000
  0.000
  0.000
  0.000
 25.837
  0.000
  0.000
  0.000
  0.000
  0.000
  0.000
  0.000
  0.000
  0.000
  0.000
  0.000
  0.000
  0.000
  0.000
  0.000
  6.544
  0.000
  0.000
  0.000
  0.000
  0.000
  0.000
  0.000
  0.000
  0.000
  0.000
  0.000
 17.696
  0.000
  0.000
  0.000
  0.000
  0.000
  0.000
  0.000
  0.000
  0.000
  0.000
  6.542
  0.000
  0.000
  0.000
  0.000
  0.000
  0.000
  0.000
  0.000
 10.531
  0.000
  0.000
  0.000
  0.000
  0.000
  0.000
  0.000
  2.947
  0.000
  0.000
  0.000
  0.000
  0.000
  0.000
  0.000
 15.054
  0.000
  0.000
  0.000
  0.000
  0.000
  0.000
  0.000
  0.000
  0.000
  0.000
  0.000
  0.000
  0.000
  8.760
  0.000
  0.000
  0.000
  0.000
  0.000
  5.286
  0.000
  0.000
  0.000
  0.000
  0.000
  4.808
  0.000
  0.000
  0.000
  0.000
  0.000
  4.391
  0.000
  0.000
  0.000
  0.000
 12.253
  0.000
  0.000
  0.000
  0.000
  0.000
  0.000
  0.000
  0.000
  0.000
  0.000
  7.026
  0.000
  0.000
  0.000
  0.000
  0.000
  0.000
  0.000
  0.000
  0.000
  6.183
  0.000
  0.000
  0.000
  3.680
  0.000
  0.000
  0.000
  0.000
  8.321
  0.000
  0.000
  0.000
  2.648
  0.000
  0.000
  0.000
  0.000
  5.005
  0.000
  0.000
  0.000
  2.395
  0.000
  0.000
  0.000
  4.587
  0.000
  0.000
  0.000
  0.000
  0.000
  0.000
  0.000
  7.384
  0.000
  0.000
  0.000
  2.026
  0.000
  0.000
  0.000
  7.788
  0.000
  0.000
  3.782
  0.000
  0.000
  0.000
  1.820
  0.000
  0.000
  0.000
  0.000
  0.000
  0.000
  6.818
  0.000
  0.000
  0.000
  0.000
  0.000
  0.000
  6.399
  0.000
  0.000
  3.116
  0.000
  0.000
  0.000
  3.009
  0.000
  0.000
  2.199
  0.000
  0.000
  7.147
  0.000
  0.000
  1.394
  0.000
  0.000
  0.000
  2.698
  0.000
  0.000
  0.000
  0.000
  0.000
  2.570
  0.000
  0.000
  2.509
  0.000
  0.000
