        4  number of thermod.function
       71  number of points of thermod.function
   Total    
         0.0010        0.7549143E+01
         1.0000        0.7549131E+01
         2.0000        0.7548951E+01
         3.0000        0.7548304E+01
         4.0000        0.7546794E+01
         5.0000        0.7543908E+01
        10.0000        0.7485029E+01
        15.0000        0.7297767E+01
        20.0000        0.6944520E+01
        30.0000        0.5725059E+01
        40.0000        0.3881147E+01
        50.0000        0.1502441E+01
        60.0000       -0.1333152E+01
        70.0000       -0.4563782E+01
        80.0000       -0.8140764E+01
        90.0000       -0.1202533E+02
       100.0000       -0.1618613E+02
       125.0000       -0.2763767E+02
       150.0000       -0.4036219E+02
       175.0000       -0.5415260E+02
       200.0000       -0.6885921E+02
       225.0000       -0.8436895E+02
       250.0000       -0.1005935E+03
       273.0000       -0.1160902E+03
       275.0000       -0.1174619E+03
       298.0000       -0.1334994E+03
       300.0000       -0.1349161E+03
       350.0000       -0.1713948E+03
       400.0000       -0.2097213E+03
       450.0000       -0.2496643E+03
       500.0000       -0.2910442E+03
       550.0000       -0.3337170E+03
       600.0000       -0.3775652E+03
       650.0000       -0.4224908E+03
       700.0000       -0.4684109E+03
       750.0000       -0.5152544E+03
       800.0000       -0.5629598E+03
       850.0000       -0.6114732E+03
       900.0000       -0.6607472E+03
       950.0000       -0.7107392E+03
      1000.0000       -0.7614116E+03
      1050.0000       -0.8127303E+03
      1100.0000       -0.8646645E+03
      1150.0000       -0.9171864E+03
      1200.0000       -0.9702703E+03
      1250.0000       -0.1023893E+04
      1300.0000       -0.1078032E+04
      1350.0000       -0.1132669E+04
      1400.0000       -0.1187785E+04
      1450.0000       -0.1243362E+04
      1500.0000       -0.1299385E+04
      1550.0000       -0.1355839E+04
      1600.0000       -0.1412709E+04
      1650.0000       -0.1469984E+04
      1700.0000       -0.1527651E+04
      1750.0000       -0.1585698E+04
      1800.0000       -0.1644113E+04
      1850.0000       -0.1702889E+04
      1900.0000       -0.1762013E+04
      1950.0000       -0.1821478E+04
      2000.0000       -0.1881273E+04
      2100.0000       -0.2001827E+04
      2200.0000       -0.2123612E+04
      2300.0000       -0.2246573E+04
      2400.0000       -0.2370657E+04
      2500.0000       -0.2495819E+04
      2600.0000       -0.2622016E+04
      2700.0000       -0.2749207E+04
      2800.0000       -0.2877356E+04
      2900.0000       -0.3006428E+04
      3000.0000       -0.3136391E+04
       71  number of points of thermod.function
   1Au__:X/D
         0.0010        0.2502970E+01
         1.0000        0.2502967E+01
         2.0000        0.2502914E+01
         3.0000        0.2502700E+01
         4.0000        0.2502182E+01
         5.0000        0.2501185E+01
        10.0000        0.2481183E+01
        15.0000        0.2418038E+01
        20.0000        0.2299188E+01
        30.0000        0.1889646E+01
        40.0000        0.1271284E+01
        50.0000        0.4743042E+00
        60.0000       -0.4751701E+00
        70.0000       -0.1556445E+01
        80.0000       -0.2753248E+01
        90.0000       -0.4052637E+01
       100.0000       -0.5444138E+01
       125.0000       -0.9272853E+01
       150.0000       -0.1352599E+02
       175.0000       -0.1813448E+02
       200.0000       -0.2304840E+02
       225.0000       -0.2823006E+02
       250.0000       -0.3364999E+02
       273.0000       -0.3882639E+02
       275.0000       -0.3928457E+02
       298.0000       -0.4464123E+02
       300.0000       -0.4511440E+02
       350.0000       -0.5729756E+02
       400.0000       -0.7009665E+02
       450.0000       -0.8343460E+02
       500.0000       -0.9725150E+02
       550.0000       -0.1114994E+03
       600.0000       -0.1261391E+03
       650.0000       -0.1411379E+03
       700.0000       -0.1564683E+03
       750.0000       -0.1721064E+03
       800.0000       -0.1880319E+03
       850.0000       -0.2042266E+03
       900.0000       -0.2206748E+03
       950.0000       -0.2373625E+03
      1000.0000       -0.2542769E+03
      1050.0000       -0.2714068E+03
      1100.0000       -0.2887419E+03
      1150.0000       -0.3062729E+03
      1200.0000       -0.3239911E+03
      1250.0000       -0.3418890E+03
      1300.0000       -0.3599591E+03
      1350.0000       -0.3781951E+03
      1400.0000       -0.3965905E+03
      1450.0000       -0.4151399E+03
      1500.0000       -0.4338378E+03
      1550.0000       -0.4526794E+03
      1600.0000       -0.4716600E+03
      1650.0000       -0.4907752E+03
      1700.0000       -0.5100210E+03
      1750.0000       -0.5293936E+03
      1800.0000       -0.5488893E+03
      1850.0000       -0.5685046E+03
      1900.0000       -0.5882363E+03
      1950.0000       -0.6080816E+03
      2000.0000       -0.6280371E+03
      2100.0000       -0.6682689E+03
      2200.0000       -0.7089113E+03
      2300.0000       -0.7499456E+03
      2400.0000       -0.7913542E+03
      2500.0000       -0.8331222E+03
      2600.0000       -0.8752350E+03
      2700.0000       -0.9176794E+03
      2800.0000       -0.9604430E+03
      2900.0000       -0.1003514E+04
      3000.0000       -0.1046883E+04
       71  number of points of thermod.function
   1Au__:Y/D
         0.0010        0.2526766E+01
         1.0000        0.2526762E+01
         2.0000        0.2526706E+01
         3.0000        0.2526507E+01
         4.0000        0.2526035E+01
         5.0000        0.2525124E+01
        10.0000        0.2505995E+01
        15.0000        0.2444381E+01
        20.0000        0.2327716E+01
        30.0000        0.1924013E+01
        40.0000        0.1312658E+01
        50.0000        0.5233037E+00
        60.0000       -0.4181941E+00
        70.0000       -0.1491277E+01
        80.0000       -0.2679749E+01
        90.0000       -0.3970709E+01
       100.0000       -0.5353716E+01
       125.0000       -0.9160995E+01
       150.0000       -0.1339253E+02
       175.0000       -0.1797931E+02
       200.0000       -0.2287146E+02
       225.0000       -0.2803131E+02
       250.0000       -0.3342942E+02
       273.0000       -0.3858571E+02
       275.0000       -0.3904214E+02
       298.0000       -0.4437868E+02
       300.0000       -0.4485011E+02
       350.0000       -0.5698948E+02
       400.0000       -0.6974476E+02
       450.0000       -0.8303891E+02
       500.0000       -0.9681192E+02
       550.0000       -0.1110160E+03
       600.0000       -0.1256118E+03
       650.0000       -0.1405668E+03
       700.0000       -0.1558532E+03
       750.0000       -0.1714475E+03
       800.0000       -0.1873291E+03
       850.0000       -0.2034799E+03
       900.0000       -0.2198843E+03
       950.0000       -0.2365280E+03
      1000.0000       -0.2533986E+03
      1050.0000       -0.2704845E+03
      1100.0000       -0.2877758E+03
      1150.0000       -0.3052628E+03
      1200.0000       -0.3229372E+03
      1250.0000       -0.3407911E+03
      1300.0000       -0.3588174E+03
      1350.0000       -0.3770094E+03
      1400.0000       -0.3953610E+03
      1450.0000       -0.4138665E+03
      1500.0000       -0.4325205E+03
      1550.0000       -0.4513182E+03
      1600.0000       -0.4702549E+03
      1650.0000       -0.4893264E+03
      1700.0000       -0.5085281E+03
      1750.0000       -0.5278568E+03
      1800.0000       -0.5473085E+03
      1850.0000       -0.5668800E+03
      1900.0000       -0.5865679E+03
      1950.0000       -0.6063691E+03
      2000.0000       -0.6262809E+03
      2100.0000       -0.6664249E+03
      2200.0000       -0.7069794E+03
      2300.0000       -0.7479257E+03
      2400.0000       -0.7892468E+03
      2500.0000       -0.8309270E+03
      2600.0000       -0.8729520E+03
      2700.0000       -0.9153085E+03
      2800.0000       -0.9579842E+03
      2900.0000       -0.1000968E+04
      3000.0000       -0.1044248E+04
       71  number of points of thermod.function
   1Au__:Z/D
         0.0010        0.2519406E+01
         1.0000        0.2519402E+01
         2.0000        0.2519330E+01
         3.0000        0.2519097E+01
         4.0000        0.2518578E+01
         5.0000        0.2517599E+01
        10.0000        0.2497852E+01
        15.0000        0.2435348E+01
        20.0000        0.2317616E+01
        30.0000        0.1911399E+01
        40.0000        0.1297206E+01
        50.0000        0.5048333E+00
        60.0000       -0.4397883E+00
        70.0000       -0.1516061E+01
        80.0000       -0.2707765E+01
        90.0000       -0.4001986E+01
       100.0000       -0.5388277E+01
       125.0000       -0.9203824E+01
       150.0000       -0.1344368E+02
       175.0000       -0.1803882E+02
       200.0000       -0.2293934E+02
       225.0000       -0.2810759E+02
       250.0000       -0.3351409E+02
       273.0000       -0.3867811E+02
       275.0000       -0.3913522E+02
       298.0000       -0.4447948E+02
       300.0000       -0.4495158E+02
       350.0000       -0.5710779E+02
       400.0000       -0.6987989E+02
       450.0000       -0.8319087E+02
       500.0000       -0.9698077E+02
       550.0000       -0.1112016E+03
       600.0000       -0.1258143E+03
       650.0000       -0.1407862E+03
       700.0000       -0.1560895E+03
       750.0000       -0.1717006E+03
       800.0000       -0.1875990E+03
       850.0000       -0.2037668E+03
       900.0000       -0.2201880E+03
       950.0000       -0.2368486E+03
      1000.0000       -0.2537361E+03
      1050.0000       -0.2708389E+03
      1100.0000       -0.2881469E+03
      1150.0000       -0.3056508E+03
      1200.0000       -0.3233421E+03
      1250.0000       -0.3412128E+03
      1300.0000       -0.3592561E+03
      1350.0000       -0.3774649E+03
      1400.0000       -0.3958333E+03
      1450.0000       -0.4143557E+03
      1500.0000       -0.4330266E+03
      1550.0000       -0.4518411E+03
      1600.0000       -0.4707947E+03
      1650.0000       -0.4898829E+03
      1700.0000       -0.5091017E+03
      1750.0000       -0.5284471E+03
      1800.0000       -0.5479158E+03
      1850.0000       -0.5675040E+03
      1900.0000       -0.5872089E+03
      1950.0000       -0.6070270E+03
      2000.0000       -0.6269555E+03
      2100.0000       -0.6671335E+03
      2200.0000       -0.7077216E+03
      2300.0000       -0.7487015E+03
      2400.0000       -0.7900564E+03
      2500.0000       -0.8317703E+03
      2600.0000       -0.8738291E+03
      2700.0000       -0.9162191E+03
      2800.0000       -0.9589288E+03
      2900.0000       -0.1001946E+04
      3000.0000       -0.1045260E+04
