   32   32  100    1
  0.2093874E+02  0.8750513E-09  0.8750513E-09  0.8750513E-09  0.5000000E-15
  1.000000000000000E-004
  CAR 
 No title                                
  352    4  212
 
  0.0000000E+00  0.0000000E+00  0.0000000E+00  0.3703704E-01
   1       -4.4929
   2       -2.4348
   3       -2.4348
   4       -2.4348
   5       -2.4348
   6       -2.4348
   7       -2.4348
   8       -2.3066
   9       -2.3066
  10       -2.3066
  11       -2.3066
  12       -2.0573
  13       -2.0573
  14       -2.0573
  15       -1.8488
  16       -1.8488
  17       -1.8488
  18       -1.3645
  19       -1.3645
  20       -1.3645
  21       -1.3645
  22       -1.3645
  23       -1.3645
  24       -1.3645
  25       -1.3645
  26       -1.3645
  27       -1.3645
  28       -1.3645
  29       -1.3645
  30       -1.2289
  31       -1.2289
  32       -1.2289
  33       -1.2289
  34       -1.2289
  35       -1.2289
  36       -1.1735
  37       -1.1735
  38       -1.1735
  39       -1.1735
  40       -1.1735
  41       -1.1735
  42       -0.7300
  43       -0.7300
  44       -0.7300
  45       -0.7300
  46       -0.7300
  47       -0.7300
  48       -0.7300
  49       -0.7300
  50       -0.7300
  51       -0.7300
  52       -0.7300
  53       -0.7300
  54       -0.6750
  55       -0.6750
  56       -0.6750
  57       -0.6750
  58       -0.6750
  59       -0.6750
  60       -0.6750
  61       -0.6750
  62       -0.6750
  63       -0.6750
  64       -0.6750
  65       -0.6750
  66       -0.4479
  67       -0.4479
  68       -0.4479
  69       -0.4479
  70       -0.4479
  71       -0.4479
  72       -0.4479
  73       -0.4479
  74       -0.4479
  75       -0.4479
  76       -0.4479
  77       -0.4479
  78       -0.4167
  79       -0.4167
  80       -0.4167
  81       -0.4167
  82       -0.4167
  83       -0.4167
  84       -0.4167
  85       -0.4167
  86       -0.4009
  87       -0.4009
  88       -0.4009
  89        0.1561
  90        0.1561
  91        0.1561
  92        0.1561
  93        0.1561
  94        0.1561
  95        0.2663
  96        0.2663
  97        0.2663
  98        0.2663
  99        0.2663
 100        0.2663
 101        0.2663
 102        0.2663
 103        0.2663
 104        0.2663
 105        0.2663
 106        0.2663
 107        0.4795
 108        0.4795
 109        0.4795
 110        0.4795
 111        0.4795
 112        0.4795
 113        0.4795
 114        0.4795
 115        0.4795
 116        0.4795
 117        0.4795
 118        0.4795
 119        0.5942
 120        0.5942
 121        0.5942
 122        0.5942
 123        0.5942
 124        0.5942
 125        0.6490
 126        0.6490
 127        0.6635
 128        0.6635
 129        0.6635
 130        0.6635
 131        0.6635
 132        0.6635
 133        0.6635
 134        0.6635
 135        0.6635
 136        0.6635
 137        0.6635
 138        0.6635
 139        1.0353
 140        1.0353
 141        1.0353
 142        1.0353
 143        1.0353
 144        1.0353
 145        1.4474
 146        1.4474
 147        1.4474
 148        1.4822
 149        1.4822
 150        1.4822
 151        1.4822
 152        1.4822
 153        1.4822
 154        1.4822
 155        1.4822
 156        1.7022
 157        1.7022
 158        1.7022
 159        1.7022
 160        1.7022
 161        1.7022
 162        1.7033
 163        1.7033
 164        1.7033
 165        1.7033
 166        1.7033
 167        1.7033
 168        2.9149
 169        2.9149
 170        2.9149
 171        2.9149
 172        2.9149
 173        2.9149
 174        2.9149
 175        2.9149
 176        2.9149
 177        2.9149
 178        2.9149
 179        2.9149
 180        3.3014
 181        3.3014
 182        3.3014
 183        3.3014
 184        4.9459
 185        4.9459
 186        4.9459
 187        5.5009
 188        5.5009
 189        5.5009
 190        5.5009
 191        7.1357
 192        7.1357
 193        7.1357
 194        7.1357
 195        7.1357
 196        7.1357
 197        7.7140
 198        7.7140
 199        7.7140
 200        9.0867
 201        9.0867
 202        9.0867
 203        9.0867
 204        9.0867
 205        9.0867
 206        9.0867
 207        9.0867
 208        9.0867
 209        9.0867
 210        9.0867
 211        9.0867
 212       10.8769
 
  0.3333333E+00  0.0000000E+00  0.0000000E+00  0.2222222E+00
   1       -4.2243
   2       -3.4597
   3       -2.2471
   4       -2.2471
   5       -2.2471
   6       -2.2471
   7       -2.1671
   8       -2.1671
   9       -2.1671
  10       -2.1671
  11       -1.9849
  12       -1.9161
  13       -1.8969
  14       -1.8969
  15       -1.7839
  16       -1.7839
  17       -1.7839
  18       -1.7839
  19       -1.7705
  20       -1.7705
  21       -1.7705
  22       -1.7705
  23       -1.7630
  24       -1.7165
  25       -1.7165
  26       -1.5215
  27       -1.5001
  28       -1.5001
  29       -1.3218
  30       -1.3218
  31       -1.1295
  32       -1.1295
  33       -1.1295
  34       -1.1295
  35       -1.1245
  36       -1.1245
  37       -1.1245
  38       -1.1245
  39       -1.1004
  40       -1.1004
  41       -1.1004
  42       -1.1004
  43       -0.9150
  44       -0.9150
  45       -0.9150
  46       -0.9150
  47       -0.8015
  48       -0.7792
  49       -0.7792
  50       -0.7792
  51       -0.7792
  52       -0.7121
  53       -0.7121
  54       -0.7121
  55       -0.7121
  56       -0.6638
  57       -0.6638
  58       -0.6638
  59       -0.6638
  60       -0.6572
  61       -0.6572
  62       -0.6572
  63       -0.6572
  64       -0.5638
  65       -0.5638
  66       -0.5638
  67       -0.5638
  68       -0.5113
  69       -0.4621
  70       -0.4621
  71       -0.4621
  72       -0.4621
  73       -0.4248
  74       -0.4248
  75       -0.4248
  76       -0.4248
  77       -0.3109
  78       -0.3109
  79       -0.3109
  80       -0.3109
  81       -0.2957
  82       -0.2957
  83       -0.1849
  84       -0.1849
  85       -0.1849
  86       -0.1849
  87       -0.0204
  88       -0.0204
  89       -0.0204
  90       -0.0204
  91        0.0100
  92        0.0100
  93        0.0544
  94        0.0544
  95        0.0544
  96        0.0544
  97        0.1904
  98        0.1904
  99        0.2640
 100        0.4352
 101        0.4352
 102        0.4352
 103        0.4352
 104        0.4750
 105        0.4750
 106        0.4750
 107        0.4750
 108        0.4988
 109        0.4988
 110        0.4988
 111        0.4988
 112        0.5112
 113        0.5112
 114        0.5112
 115        0.5112
 116        0.5348
 117        0.6210
 118        0.6210
 119        0.6210
 120        0.6210
 121        0.6414
 122        0.6414
 123        0.6414
 124        0.6414
 125        0.6994
 126        0.8392
 127        0.8766
 128        0.8766
 129        0.9837
 130        0.9837
 131        0.9837
 132        0.9837
 133        0.9864
 134        0.9864
 135        0.9864
 136        0.9864
 137        1.0299
 138        1.0299
 139        1.0470
 140        1.0470
 141        1.0470
 142        1.0470
 143        1.0796
 144        1.1519
 145        1.1519
 146        1.2379
 147        1.2812
 148        1.2812
 149        1.2812
 150        1.2812
 151        1.2858
 152        1.2858
 153        1.3420
 154        1.3420
 155        1.3420
 156        1.3420
 157        1.3906
 158        1.4954
 159        1.4954
 160        1.4954
 161        1.4954
 162        1.5064
 163        1.5064
 164        1.7024
 165        1.7024
 166        1.7030
 167        1.7030
 168        1.9967
 169        1.9967
 170        1.9967
 171        1.9967
 172        2.9516
 173        2.9516
 174        2.9516
 175        2.9516
 176        3.0939
 177        3.0939
 178        3.0939
 179        3.0939
 180        3.1455
 181        4.1961
 182        4.1961
 183        4.1961
 184        4.1961
 185        5.7072
 186        5.7072
 187        5.9213
 188        5.9213
 189        5.9213
 190        5.9213
 191        6.5806
 192        6.5806
 193        6.5806
 194        6.5806
 195        7.2748
 196        7.2748
 197        7.2802
 198        7.2802
 199        7.5650
 200        7.5650
 201        8.7719
 202        8.7719
 203        8.7719
 204        8.7719
 205        9.3267
 206        9.3267
 207        9.3267
 208        9.3268
 209        9.5355
 210        9.5355
 211        9.5365
 212        9.5398
 
  0.3333333E+00  0.3333333E+00 -0.1654361E-23  0.4444444E+00
   1       -3.9663
   2       -3.2343
   3       -3.2343
   4       -2.6103
   5       -2.1918
   6       -2.1918
   7       -2.1744
   8       -2.1744
   9       -1.9994
  10       -1.9994
  11       -1.9994
  12       -1.9994
  13       -1.9160
  14       -1.9160
  15       -1.8174
  16       -1.8174
  17       -1.8166
  18       -1.7300
  19       -1.7300
  20       -1.6375
  21       -1.6375
  22       -1.5323
  23       -1.5231
  24       -1.5231
  25       -1.4795
  26       -1.4795
  27       -1.4795
  28       -1.4795
  29       -1.4177
  30       -1.4163
  31       -1.4163
  32       -1.3952
  33       -1.3952
  34       -1.2653
  35       -1.2653
  36       -1.2460
  37       -1.2460
  38       -1.1232
  39       -1.1232
  40       -1.1193
  41       -1.1193
  42       -1.1122
  43       -1.1122
  44       -1.0254
  45       -1.0254
  46       -0.9143
  47       -0.9143
  48       -0.7825
  49       -0.7825
  50       -0.7825
  51       -0.7825
  52       -0.7726
  53       -0.7722
  54       -0.7701
  55       -0.7701
  56       -0.6210
  57       -0.6210
  58       -0.5713
  59       -0.5713
  60       -0.5426
  61       -0.4716
  62       -0.4716
  63       -0.4716
  64       -0.4716
  65       -0.4255
  66       -0.4255
  67       -0.3811
  68       -0.3811
  69       -0.3811
  70       -0.3811
  71       -0.3693
  72       -0.3693
  73       -0.2805
  74       -0.2805
  75       -0.2584
  76       -0.2402
  77       -0.2402
  78       -0.2298
  79       -0.1821
  80       -0.1819
  81       -0.1229
  82       -0.1229
  83       -0.1099
  84       -0.1099
  85       -0.1053
  86       -0.1053
  87       -0.0976
  88       -0.0976
  89       -0.0976
  90       -0.0976
  91        0.0128
  92        0.0128
  93        0.0333
  94        0.0333
  95        0.0333
  96        0.0333
  97        0.1111
  98        0.1111
  99        0.1316
 100        0.1541
 101        0.1541
 102        0.1792
 103        0.1792
 104        0.2413
 105        0.2413
 106        0.2413
 107        0.2413
 108        0.2833
 109        0.3745
 110        0.3745
 111        0.4837
 112        0.4837
 113        0.5138
 114        0.5152
 115        0.5152
 116        0.5413
 117        0.5413
 118        0.6075
 119        0.7038
 120        0.8062
 121        0.8062
 122        0.8142
 123        0.8142
 124        0.8151
 125        0.8151
 126        0.8670
 127        0.9112
 128        0.9112
 129        0.9450
 130        0.9450
 131        1.0100
 132        1.0100
 133        1.0100
 134        1.0100
 135        1.0194
 136        1.0194
 137        1.0250
 138        1.0250
 139        1.1103
 140        1.1103
 141        1.1552
 142        1.1681
 143        1.1681
 144        1.1893
 145        1.2153
 146        1.2153
 147        1.2619
 148        1.2619
 149        1.2619
 150        1.2619
 151        1.3209
 152        1.3209
 153        1.3212
 154        1.4105
 155        1.4105
 156        1.4312
 157        1.4312
 158        1.4337
 159        1.4337
 160        1.4998
 161        1.4998
 162        1.5020
 163        1.5020
 164        1.5046
 165        1.5046
 166        1.5664
 167        1.9511
 168        1.9511
 169        1.9511
 170        1.9511
 171        2.0453
 172        2.0453
 173        2.0829
 174        2.0829
 175        3.1285
 176        3.1285
 177        3.8595
 178        3.8595
 179        4.4446
 180        4.4446
 181        4.4446
 182        4.4446
 183        4.7558
 184        4.7558
 185        4.9724
 186        4.9724
 187        5.4074
 188        5.5366
 189        5.5366
 190        5.9729
 191        5.9729
 192        6.3436
 193        6.6919
 194        6.6919
 195        7.1669
 196        7.1669
 197        7.3161
 198        7.4748
 199        7.4748
 200        7.4748
 201        7.4748
 202        7.7889
 203        7.7889
 204        8.3131
 205        8.3131
 206        9.0578
 207        9.3867
 208        9.3867
 209        9.4807
 210        9.7890
 211        9.7905
 212        9.7926
 
  0.3333333E+00  0.3333333E+00  0.3333333E+00  0.2962963E+00
   1       -3.7261
   2       -3.0538
   3       -3.0538
   4       -3.0538
   5       -2.5779
   6       -2.5779
   7       -2.5779
   8       -2.4493
   9       -1.8341
  10       -1.8341
  11       -1.8341
  12       -1.7567
  13       -1.7567
  14       -1.7567
  15       -1.7119
  16       -1.7119
  17       -1.7119
  18       -1.5878
  19       -1.5878
  20       -1.5878
  21       -1.5878
  22       -1.5878
  23       -1.5878
  24       -1.5153
  25       -1.5153
  26       -1.5153
  27       -1.4977
  28       -1.4977
  29       -1.4977
  30       -1.4977
  31       -1.4977
  32       -1.4977
  33       -1.4406
  34       -1.4406
  35       -1.4406
  36       -1.1908
  37       -1.1908
  38       -1.1908
  39       -1.0404
  40       -1.0404
  41       -1.0404
  42       -1.0404
  43       -1.0404
  44       -1.0404
  45       -0.7863
  46       -0.7863
  47       -0.7863
  48       -0.7667
  49       -0.7667
  50       -0.7667
  51       -0.7667
  52       -0.7667
  53       -0.7667
  54       -0.6683
  55       -0.6683
  56       -0.6683
  57       -0.6404
  58       -0.6404
  59       -0.6404
  60       -0.5317
  61       -0.4830
  62       -0.4830
  63       -0.4830
  64       -0.3872
  65       -0.3872
  66       -0.3872
  67       -0.3872
  68       -0.3872
  69       -0.3872
  70       -0.2848
  71       -0.2848
  72       -0.2241
  73       -0.2241
  74       -0.1846
  75       -0.1846
  76       -0.1846
  77       -0.1471
  78       -0.1471
  79       -0.1471
  80       -0.1301
  81       -0.1301
  82       -0.1301
  83       -0.0906
  84       -0.0906
  85       -0.0906
  86       -0.0906
  87       -0.0906
  88       -0.0906
  89       -0.0889
  90       -0.0889
  91       -0.0889
  92       -0.0634
  93       -0.0634
  94       -0.0634
  95       -0.0353
  96       -0.0353
  97       -0.0353
  98       -0.0053
  99       -0.0053
 100       -0.0053
 101        0.1832
 102        0.1832
 103        0.1832
 104        0.3483
 105        0.3545
 106        0.3545
 107        0.3545
 108        0.3726
 109        0.3726
 110        0.3726
 111        0.3726
 112        0.3726
 113        0.3726
 114        0.5555
 115        0.5555
 116        0.5555
 117        0.5852
 118        0.5852
 119        0.5852
 120        0.5864
 121        0.5864
 122        0.5864
 123        0.6236
 124        0.6236
 125        0.6507
 126        0.6507
 127        0.6507
 128        0.7066
 129        0.7066
 130        0.7066
 131        0.7066
 132        0.7066
 133        0.7066
 134        0.8948
 135        0.8948
 136        0.8948
 137        0.9480
 138        0.9480
 139        0.9480
 140        1.0881
 141        1.0881
 142        1.2381
 143        1.2381
 144        1.2381
 145        1.3694
 146        1.3694
 147        1.3694
 148        1.3837
 149        1.3837
 150        1.3837
 151        1.3837
 152        1.3837
 153        1.3837
 154        1.4739
 155        1.4739
 156        1.4739
 157        1.4883
 158        1.4883
 159        1.4883
 160        1.4883
 161        1.4883
 162        1.4883
 163        1.5110
 164        1.5110
 165        1.5110
 166        1.5817
 167        1.5817
 168        1.5817
 169        2.4295
 170        2.4295
 171        2.4295
 172        3.3300
 173        3.3300
 174        3.3300
 175        3.3300
 176        3.3300
 177        3.3300
 178        3.9650
 179        3.9650
 180        3.9650
 181        4.3587
 182        4.3587
 183        4.3587
 184        5.3186
 185        5.3186
 186        5.3186
 187        5.3186
 188        5.3186
 189        5.3186
 190        5.7133
 191        5.7133
 192        5.7133
 193        6.5045
 194        6.5045
 195        6.5045
 196        6.8478
 197        6.8478
 198        6.8478
 199        7.9156
 200        7.9156
 201        7.9156
 202        7.9156
 203        7.9156
 204        7.9156
 205        8.9705
 206        8.9705
 207        8.9705
 208        8.9705
 209        8.9705
 210        8.9743
 211        9.1488
 212        9.1488
