 Fermi:  0.0
 DOS:Total
0.0629	0.0000
0.0880	0.0055
0.1132	0.0219
0.1383	0.0000
0.1635	0.0274
0.1887	0.0219
0.2138	0.0164
0.2390	0.0219
0.2641	0.0329
0.2893	0.0219
0.3144	0.0329
0.3396	0.0493
0.3647	0.0329
0.3899	0.0274
0.4150	0.0548
0.4402	0.0493
0.4653	0.1151
0.4905	0.0768
0.5156	0.0877
0.5408	0.1426
0.5660	0.1371
0.5911	0.1316
0.6163	0.1645
0.6414	0.1645
0.6666	0.2358
0.6917	0.2632
0.7169	0.1974
0.7420	0.2412
0.7672	0.2687
0.7923	0.2906
0.8175	0.3125
0.8426	0.4331
0.8678	0.3290
0.8930	0.3454
0.9181	0.4606
0.9433	0.3948
0.9684	0.4606
0.9936	0.5209
1.0187	0.6854
1.0439	0.9047
1.0690	1.1678
1.0942	2.2096
1.1193	1.8203
1.1445	1.2610
1.1696	0.9321
1.1948	0.7018
1.2199	0.7182
1.2451	0.7237
1.2703	0.5483
1.2954	0.5099
1.3206	0.5483
1.3457	0.5318
1.3709	0.4441
1.3960	0.5263
1.4212	0.5428
1.4463	0.5099
1.4715	0.4989
1.4966	0.4770
1.5218	0.4496
1.5469	0.4606
1.5721	0.4331
1.5973	0.3893
1.6224	0.3619
1.6476	0.3235
1.6727	0.3783
1.6979	0.2851
1.7230	0.3180
1.7482	0.2412
1.7733	0.3125
1.7985	0.2303
1.8236	0.1809
1.8488	0.2138
1.8739	0.2687
1.8991	0.1645
1.9242	0.1700
1.9494	0.0932
1.9746	0.0877
1.9997	0.0713
2.0249	0.1645
2.0500	0.1864
2.0752	0.2522
2.1003	0.2522
2.1255	0.2632
2.1506	0.3235
2.1758	0.4386
2.2009	0.4002
2.2261	0.4331
2.2512	0.4222
2.2764	0.4496
2.3016	0.4551
2.3267	0.5044
2.3519	0.4606
2.3770	0.5702
2.4022	0.4825
2.4273	0.5812
2.4525	0.4770
2.4776	0.6031
2.5028	0.5318
2.5279	0.3948
2.5531	0.3673
2.5782	0.3619
2.6034	0.2741
2.6285	0.2522
2.6537	0.2412
2.6789	0.2522
2.7040	0.2303
2.7292	0.1426
2.7543	0.1974
2.7795	0.1426
2.8046	0.1919
2.8298	0.0877
2.8549	0.0713
2.8801	0.0822
2.9052	0.0768
2.9304	0.0384
2.9555	0.0384
2.9807	0.0384
3.0059	0.0164
3.0310	0.0493
3.0562	0.0329
3.0813	0.0274
3.1065	0.0110
3.1316	0.0000
 DOS:Au	2
0.0629	0.0000	0.0000	0.0000
0.0880	0.0001	0.0048	0.0006
0.1132	0.0069	0.0006	0.0145
0.1383	0.0000	0.0000	0.0000
0.1635	0.0090	0.0082	0.0103
0.1887	0.0077	0.0139	0.0004
0.2138	0.0003	0.0012	0.0150
0.2390	0.0096	0.0050	0.0073
0.2641	0.0150	0.0082	0.0097
0.2893	0.0044	0.0115	0.0060
0.3144	0.0188	0.0086	0.0055
0.3396	0.0138	0.0286	0.0070
0.3647	0.0089	0.0108	0.0132
0.3899	0.0165	0.0063	0.0046
0.4150	0.0167	0.0211	0.0170
0.4402	0.0160	0.0067	0.0266
0.4653	0.0418	0.0344	0.0389
0.4905	0.0292	0.0270	0.0206
0.5156	0.0167	0.0383	0.0327
0.5408	0.0534	0.0473	0.0419
0.5660	0.0474	0.0432	0.0465
0.5911	0.0596	0.0264	0.0455
0.6163	0.0549	0.0632	0.0464
0.6414	0.0755	0.0427	0.0462
0.6666	0.0725	0.0775	0.0858
0.6917	0.0621	0.0825	0.1186
0.7169	0.0635	0.0649	0.0690
0.7420	0.0941	0.0493	0.0978
0.7672	0.0812	0.0872	0.1003
0.7923	0.0863	0.1086	0.0957
0.8175	0.1109	0.1101	0.0915
0.8426	0.1132	0.1888	0.1312
0.8678	0.1190	0.0931	0.1169
0.8930	0.1209	0.1213	0.1032
0.9181	0.1432	0.1450	0.1725
0.9433	0.1300	0.1517	0.1131
0.9684	0.1472	0.1560	0.1574
0.9936	0.1716	0.1759	0.1734
1.0187	0.2415	0.2351	0.2088
1.0439	0.3115	0.3144	0.2787
1.0690	0.3762	0.3848	0.4069
1.0942	0.7139	0.7740	0.7217
1.1193	0.5951	0.6159	0.6093
1.1445	0.4624	0.3809	0.4177
1.1696	0.3381	0.2965	0.2975
1.1948	0.2369	0.2158	0.2491
1.2199	0.2240	0.2359	0.2583
1.2451	0.2453	0.2557	0.2227
1.2703	0.1769	0.1877	0.1837
1.2954	0.1863	0.1452	0.1784
1.3206	0.1749	0.1665	0.2069
1.3457	0.1884	0.1768	0.1666
1.3709	0.1589	0.1376	0.1476
1.3960	0.1769	0.1718	0.1776
1.4212	0.1629	0.2091	0.1708
1.4463	0.1740	0.1503	0.1856
1.4715	0.2109	0.1391	0.1489
1.4966	0.1733	0.1674	0.1363
1.5218	0.1724	0.1541	0.1231
1.5469	0.1527	0.1670	0.1409
1.5721	0.1770	0.1345	0.1216
1.5973	0.1266	0.1229	0.1398
1.6224	0.1220	0.1201	0.1198
1.6476	0.1122	0.0926	0.1187
1.6727	0.1329	0.1032	0.1422
1.6979	0.1027	0.0734	0.1090
1.7230	0.0905	0.1036	0.1239
1.7482	0.0709	0.1114	0.0589
1.7733	0.0861	0.1014	0.1249
1.7985	0.0761	0.0664	0.0878
1.8236	0.0579	0.0551	0.0679
1.8488	0.0556	0.0774	0.0808
1.8739	0.0868	0.0964	0.0854
1.8991	0.0419	0.0672	0.0554
1.9242	0.0615	0.0773	0.0312
1.9494	0.0186	0.0261	0.0485
1.9746	0.0466	0.0239	0.0172
1.9997	0.0275	0.0289	0.0149
2.0249	0.0630	0.0587	0.0428
2.0500	0.0482	0.0611	0.0770
2.0752	0.0627	0.0868	0.1027
2.1003	0.0971	0.0928	0.0623
2.1255	0.0679	0.0959	0.0993
2.1506	0.1038	0.1088	0.1108
2.1758	0.1412	0.1473	0.1501
2.2009	0.1364	0.1336	0.1302
2.2261	0.1349	0.1346	0.1637
2.2512	0.1364	0.1463	0.1395
2.2764	0.1715	0.1420	0.1361
2.3016	0.1271	0.1649	0.1631
2.3267	0.1521	0.1895	0.1629
2.3519	0.1505	0.1521	0.1579
2.3770	0.1796	0.2128	0.1778
2.4022	0.1816	0.1361	0.1648
2.4273	0.1962	0.2090	0.1759
2.4525	0.1834	0.1443	0.1493
2.4776	0.2125	0.1992	0.1915
2.5028	0.1480	0.1683	0.2155
2.5279	0.1378	0.1384	0.1186
2.5531	0.1143	0.1132	0.1398
2.5782	0.1072	0.1354	0.1193
2.6034	0.0774	0.0885	0.1082
2.6285	0.0948	0.0741	0.0833
2.6537	0.0692	0.0789	0.0931
2.6789	0.0868	0.0883	0.0771
2.7040	0.0729	0.0822	0.0751
2.7292	0.0450	0.0528	0.0447
2.7543	0.0633	0.0625	0.0716
2.7795	0.0462	0.0536	0.0427
2.8046	0.0641	0.0691	0.0587
2.8298	0.0302	0.0381	0.0194
2.8549	0.0273	0.0219	0.0221
2.8801	0.0274	0.0272	0.0276
2.9052	0.0250	0.0262	0.0255
2.9304	0.0132	0.0130	0.0122
2.9555	0.0128	0.0127	0.0129
2.9807	0.0126	0.0127	0.0131
3.0059	0.0055	0.0056	0.0054
3.0310	0.0165	0.0165	0.0163
3.0562	0.0109	0.0111	0.0109
3.0813	0.0092	0.0091	0.0091
3.1065	0.0037	0.0036	0.0037
3.1316	0.0000	0.0000	0.0000
