   1  32   1   0  0.1202155E+02  0.1000000E-03
  CAR 
 unknown system                          
   0   0   0
   1   1
 256 256 256
 256
  0.1000000E-09
  0.6250000E-11
   0
  0.5000000E-15  0.7272832E-09  0.7272832E-09  0.7272832E-09
  0.0000000E+00  0.0000000E+00
  0.000
  0.000
  0.000
  0.000
  0.000
  0.000
  0.000
  0.000
  0.000
  0.000
  0.000
  0.000
  0.000
  0.000
  0.000
  0.000
  0.000
  0.000
  0.000
  0.000
  0.000
  0.000
  0.000
  0.000
  0.000
  0.000
  0.000
  0.000
  0.000
  0.000
  0.000
  0.000
  0.000
  0.000
  0.000
  0.000
  0.000
  0.000
  0.000
  0.000
  0.597
 26.163
  0.542
  0.000
  0.000
  0.000
  0.000
  0.000
  0.000
  0.000
  0.000
  0.000
  0.000
  0.000
  0.000
  0.000
  0.077
  0.000
  6.727
  0.069
  0.000
  0.000
  0.000
  0.000
  0.000
  0.000
  0.000
  0.000
  0.000
  0.000
  0.591
 17.629
  0.186
  0.000
  0.000
  0.000
  0.000
  0.000
  0.000
  0.000
  0.000
  0.147
  6.621
  0.140
  0.000
  0.000
  0.000
  0.000
  0.000
  0.000
  0.120
 10.647
  0.343
  0.112
  0.000
  0.000
  0.000
  0.000
  0.000
  0.099
  2.910
  0.095
  0.000
  0.000
  0.000
  0.000
  0.000
  0.170
 15.311
  0.327
  0.160
  0.000
  0.000
  0.000
  0.000
  0.000
  0.000
  0.000
  0.000
  0.000
  0.000
  0.000
  0.131
  8.992
  0.126
  0.000
  0.000
  0.000
  0.059
  0.058
  5.349
  0.057
  0.000
  0.000
  0.000
  0.160
  4.732
  0.155
  0.000
  0.000
  0.000
  0.147
  4.342
  0.143
  0.000
  0.000
  0.046
  0.180
 12.349
  0.219
  0.000
  0.000
  0.000
  0.000
  0.000
  0.000
  0.000
  0.000
  0.156
  7.162
  0.076
  0.000
  0.000
  0.000
  0.000
  0.000
  0.000
  0.000
  0.173
  6.206
  0.168
  0.000
  0.000
  0.073
  3.684
  0.095
  0.008
  0.031
  0.184
  8.391
  0.150
  0.000
  0.029
  2.706
  0.029
  0.028
  0.000
  0.111
  5.073
  0.109
  0.000
  0.027
  2.432
  0.052
  0.026
  0.000
  0.101
  4.671
  0.050
  0.000
  0.000
  0.000
  0.000
  0.000
  0.141
  7.469
  0.161
  0.023
  0.045
  2.053
  0.044
  0.000
  0.108
  7.930
  0.170
  0.042
  0.084
  3.769
  0.123
  0.000
  0.040
  1.837
  0.040
  0.000
  0.000
  0.000
  0.000
  0.076
  0.150
  6.844
  0.074
  0.000
  0.000
  0.000
  0.018
  0.124
  6.445
  0.139
  0.034
  3.159
  0.068
  0.017
  0.100
  3.007
  0.066
  0.033
  2.225
  0.048
  0.048
  0.157
  7.212
  0.093
  0.031
  1.402
  0.030
  0.030
