   32   32  100    1
  0.1811328E+02  0.8337753E-09  0.8337753E-09  0.8337753E-09  0.5000000E-15
  1.000000000000000E-004
  CAR 
 No title                                
  352    4  212
 
  0.0000000E+00  0.0000000E+00  0.0000000E+00  0.3703704E-01
   1       -4.2356
   2       -1.9299
   3       -1.9299
   4       -1.9299
   5       -1.9299
   6       -1.9299
   7       -1.9299
   8       -1.8203
   9       -1.8203
  10       -1.8203
  11       -1.8203
  12       -1.5739
  13       -1.5739
  14       -1.5739
  15       -1.2984
  16       -1.2984
  17       -1.2984
  18       -0.6818
  19       -0.6818
  20       -0.6818
  21       -0.6818
  22       -0.6818
  23       -0.6818
  24       -0.6818
  25       -0.6818
  26       -0.6818
  27       -0.6818
  28       -0.6818
  29       -0.6818
  30       -0.5605
  31       -0.5605
  32       -0.5605
  33       -0.5605
  34       -0.5605
  35       -0.5605
  36       -0.4438
  37       -0.4438
  38       -0.4438
  39       -0.4438
  40       -0.4438
  41       -0.4438
  42        0.0981
  43        0.0981
  44        0.0981
  45        0.0981
  46        0.0981
  47        0.0981
  48        0.0981
  49        0.0981
  50        0.0981
  51        0.0981
  52        0.0981
  53        0.0981
  54        0.1624
  55        0.1624
  56        0.1624
  57        0.1624
  58        0.1624
  59        0.1624
  60        0.1624
  61        0.1624
  62        0.1624
  63        0.1624
  64        0.1624
  65        0.1624
  66        0.4237
  67        0.4237
  68        0.4237
  69        0.4237
  70        0.4237
  71        0.4237
  72        0.4237
  73        0.4237
  74        0.4237
  75        0.4237
  76        0.4237
  77        0.4237
  78        0.5331
  79        0.5331
  80        0.5331
  81        0.5331
  82        0.5331
  83        0.5331
  84        0.5331
  85        0.5331
  86        0.5619
  87        0.5619
  88        0.5619
  89        1.2223
  90        1.2223
  91        1.2223
  92        1.2223
  93        1.2223
  94        1.2223
  95        1.4019
  96        1.4019
  97        1.4019
  98        1.4019
  99        1.4019
 100        1.4019
 101        1.4019
 102        1.4019
 103        1.4019
 104        1.4019
 105        1.4019
 106        1.4019
 107        1.6816
 108        1.6816
 109        1.6816
 110        1.6816
 111        1.6816
 112        1.6816
 113        1.6816
 114        1.6816
 115        1.6816
 116        1.6816
 117        1.6816
 118        1.6816
 119        1.8171
 120        1.8171
 121        1.8171
 122        1.8171
 123        1.8171
 124        1.8171
 125        1.9258
 126        1.9258
 127        1.9266
 128        1.9266
 129        1.9266
 130        1.9266
 131        1.9266
 132        1.9266
 133        1.9266
 134        1.9266
 135        1.9266
 136        1.9266
 137        1.9266
 138        1.9266
 139        2.4244
 140        2.4244
 141        2.4244
 142        2.4244
 143        2.4244
 144        2.4244
 145        2.9634
 146        2.9634
 147        2.9634
 148        3.0040
 149        3.0040
 150        3.0040
 151        3.0040
 152        3.0040
 153        3.0040
 154        3.0040
 155        3.0040
 156        3.2915
 157        3.2915
 158        3.2915
 159        3.2915
 160        3.2915
 161        3.2915
 162        3.2931
 163        3.2931
 164        3.2931
 165        3.2931
 166        3.2931
 167        3.2931
 168        4.2988
 169        4.2988
 170        4.2988
 171        4.2988
 172        4.6251
 173        4.6251
 174        4.6251
 175        4.6251
 176        4.6251
 177        4.6251
 178        4.6251
 179        4.6251
 180        4.6251
 181        4.6251
 182        4.6251
 183        4.6251
 184        6.1857
 185        6.1857
 186        6.1857
 187        7.7625
 188        7.7625
 189        7.7625
 190        7.7625
 191        9.4837
 192        9.4837
 193        9.4837
 194        9.4837
 195        9.4837
 196        9.4837
 197       10.3303
 198       10.3303
 199       10.3303
 200       11.1125
 201       11.1125
 202       11.1125
 203       11.1125
 204       11.1125
 205       11.1125
 206       11.1125
 207       11.1125
 208       11.1125
 209       11.1125
 210       11.1125
 211       11.1125
 212       13.2705
 
  0.3333333E+00 -0.8271806E-24  0.0000000E+00  0.2222222E+00
   1       -3.9303
   2       -3.0669
   3       -1.7143
   4       -1.7143
   5       -1.7143
   6       -1.7143
   7       -1.6515
   8       -1.6515
   9       -1.6515
  10       -1.6515
  11       -1.4804
  12       -1.3783
  13       -1.3783
  14       -1.3767
  15       -1.1907
  16       -1.1797
  17       -1.1797
  18       -1.1797
  19       -1.1797
  20       -1.1727
  21       -1.1727
  22       -1.1727
  23       -1.1727
  24       -1.1337
  25       -1.1337
  26       -0.8927
  27       -0.8927
  28       -0.8865
  29       -0.6426
  30       -0.6426
  31       -0.4273
  32       -0.4273
  33       -0.4273
  34       -0.4273
  35       -0.3842
  36       -0.3842
  37       -0.3842
  38       -0.3842
  39       -0.3537
  40       -0.3537
  41       -0.3537
  42       -0.3537
  43       -0.1266
  44       -0.1266
  45       -0.1266
  46       -0.1266
  47        0.0241
  48        0.0241
  49        0.0241
  50        0.0241
  51        0.0362
  52        0.0766
  53        0.0766
  54        0.0766
  55        0.0766
  56        0.1765
  57        0.1765
  58        0.1765
  59        0.1765
  60        0.1857
  61        0.1857
  62        0.1857
  63        0.1857
  64        0.3279
  65        0.3279
  66        0.3279
  67        0.3279
  68        0.4159
  69        0.4688
  70        0.4688
  71        0.4688
  72        0.4688
  73        0.4989
  74        0.4989
  75        0.4989
  76        0.4989
  77        0.6673
  78        0.6673
  79        0.6673
  80        0.6673
  81        0.6948
  82        0.6948
  83        0.8124
  84        0.8124
  85        0.8124
  86        0.8124
  87        1.0134
  88        1.0134
  89        1.0134
  90        1.0134
  91        1.0369
  92        1.0369
  93        1.0369
  94        1.0369
  95        1.0820
  96        1.0820
  97        1.2478
  98        1.2478
  99        1.4048
 100        1.6093
 101        1.6093
 102        1.6093
 103        1.6093
 104        1.6767
 105        1.6767
 106        1.6767
 107        1.6767
 108        1.7091
 109        1.7091
 110        1.7091
 111        1.7091
 112        1.7106
 113        1.7106
 114        1.7106
 115        1.7106
 116        1.7719
 117        1.8527
 118        1.8527
 119        1.8527
 120        1.8527
 121        1.8688
 122        1.8688
 123        1.8688
 124        1.8688
 125        1.9905
 126        2.1705
 127        2.1902
 128        2.1902
 129        2.2066
 130        2.2078
 131        2.2078
 132        2.2078
 133        2.2078
 134        2.3427
 135        2.3427
 136        2.3427
 137        2.3427
 138        2.3953
 139        2.3953
 140        2.4239
 141        2.4239
 142        2.4239
 143        2.4239
 144        2.4980
 145        2.4980
 146        2.6883
 147        2.7174
 148        2.7174
 149        2.7174
 150        2.7174
 151        2.7422
 152        2.7422
 153        2.8166
 154        2.8166
 155        2.8166
 156        2.8166
 157        2.8885
 158        3.0137
 159        3.0137
 160        3.0137
 161        3.0137
 162        3.0269
 163        3.0269
 164        3.2919
 165        3.2919
 166        3.2927
 167        3.2927
 168        3.5739
 169        3.5739
 170        3.5739
 171        3.5739
 172        4.4298
 173        4.5119
 174        4.5119
 175        4.5119
 176        4.5119
 177        4.6121
 178        4.6121
 179        4.6121
 180        4.6121
 181        6.0181
 182        6.0181
 183        6.0181
 184        6.0181
 185        7.1982
 186        7.1982
 187        7.9498
 188        7.9498
 189        7.9498
 190        7.9498
 191        8.7431
 192        8.7431
 193        8.7431
 194        8.7431
 195        9.0779
 196        9.0779
 197        9.6745
 198        9.6745
 199       10.0984
 200       10.0984
 201       11.0159
 202       11.0159
 203       11.0159
 204       11.0159
 205       11.5877
 206       11.5877
 207       11.5877
 208       11.5878
 209       11.6549
 210       11.6549
 211       11.6549
 212       11.6551
 
  0.3333333E+00  0.3333333E+00  0.0000000E+00  0.4444444E+00
   1       -3.6381
   2       -2.8132
   3       -2.8132
   4       -2.1119
   5       -1.6747
   6       -1.6747
   7       -1.6346
   8       -1.6346
   9       -1.4382
  10       -1.4382
  11       -1.4382
  12       -1.4382
  13       -1.3532
  14       -1.3532
  15       -1.2766
  16       -1.2766
  17       -1.2710
  18       -1.1539
  19       -1.1539
  20       -1.0346
  21       -1.0346
  22       -0.9145
  23       -0.9012
  24       -0.9012
  25       -0.8257
  26       -0.8257
  27       -0.8257
  28       -0.8257
  29       -0.7609
  30       -0.7609
  31       -0.7556
  32       -0.7556
  33       -0.7551
  34       -0.5715
  35       -0.5715
  36       -0.5712
  37       -0.5712
  38       -0.4162
  39       -0.4162
  40       -0.3877
  41       -0.3877
  42       -0.3779
  43       -0.3779
  44       -0.2926
  45       -0.2926
  46       -0.1324
  47       -0.1324
  48        0.0030
  49        0.0305
  50        0.0305
  51        0.0305
  52        0.0305
  53        0.0600
  54        0.0719
  55        0.0719
  56        0.2532
  57        0.2532
  58        0.3072
  59        0.3072
  60        0.3702
  61        0.4288
  62        0.4288
  63        0.4288
  64        0.4288
  65        0.5161
  66        0.5161
  67        0.5262
  68        0.5262
  69        0.5262
  70        0.5262
  71        0.5320
  72        0.5320
  73        0.6933
  74        0.6933
  75        0.7428
  76        0.7588
  77        0.7588
  78        0.7747
  79        0.7767
  80        0.8182
  81        0.8569
  82        0.8569
  83        0.8569
  84        0.8569
  85        0.8716
  86        0.8716
  87        0.9052
  88        0.9052
  89        0.9296
  90        0.9296
  91        1.0866
  92        1.0866
  93        1.1030
  94        1.1030
  95        1.1030
  96        1.1030
  97        1.1447
  98        1.1447
  99        1.2029
 100        1.2029
 101        1.2406
 102        1.2971
 103        1.2971
 104        1.3635
 105        1.3635
 106        1.3635
 107        1.3635
 108        1.4319
 109        1.5487
 110        1.5487
 111        1.5494
 112        1.5494
 113        1.6523
 114        1.6523
 115        1.7175
 116        1.7175
 117        1.7427
 118        1.8418
 119        1.9924
 120        2.0458
 121        2.0458
 122        2.0923
 123        2.0923
 124        2.1102
 125        2.1106
 126        2.1106
 127        2.2571
 128        2.2571
 129        2.2726
 130        2.2726
 131        2.3592
 132        2.3592
 133        2.3592
 134        2.3592
 135        2.3842
 136        2.3842
 137        2.3896
 138        2.3896
 139        2.4762
 140        2.4762
 141        2.5064
 142        2.5064
 143        2.5665
 144        2.6134
 145        2.6547
 146        2.6547
 147        2.7066
 148        2.7066
 149        2.7066
 150        2.7066
 151        2.7654
 152        2.7721
 153        2.7721
 154        2.9092
 155        2.9092
 156        2.9293
 157        2.9293
 158        2.9379
 159        2.9379
 160        3.0188
 161        3.0188
 162        3.0240
 163        3.0240
 164        3.0247
 165        3.0247
 166        3.1113
 167        3.4577
 168        3.4577
 169        3.4892
 170        3.4892
 171        3.4892
 172        3.4892
 173        3.5895
 174        3.5895
 175        4.8248
 176        4.8248
 177        5.4362
 178        5.4362
 179        6.2198
 180        6.2198
 181        6.2495
 182        6.2495
 183        6.2495
 184        6.2495
 185        6.8276
 186        6.8276
 187        7.3325
 188        7.7525
 189        7.7525
 190        7.9921
 191        8.1222
 192        8.1222
 193        8.8596
 194        8.8596
 195        8.9968
 196        8.9968
 197        9.5602
 198        9.5602
 199        9.5602
 200        9.5602
 201        9.6937
 202        9.6937
 203        9.7118
 204       10.5539
 205       10.5539
 206       11.1768
 207       11.6727
 208       11.6727
 209       11.8228
 210       12.0722
 211       12.0735
 212       12.2680
 
  0.3333333E+00  0.3333333E+00  0.3333333E+00  0.2962963E+00
   1       -3.3678
   2       -2.6143
   3       -2.6143
   4       -2.6143
   5       -2.0880
   6       -2.0880
   7       -2.0880
   8       -1.9618
   9       -1.2560
  10       -1.2560
  11       -1.2560
  12       -1.1923
  13       -1.1923
  14       -1.1923
  15       -1.1237
  16       -1.1237
  17       -1.1237
  18       -0.9636
  19       -0.9636
  20       -0.9636
  21       -0.9636
  22       -0.9636
  23       -0.9636
  24       -0.8729
  25       -0.8729
  26       -0.8729
  27       -0.8640
  28       -0.8640
  29       -0.8640
  30       -0.8640
  31       -0.8640
  32       -0.8640
  33       -0.8013
  34       -0.8013
  35       -0.8013
  36       -0.4888
  37       -0.4888
  38       -0.4888
  39       -0.3147
  40       -0.3147
  41       -0.3147
  42       -0.3147
  43       -0.3147
  44       -0.3147
  45        0.0026
  46        0.0026
  47        0.0026
  48        0.0329
  49        0.0329
  50        0.0329
  51        0.0329
  52        0.0329
  53        0.0329
  54        0.1901
  55        0.1901
  56        0.1901
  57        0.2181
  58        0.2181
  59        0.2181
  60        0.3749
  61        0.4035
  62        0.4035
  63        0.4035
  64        0.5265
  65        0.5265
  66        0.5265
  67        0.5265
  68        0.5265
  69        0.5265
  70        0.7039
  71        0.7039
  72        0.7858
  73        0.7858
  74        0.8094
  75        0.8094
  76        0.8094
  77        0.8758
  78        0.8758
  79        0.8758
  80        0.8936
  81        0.8936
  82        0.8936
  83        0.8936
  84        0.8936
  85        0.8936
  86        0.9027
  87        0.9027
  88        0.9027
  89        0.9147
  90        0.9147
  91        0.9147
  92        0.9564
  93        0.9564
  94        0.9564
  95        0.9651
  96        0.9651
  97        0.9651
  98        1.0566
  99        1.0566
 100        1.0566
 101        1.2068
 102        1.2068
 103        1.2068
 104        1.3188
 105        1.5167
 106        1.5167
 107        1.5167
 108        1.5336
 109        1.5336
 110        1.5336
 111        1.5336
 112        1.5336
 113        1.5336
 114        1.7413
 115        1.7413
 116        1.7413
 117        1.7807
 118        1.7807
 119        1.7807
 120        1.8172
 121        1.8172
 122        1.8172
 123        1.8845
 124        1.8845
 125        1.9098
 126        1.9098
 127        1.9098
 128        1.9658
 129        1.9658
 130        1.9658
 131        1.9658
 132        1.9658
 133        1.9658
 134        2.2362
 135        2.2362
 136        2.2362
 137        2.2923
 138        2.2923
 139        2.2923
 140        2.4826
 141        2.4826
 142        2.6592
 143        2.6592
 144        2.6592
 145        2.8517
 146        2.8517
 147        2.8517
 148        2.8642
 149        2.8642
 150        2.8642
 151        2.8642
 152        2.8642
 153        2.8642
 154        2.9943
 155        2.9943
 156        2.9943
 157        3.0072
 158        3.0072
 159        3.0072
 160        3.0072
 161        3.0072
 162        3.0072
 163        3.0420
 164        3.0420
 165        3.0420
 166        3.1347
 167        3.1347
 168        3.1347
 169        3.9563
 170        3.9563
 171        3.9563
 172        5.0131
 173        5.0131
 174        5.0131
 175        5.0131
 176        5.0131
 177        5.0131
 178        5.6160
 179        5.6160
 180        5.6160
 181        6.0718
 182        6.0718
 183        6.0718
 184        7.2609
 185        7.2609
 186        7.2609
 187        7.2609
 188        7.2609
 189        7.2609
 190        7.7639
 191        7.7639
 192        7.7639
 193        8.3348
 194        8.3348
 195        8.3348
 196        8.9195
 197        8.9195
 198        8.9195
 199        9.9078
 200        9.9078
 201        9.9078
 202        9.9078
 203        9.9078
 204        9.9078
 205       11.1645
 206       11.1645
 207       11.1645
 208       11.1645
 209       11.1645
 210       11.1707
 211       11.3701
 212       11.3701
