   32   32  100    1
  0.1997986E+02  0.8614845E-09  0.8614845E-09  0.8614845E-09  0.5000000E-15
  1.000000000000000E-004
  CAR 
 No title                                
  352   20  212
 
  0.6250000E-01  0.6250000E-01  0.6250000E-01  0.1562500E-01
   1       -4.4240
   2       -3.3025
   3       -3.3025
   4       -3.3025
   5       -3.2928
   6       -3.2834
   7       -3.2834
   8       -3.2834
   9       -3.2181
  10       -3.2181
  11       -3.2181
  12       -2.9574
  13       -2.9574
  14       -2.9574
  15       -2.8804
  16       -2.8804
  17       -2.8804
  18       -2.7374
  19       -2.7374
  20       -2.7374
  21       -2.7277
  22       -2.7277
  23       -2.7277
  24       -2.7277
  25       -2.7277
  26       -2.7277
  27       -2.6276
  28       -2.6276
  29       -2.6276
  30       -2.5401
  31       -2.5401
  32       -2.5401
  33       -2.5168
  34       -2.5168
  35       -2.5168
  36       -2.5035
  37       -2.5035
  38       -2.5035
  39       -2.5035
  40       -2.5035
  41       -2.5035
  42       -2.3822
  43       -2.3822
  44       -2.3822
  45       -2.3822
  46       -2.3822
  47       -2.3822
  48       -2.3145
  49       -2.3145
  50       -2.3145
  51       -2.3121
  52       -2.3121
  53       -2.3121
  54       -2.3121
  55       -2.3121
  56       -2.3121
  57       -2.2709
  58       -2.2709
  59       -2.2709
  60       -2.1547
  61       -2.1547
  62       -2.1547
  63       -2.1547
  64       -2.1547
  65       -2.1547
  66       -2.1150
  67       -2.1150
  68       -2.1150
  69       -2.1031
  70       -2.1031
  71       -2.1009
  72       -2.0955
  73       -2.0955
  74       -2.0955
  75       -2.0890
  76       -2.0890
  77       -1.9847
  78       -1.9847
  79       -1.9847
  80       -1.9847
  81       -1.9847
  82       -1.9847
  83       -1.9635
  84       -1.9635
  85       -1.9635
  86       -1.9253
  87       -1.9253
  88       -1.9253
  89       -1.6223
  90       -1.6223
  91       -1.6223
  92       -1.5720
  93       -1.5720
  94       -1.5720
  95       -1.5662
  96       -1.5662
  97       -1.5662
  98       -1.5616
  99       -1.5616
 100       -1.5616
 101       -1.5616
 102       -1.5616
 103       -1.5616
 104       -1.5081
 105       -1.5081
 106       -1.5081
 107       -1.4091
 108       -1.4091
 109       -1.4091
 110       -1.3650
 111       -1.3650
 112       -1.3650
 113       -1.3567
 114       -1.3567
 115       -1.3567
 116       -1.3195
 117       -1.3195
 118       -1.2824
 119       -1.2824
 120       -1.2824
 121       -1.2824
 122       -1.2824
 123       -1.2824
 124       -1.2692
 125       -1.2692
 126       -1.2692
 127       -1.2692
 128       -1.2692
 129       -1.2692
 130       -1.2567
 131       -1.2567
 132       -1.2567
 133       -1.2103
 134       -1.2103
 135       -1.2103
 136       -1.0571
 137       -1.0571
 138       -1.0571
 139       -0.9977
 140       -0.9977
 141       -0.9977
 142       -0.8937
 143       -0.8937
 144       -0.8937
 145       -0.7594
 146       -0.7594
 147       -0.7594
 148       -0.7509
 149       -0.7509
 150       -0.7509
 151       -0.7266
 152       -0.7266
 153       -0.7145
 154       -0.7145
 155       -0.7145
 156       -0.5878
 157       -0.5878
 158       -0.5878
 159       -0.5693
 160       -0.5693
 161       -0.5693
 162       -0.5693
 163       -0.5693
 164       -0.5693
 165       -0.5673
 166       -0.5673
 167       -0.5673
 168        1.0638
 169        1.0638
 170        1.0638
 171        1.6026
 172        1.6026
 173        1.6026
 174        1.6026
 175        1.6026
 176        1.6026
 177        1.9902
 178        2.1568
 179        2.1568
 180        2.1568
 181        2.2650
 182        2.2650
 183        2.2650
 184        3.9455
 185        3.9455
 186        3.9455
 187        5.0839
 188        5.0839
 189        5.0839
 190        5.3307
 191        7.1048
 192        7.1048
 193        7.1048
 194        7.1048
 195        7.1048
 196        7.1050
 197        7.7275
 198        7.7275
 199        7.7275
 200        7.7275
 201        7.7299
 202        7.7354
 203        7.9358
 204        7.9370
 205        7.9431
 206        8.5495
 207        8.5511
 208        8.5523
 209        8.5594
 210        9.1386
 211        9.7071
 212        9.9616
 
  0.1875000E+00  0.6250000E-01  0.6250000E-01  0.4687500E-01
   1       -4.3522
   2       -3.2759
   3       -3.2696
   4       -3.2693
   5       -3.2693
   6       -3.2513
   7       -3.2513
   8       -3.2423
   9       -3.1983
  10       -3.1865
  11       -3.1865
  12       -3.1625
  13       -2.9154
  14       -2.9154
  15       -2.9044
  16       -2.8431
  17       -2.8420
  18       -2.8420
  19       -2.7888
  20       -2.7888
  21       -2.7138
  22       -2.7138
  23       -2.7092
  24       -2.7092
  25       -2.7001
  26       -2.7001
  27       -2.6915
  28       -2.6598
  29       -2.6598
  30       -2.6529
  31       -2.6089
  32       -2.6089
  33       -2.5838
  34       -2.5838
  35       -2.5735
  36       -2.5735
  37       -2.5371
  38       -2.5371
  39       -2.5180
  40       -2.4975
  41       -2.4975
  42       -2.4894
  43       -2.4894
  44       -2.3812
  45       -2.3812
  46       -2.3803
  47       -2.3803
  48       -2.3283
  49       -2.3283
  50       -2.3251
  51       -2.3251
  52       -2.3246
  53       -2.3246
  54       -2.2729
  55       -2.2577
  56       -2.2577
  57       -2.2396
  58       -2.2396
  59       -2.2204
  60       -2.1706
  61       -2.1706
  62       -2.1513
  63       -2.1513
  64       -2.1361
  65       -2.1260
  66       -2.1260
  67       -2.1223
  68       -2.1011
  69       -2.0874
  70       -2.0868
  71       -2.0868
  72       -2.0844
  73       -2.0844
  74       -2.0706
  75       -2.0706
  76       -2.0680
  77       -2.0664
  78       -2.0650
  79       -2.0273
  80       -2.0273
  81       -1.9690
  82       -1.9690
  83       -1.9073
  84       -1.9073
  85       -1.8501
  86       -1.8501
  87       -1.8114
  88       -1.7925
  89       -1.7121
  90       -1.7060
  91       -1.7060
  92       -1.6820
  93       -1.6497
  94       -1.6423
  95       -1.6400
  96       -1.6400
  97       -1.5902
  98       -1.5902
  99       -1.5726
 100       -1.5726
 101       -1.5163
 102       -1.5163
 103       -1.5113
 104       -1.5113
 105       -1.4876
 106       -1.4876
 107       -1.4691
 108       -1.4691
 109       -1.4563
 110       -1.4089
 111       -1.4089
 112       -1.3746
 113       -1.3746
 114       -1.3427
 115       -1.3085
 116       -1.2954
 117       -1.2954
 118       -1.2878
 119       -1.2878
 120       -1.2806
 121       -1.2806
 122       -1.2587
 123       -1.2438
 124       -1.2257
 125       -1.2257
 126       -1.2184
 127       -1.1759
 128       -1.1759
 129       -1.1600
 130       -1.1600
 131       -1.1588
 132       -1.1588
 133       -1.1317
 134       -1.1247
 135       -1.1247
 136       -1.1144
 137       -1.0085
 138       -1.0085
 139       -0.9827
 140       -0.9827
 141       -0.9379
 142       -0.8568
 143       -0.8444
 144       -0.8444
 145       -0.7840
 146       -0.7840
 147       -0.7706
 148       -0.7663
 149       -0.7653
 150       -0.7304
 151       -0.7285
 152       -0.7285
 153       -0.6890
 154       -0.6890
 155       -0.6861
 156       -0.6861
 157       -0.6267
 158       -0.6103
 159       -0.6103
 160       -0.6097
 161       -0.6097
 162       -0.6022
 163       -0.5693
 164       -0.5693
 165       -0.5693
 166       -0.5693
 167       -0.3636
 168        0.5939
 169        0.5939
 170        1.0805
 171        1.1090
 172        1.1090
 173        1.6291
 174        1.6291
 175        1.7048
 176        2.1671
 177        2.1671
 178        2.1889
 179        2.2149
 180        2.2149
 181        2.4439
 182        2.7769
 183        2.7769
 184        3.4171
 185        4.1089
 186        4.1089
 187        5.1069
 188        5.3615
 189        5.3615
 190        5.7736
 191        6.2696
 192        6.2696
 193        6.4857
 194        6.4857
 195        6.8274
 196        6.8274
 197        7.2230
 198        7.2231
 199        7.8443
 200        7.8447
 201        7.9542
 202        7.9625
 203        8.1667
 204        8.1816
 205        8.5873
 206        8.5997
 207        8.6886
 208        8.8610
 209        8.8930
 210        8.9994
 211        9.0330
 212        9.0688
 
  0.3125000E+00  0.6250000E-01  0.6250000E-01  0.4687500E-01
   1       -4.2107
   2       -3.4479
   3       -3.2247
   4       -3.2140
   5       -3.2052
   6       -3.2052
   7       -3.1875
   8       -3.1875
   9       -3.1706
  10       -3.1593
  11       -3.1234
  12       -3.1234
  13       -2.9779
  14       -2.9413
  15       -2.8904
  16       -2.8904
  17       -2.8611
  18       -2.8380
  19       -2.8380
  20       -2.8239
  21       -2.8239
  22       -2.8014
  23       -2.7737
  24       -2.7737
  25       -2.7589
  26       -2.7589
  27       -2.6782
  28       -2.6782
  29       -2.6620
  30       -2.6620
  31       -2.6474
  32       -2.6474
  33       -2.5983
  34       -2.5983
  35       -2.5775
  36       -2.5775
  37       -2.5708
  38       -2.5708
  39       -2.5470
  40       -2.5470
  41       -2.4800
  42       -2.4800
  43       -2.4129
  44       -2.3786
  45       -2.3786
  46       -2.3718
  47       -2.3718
  48       -2.3633
  49       -2.3633
  50       -2.3572
  51       -2.3572
  52       -2.3333
  53       -2.3333
  54       -2.2567
  55       -2.2421
  56       -2.2421
  57       -2.2242
  58       -2.2242
  59       -2.1943
  60       -2.1943
  61       -2.1732
  62       -2.1679
  63       -2.1664
  64       -2.1664
  65       -2.1645
  66       -2.1556
  67       -2.1556
  68       -2.1459
  69       -2.1459
  70       -2.1444
  71       -2.1444
  72       -2.1083
  73       -2.0993
  74       -2.0993
  75       -2.0488
  76       -2.0359
  77       -2.0359
  78       -2.0241
  79       -2.0241
  80       -2.0224
  81       -2.0216
  82       -2.0125
  83       -1.8485
  84       -1.8485
  85       -1.8151
  86       -1.7877
  87       -1.7877
  88       -1.7737
  89       -1.7636
  90       -1.7608
  91       -1.7608
  92       -1.7513
  93       -1.6445
  94       -1.6445
  95       -1.6080
  96       -1.5976
  97       -1.5976
  98       -1.5723
  99       -1.5377
 100       -1.5377
 101       -1.5226
 102       -1.5206
 103       -1.5206
 104       -1.4358
 105       -1.4358
 106       -1.4212
 107       -1.4212
 108       -1.4005
 109       -1.4005
 110       -1.3878
 111       -1.3878
 112       -1.3861
 113       -1.3798
 114       -1.3798
 115       -1.3015
 116       -1.3015
 117       -1.2870
 118       -1.2824
 119       -1.2824
 120       -1.2736
 121       -1.2736
 122       -1.1825
 123       -1.1825
 124       -1.1678
 125       -1.1399
 126       -1.1316
 127       -1.1316
 128       -1.0848
 129       -1.0755
 130       -1.0609
 131       -1.0609
 132       -1.0540
 133       -1.0540
 134       -1.0358
 135       -1.0358
 136       -1.0288
 137       -1.0193
 138       -1.0193
 139       -1.0045
 140       -0.9855
 141       -0.9855
 142       -0.8950
 143       -0.8858
 144       -0.8858
 145       -0.8786
 146       -0.8315
 147       -0.8280
 148       -0.8280
 149       -0.7962
 150       -0.7764
 151       -0.7764
 152       -0.7734
 153       -0.7616
 154       -0.7616
 155       -0.7017
 156       -0.6868
 157       -0.6868
 158       -0.6859
 159       -0.6859
 160       -0.6668
 161       -0.5695
 162       -0.5695
 163       -0.5694
 164       -0.5694
 165       -0.4054
 166       -0.4054
 167        0.1852
 168        0.1852
 169        0.2918
 170        0.6685
 171        0.6685
 172        1.1180
 173        1.4670
 174        1.6836
 175        1.6836
 176        2.0241
 177        2.0241
 178        2.2507
 179        2.4832
 180        2.6529
 181        2.9012
 182        2.9012
 183        3.4653
 184        3.4653
 185        4.4140
 186        4.4140
 187        5.3605
 188        5.3605
 189        5.4296
 190        5.8565
 191        5.8565
 192        5.8868
 193        5.8868
 194        5.9181
 195        5.9181
 196        6.3571
 197        7.4195
 198        7.4196
 199        7.5726
 200        7.9922
 201        7.9978
 202        8.0406
 203        8.0464
 204        8.1292
 205        8.1382
 206        8.1946
 207        8.2157
 208        8.5075
 209        8.5735
 210        8.7751
 211        9.0885
 212        9.1286
 
  0.4375000E+00  0.6250000E-01  0.6250000E-01  0.4687500E-01
   1       -4.0042
   2       -3.7429
   3       -3.1528
   4       -3.1263
   5       -3.1151
   6       -3.1151
   7       -3.1023
   8       -3.0934
   9       -3.0934
  10       -3.0704
  11       -3.0669
  12       -3.0298
  13       -3.0298
  14       -3.0288
  15       -3.0079
  16       -3.0060
  17       -3.0060
  18       -2.9709
  19       -2.9709
  20       -2.9453
  21       -2.9076
  22       -2.9076
  23       -2.7401
  24       -2.7401
  25       -2.6946
  26       -2.6946
  27       -2.6464
  28       -2.6464
  29       -2.6455
  30       -2.6455
  31       -2.6196
  32       -2.6196
  33       -2.6182
  34       -2.6182
  35       -2.5768
  36       -2.5768
  37       -2.5722
  38       -2.5722
  39       -2.5121
  40       -2.5121
  41       -2.5073
  42       -2.5073
  43       -2.4477
  44       -2.4477
  45       -2.4344
  46       -2.4344
  47       -2.3823
  48       -2.3823
  49       -2.3809
  50       -2.3809
  51       -2.3425
  52       -2.3425
  53       -2.3167
  54       -2.2901
  55       -2.2901
  56       -2.2338
  57       -2.2294
  58       -2.2117
  59       -2.2117
  60       -2.2068
  61       -2.2068
  62       -2.1970
  63       -2.1956
  64       -2.1956
  65       -2.1684
  66       -2.1684
  67       -2.1445
  68       -2.1397
  69       -2.1397
  70       -2.1304
  71       -2.1304
  72       -2.1232
  73       -2.0749
  74       -2.0749
  75       -2.0344
  76       -2.0344
  77       -1.9889
  78       -1.9634
  79       -1.9634
  80       -1.9574
  81       -1.9574
  82       -1.9553
  83       -1.9552
  84       -1.9403
  85       -1.9325
  86       -1.9325
  87       -1.9097
  88       -1.8740
  89       -1.8740
  90       -1.8695
  91       -1.8687
  92       -1.8515
  93       -1.5260
  94       -1.5260
  95       -1.5240
  96       -1.5240
  97       -1.4986
  98       -1.4428
  99       -1.3957
 100       -1.3957
 101       -1.3942
 102       -1.3862
 103       -1.3862
 104       -1.3850
 105       -1.3850
 106       -1.3756
 107       -1.3756
 108       -1.3726
 109       -1.3726
 110       -1.3297
 111       -1.3297
 112       -1.3283
 113       -1.3283
 114       -1.3280
 115       -1.3280
 116       -1.3246
 117       -1.2962
 118       -1.2962
 119       -1.2556
 120       -1.2466
 121       -1.2466
 122       -1.2154
 123       -1.2020
 124       -1.2020
 125       -1.1882
 126       -1.1714
 127       -1.1714
 128       -1.1213
 129       -1.1213
 130       -1.1143
 131       -1.1143
 132       -1.0883
 133       -1.0239
 134       -1.0239
 135       -1.0236
 136       -0.9495
 137       -0.9495
 138       -0.9473
 139       -0.9374
 140       -0.9281
 141       -0.9206
 142       -0.9206
 143       -0.9188
 144       -0.9095
 145       -0.9095
 146       -0.9036
 147       -0.9036
 148       -0.8523
 149       -0.8523
 150       -0.8518
 151       -0.8408
 152       -0.8176
 153       -0.8074
 154       -0.7893
 155       -0.7893
 156       -0.7886
 157       -0.7886
 158       -0.7464
 159       -0.5695
 160       -0.5695
 161       -0.5695
 162       -0.5695
 163       -0.4861
 164       -0.4861
 165       -0.1719
 166       -0.1719
 167       -0.0834
 168       -0.0834
 169        0.2733
 170        0.2733
 171        1.0342
 172        1.1851
 173        1.2961
 174        1.7681
 175        1.7681
 176        1.8337
 177        1.8836
 178        1.8836
 179        2.3354
 180        2.4258
 181        3.6589
 182        3.6589
 183        4.2216
 184        4.2216
 185        4.4822
 186        4.4822
 187        4.8301
 188        4.8301
 189        5.0419
 190        5.0419
 191        5.3287
 192        5.3287
 193        5.9952
 194        6.5068
 195        6.5068
 196        6.7265
 197        7.0495
 198        7.2720
 199        7.2729
 200        7.7095
 201        7.7140
 202        7.8373
 203        8.0463
 204        8.0680
 205        8.0891
 206        8.1198
 207        8.1183
 208        8.2085
 209        8.3243
 210        9.0749
 211        9.2163
 212        9.4127
 
  0.1875000E+00  0.1875000E+00  0.6250000E-01  0.4687500E-01
   1       -4.2816
   2       -3.2569
   3       -3.2444
   4       -3.2427
   5       -3.2427
   6       -3.2295
   7       -3.2030
   8       -3.2030
   9       -3.1670
  10       -3.1670
  11       -3.1480
  12       -3.1165
  13       -3.1165
  14       -2.8983
  15       -2.8714
  16       -2.8714
  17       -2.8392
  18       -2.8136
  19       -2.8136
  20       -2.7862
  21       -2.7862
  22       -2.7592
  23       -2.7592
  24       -2.7220
  25       -2.7220
  26       -2.6824
  27       -2.6824
  28       -2.6784
  29       -2.6784
  30       -2.6575
  31       -2.6485
  32       -2.6485
  33       -2.6465
  34       -2.6233
  35       -2.6233
  36       -2.5974
  37       -2.5748
  38       -2.5748
  39       -2.5667
  40       -2.5531
  41       -2.5531
  42       -2.5033
  43       -2.5033
  44       -2.4846
  45       -2.4846
  46       -2.4007
  47       -2.4007
  48       -2.3351
  49       -2.3158
  50       -2.3158
  51       -2.3133
  52       -2.3133
  53       -2.2944
  54       -2.2944
  55       -2.2268
  56       -2.2268
  57       -2.2054
  58       -2.2054
  59       -2.1930
  60       -2.1930
  61       -2.1784
  62       -2.1598
  63       -2.1598
  64       -2.1429
  65       -2.1429
  66       -2.1311
  67       -2.1293
  68       -2.0954
  69       -2.0713
  70       -2.0583
  71       -2.0483
  72       -2.0460
  73       -2.0369
  74       -2.0309
  75       -2.0309
  76       -1.9702
  77       -1.9702
  78       -1.9429
  79       -1.9429
  80       -1.9330
  81       -1.9330
  82       -1.9122
  83       -1.9122
  84       -1.9081
  85       -1.8757
  86       -1.8757
  87       -1.8678
  88       -1.8678
  89       -1.7762
  90       -1.7762
  91       -1.7695
  92       -1.6845
  93       -1.6845
  94       -1.6481
  95       -1.6481
  96       -1.6470
  97       -1.6444
  98       -1.5919
  99       -1.5919
 100       -1.5847
 101       -1.5847
 102       -1.5746
 103       -1.5519
 104       -1.5519
 105       -1.4918
 106       -1.4852
 107       -1.4534
 108       -1.4094
 109       -1.4094
 110       -1.3837
 111       -1.3837
 112       -1.3608
 113       -1.3608
 114       -1.3484
 115       -1.3126
 116       -1.2937
 117       -1.2937
 118       -1.2877
 119       -1.2877
 120       -1.2372
 121       -1.2372
 122       -1.2278
 123       -1.2278
 124       -1.2170
 125       -1.2170
 126       -1.1708
 127       -1.1708
 128       -1.1690
 129       -1.1690
 130       -1.0863
 131       -1.0863
 132       -1.0720
 133       -1.0720
 134       -1.0669
 135       -1.0538
 136       -1.0538
 137       -1.0153
 138       -0.9810
 139       -0.9641
 140       -0.9641
 141       -0.9420
 142       -0.9347
 143       -0.9264
 144       -0.9264
 145       -0.8447
 146       -0.8162
 147       -0.8162
 148       -0.8134
 149       -0.7602
 150       -0.7523
 151       -0.7224
 152       -0.7224
 153       -0.7169
 154       -0.7086
 155       -0.7086
 156       -0.6419
 157       -0.6419
 158       -0.6108
 159       -0.6108
 160       -0.6090
 161       -0.6090
 162       -0.6031
 163       -0.6031
 164       -0.5917
 165       -0.5786
 166       -0.1815
 167       -0.1815
 168        0.1584
 169        0.6030
 170        0.6030
 171        1.1323
 172        1.1323
 173        1.2980
 174        1.7067
 175        1.7067
 176        1.8686
 177        2.2523
 178        2.2523
 179        2.6098
 180        2.6098
 181        2.8161
 182        2.8161
 183        3.3983
 184        3.5710
 185        3.5710
 186        4.2662
 187        5.1296
 188        5.1296
 189        5.7194
 190        5.7194
 191        5.8123
 192        6.3089
 193        6.3636
 194        6.3636
 195        6.5959
 196        6.5959
 197        6.9311
 198        6.9311
 199        7.3927
 200        7.3930
 201        7.9753
 202        7.9983
 203        7.9994
 204        8.4333
 205        8.4380
 206        8.4825
 207        8.5551
 208        8.5856
 209        8.6259
 210        8.6805
 211        8.7306
 212        9.2022
 
  0.3125000E+00  0.1875000E+00  0.6250000E-01  0.9375000E-01
   1       -4.1423
   2       -3.3953
   3       -3.2124
   4       -3.1934
   5       -3.1915
   6       -3.1786
   7       -3.1770
   8       -3.1346
   9       -3.1284
  10       -3.1269
  11       -3.1044
  12       -3.0747
  13       -3.0300
  14       -2.9479
  15       -2.9085
  16       -2.8998
  17       -2.8887
  18       -2.8682
  19       -2.8619
  20       -2.8424
  21       -2.8235
  22       -2.8161
  23       -2.7791
  24       -2.7766
  25       -2.7721
  26       -2.7550
  27       -2.7469
  28       -2.7454
  29       -2.7119
  30       -2.7065
  31       -2.7016
  32       -2.7016
  33       -2.6815
  34       -2.6548
  35       -2.6411
  36       -2.6308
  37       -2.5805
  38       -2.5746
  39       -2.5594
  40       -2.5573
  41       -2.4988
  42       -2.4940
  43       -2.4835
  44       -2.4752
  45       -2.4363
  46       -2.4210
  47       -2.4019
  48       -2.3883
  49       -2.3817
  50       -2.3566
  51       -2.3543
  52       -2.3336
  53       -2.3001
  54       -2.2906
  55       -2.2189
  56       -2.2161
  57       -2.1991
  58       -2.1916
  59       -2.1909
  60       -2.1843
  61       -2.1750
  62       -2.1684
  63       -2.1639
  64       -2.1383
  65       -2.1342
  66       -2.1254
  67       -2.1206
  68       -2.1010
  69       -2.0930
  70       -2.0385
  71       -2.0199
  72       -2.0187
  73       -2.0055
  74       -2.0047
  75       -2.0047
  76       -2.0042
  77       -1.9985
  78       -1.9743
  79       -1.9705
  80       -1.9378
  81       -1.9293
  82       -1.9234
  83       -1.8738
  84       -1.8661
  85       -1.8354
  86       -1.8344
  87       -1.8156
  88       -1.7893
  89       -1.7823
  90       -1.7669
  91       -1.7179
  92       -1.6937
  93       -1.6574
  94       -1.6560
  95       -1.6509
  96       -1.6472
  97       -1.6345
  98       -1.6325
  99       -1.6204
 100       -1.6181
 101       -1.6145
 102       -1.6062
 103       -1.5557
 104       -1.5089
 105       -1.5052
 106       -1.4904
 107       -1.4697
 108       -1.4679
 109       -1.4218
 110       -1.3843
 111       -1.3308
 112       -1.3219
 113       -1.3099
 114       -1.3035
 115       -1.2987
 116       -1.2934
 117       -1.2616
 118       -1.2534
 119       -1.2491
 120       -1.2336
 121       -1.2090
 122       -1.1547
 123       -1.1536
 124       -1.1483
 125       -1.1479
 126       -1.1226
 127       -1.1179
 128       -1.1161
 129       -1.1158
 130       -1.0823
 131       -1.0800
 132       -1.0515
 133       -1.0383
 134       -1.0373
 135       -0.9863
 136       -0.9696
 137       -0.9685
 138       -0.9673
 139       -0.9668
 140       -0.9620
 141       -0.9605
 142       -0.9601
 143       -0.9559
 144       -0.9441
 145       -0.9264
 146       -0.8819
 147       -0.8666
 148       -0.8571
 149       -0.8062
 150       -0.8002
 151       -0.7551
 152       -0.7544
 153       -0.7465
 154       -0.7436
 155       -0.7425
 156       -0.7012
 157       -0.7005
 158       -0.6864
 159       -0.6842
 160       -0.6627
 161       -0.6108
 162       -0.6082
 163       -0.6047
 164       -0.6038
 165       -0.3464
 166       -0.2065
 167        0.1042
 168        0.1897
 169        0.4578
 170        0.6273
 171        0.6919
 172        0.9893
 173        1.1836
 174        1.2459
 175        1.6084
 176        2.3250
 177        2.3852
 178        2.6235
 179        2.8017
 180        2.8873
 181        2.9160
 182        2.9498
 183        3.5127
 184        3.8555
 185        4.0828
 186        4.5616
 187        4.8300
 188        5.1812
 189        5.1891
 190        5.4427
 191        5.4608
 192        5.9974
 193        6.0049
 194        6.4009
 195        6.5016
 196        6.5471
 197        6.8128
 198        6.9412
 199        7.0713
 200        7.1076
 201        7.5442
 202        7.6188
 203        7.8707
 204        7.9535
 205        8.0056
 206        8.0963
 207        8.6657
 208        8.6862
 209        8.7441
 210        8.7837
 211        8.8365
 212        9.2549
 
  0.4375000E+00  0.1875000E+00  0.6250000E-01  0.9375000E-01
   1       -3.9396
   2       -3.6837
   3       -3.1358
   4       -3.1200
   5       -3.1164
   6       -3.0941
   7       -3.0884
   8       -3.0714
   9       -3.0388
  10       -3.0355
  11       -3.0276
  12       -3.0259
  13       -3.0161
  14       -3.0116
  15       -2.9970
  16       -2.9820
  17       -2.9789
  18       -2.9723
  19       -2.9180
  20       -2.9152
  21       -2.9047
  22       -2.8910
  23       -2.8473
  24       -2.8310
  25       -2.7934
  26       -2.7920
  27       -2.7916
  28       -2.7648
  29       -2.7536
  30       -2.7479
  31       -2.7401
  32       -2.6667
  33       -2.6405
  34       -2.6344
  35       -2.6327
  36       -2.6210
  37       -2.5594
  38       -2.5386
  39       -2.5329
  40       -2.5309
  41       -2.5049
  42       -2.4821
  43       -2.4819
  44       -2.4739
  45       -2.4367
  46       -2.4301
  47       -2.4179
  48       -2.4111
  49       -2.3938
  50       -2.3825
  51       -2.3657
  52       -2.3126
  53       -2.3092
  54       -2.2795
  55       -2.2764
  56       -2.2601
  57       -2.2399
  58       -2.2352
  59       -2.2298
  60       -2.2255
  61       -2.1698
  62       -2.1561
  63       -2.1520
  64       -2.1093
  65       -2.0978
  66       -2.0969
  67       -2.0798
  68       -2.0658
  69       -2.0583
  70       -2.0528
  71       -2.0374
  72       -2.0179
  73       -1.9993
  74       -1.9865
  75       -1.9764
  76       -1.9728
  77       -1.9554
  78       -1.9491
  79       -1.9454
  80       -1.9441
  81       -1.9439
  82       -1.9377
  83       -1.9273
  84       -1.9152
  85       -1.8991
  86       -1.8916
  87       -1.8754
  88       -1.8701
  89       -1.8700
  90       -1.8277
  91       -1.8137
  92       -1.7988
  93       -1.6499
  94       -1.6418
  95       -1.6396
  96       -1.6246
  97       -1.5310
  98       -1.5112
  99       -1.4847
 100       -1.4780
 101       -1.4760
 102       -1.4716
 103       -1.4464
 104       -1.4352
 105       -1.4351
 106       -1.4300
 107       -1.3977
 108       -1.3959
 109       -1.3810
 110       -1.3737
 111       -1.3674
 112       -1.3556
 113       -1.3427
 114       -1.3009
 115       -1.2951
 116       -1.2895
 117       -1.2652
 118       -1.2606
 119       -1.2582
 120       -1.2430
 121       -1.2418
 122       -1.2139
 123       -1.2115
 124       -1.1853
 125       -1.1824
 126       -1.1503
 127       -1.1471
 128       -1.1129
 129       -1.1038
 130       -1.0878
 131       -1.0551
 132       -1.0457
 133       -1.0212
 134       -1.0148
 135       -1.0069
 136       -0.9899
 137       -0.9795
 138       -0.9479
 139       -0.9467
 140       -0.9139
 141       -0.9085
 142       -0.9009
 143       -0.8984
 144       -0.8885
 145       -0.8712
 146       -0.8702
 147       -0.8687
 148       -0.8683
 149       -0.8330
 150       -0.8122
 151       -0.7976
 152       -0.7931
 153       -0.7929
 154       -0.7872
 155       -0.7839
 156       -0.7793
 157       -0.7784
 158       -0.7675
 159       -0.7297
 160       -0.6103
 161       -0.6084
 162       -0.6073
 163       -0.6061
 164       -0.5121
 165       -0.4817
 166       -0.1688
 167       -0.0458
 168        0.3009
 169        0.4453
 170        0.6812
 171        0.7907
 172        0.8266
 173        1.1896
 174        1.2719
 175        1.4096
 176        1.9834
 177        2.4263
 178        2.5389
 179        2.9696
 180        3.0121
 181        3.1388
 182        3.7186
 183        3.9585
 184        4.2382
 185        4.2779
 186        4.5528
 187        4.6901
 188        4.8312
 189        4.9671
 190        5.1084
 191        5.4556
 192        5.5798
 193        5.6406
 194        6.0351
 195        6.2453
 196        6.7713
 197        6.8111
 198        7.0956
 199        7.1177
 200        7.1464
 201        7.3669
 202        7.5017
 203        7.6572
 204        7.6990
 205        7.8796
 206        8.0457
 207        8.0650
 208        8.4550
 209        8.8048
 210        8.8675
 211        8.9370
 212        9.0454
 
  0.3125000E+00  0.3125000E+00  0.6250000E-01  0.4687500E-01
   1       -4.0080
   2       -3.2946
   3       -3.2946
   4       -3.1815
   5       -3.1585
   6       -3.1386
   7       -3.1277
   8       -3.1277
   9       -3.0664
  10       -3.0664
  11       -3.0578
  12       -3.0578
  13       -2.9912
  14       -2.9070
  15       -2.9070
  16       -2.8994
  17       -2.8994
  18       -2.8968
  19       -2.8952
  20       -2.8952
  21       -2.8579
  22       -2.8579
  23       -2.8559
  24       -2.8387
  25       -2.8387
  26       -2.8274
  27       -2.8078
  28       -2.8078
  29       -2.7834
  30       -2.7338
  31       -2.7338
  32       -2.7197
  33       -2.7197
  34       -2.7175
  35       -2.7175
  36       -2.6226
  37       -2.6226
  38       -2.6213
  39       -2.6213
  40       -2.6137
  41       -2.6137
  42       -2.4856
  43       -2.4856
  44       -2.4707
  45       -2.4707
  46       -2.4269
  47       -2.3826
  48       -2.3826
  49       -2.3681
  50       -2.3681
  51       -2.3568
  52       -2.3568
  53       -2.3455
  54       -2.3452
  55       -2.2923
  56       -2.2420
  57       -2.2420
  58       -2.1858
  59       -2.1509
  60       -2.1509
  61       -2.1382
  62       -2.0968
  63       -2.0968
  64       -2.0960
  65       -2.0960
  66       -2.0879
  67       -2.0390
  68       -2.0390
  69       -2.0040
  70       -1.9985
  71       -1.9713
  72       -1.9648
  73       -1.9258
  74       -1.9258
  75       -1.9253
  76       -1.9074
  77       -1.9041
  78       -1.9041
  79       -1.8792
  80       -1.8757
  81       -1.8757
  82       -1.8588
  83       -1.8588
  84       -1.8547
  85       -1.8316
  86       -1.8316
  87       -1.7773
  88       -1.7773
  89       -1.7707
  90       -1.7707
  91       -1.7672
  92       -1.7672
  93       -1.7118
  94       -1.7118
  95       -1.6965
  96       -1.6857
  97       -1.6857
  98       -1.6788
  99       -1.6589
 100       -1.6589
 101       -1.6031
 102       -1.6031
 103       -1.5815
 104       -1.5687
 105       -1.5687
 106       -1.5559
 107       -1.4658
 108       -1.4658
 109       -1.4390
 110       -1.4390
 111       -1.4002
 112       -1.3651
 113       -1.3629
 114       -1.3629
 115       -1.2831
 116       -1.2649
 117       -1.2649
 118       -1.2350
 119       -1.2043
 120       -1.2043
 121       -1.1820
 122       -1.1820
 123       -1.1194
 124       -1.1048
 125       -1.1048
 126       -1.1025
 127       -1.1025
 128       -1.0931
 129       -1.0931
 130       -1.0896
 131       -1.0896
 132       -1.0594
 133       -1.0594
 134       -1.0398
 135       -1.0247
 136       -1.0247
 137       -0.9790
 138       -0.9790
 139       -0.9557
 140       -0.9334
 141       -0.9256
 142       -0.8863
 143       -0.8863
 144       -0.8839
 145       -0.8839
 146       -0.8771
 147       -0.8771
 148       -0.8742
 149       -0.8130
 150       -0.8130
 151       -0.7900
 152       -0.7398
 153       -0.7398
 154       -0.7342
 155       -0.7283
 156       -0.7283
 157       -0.6841
 158       -0.6841
 159       -0.6818
 160       -0.6818
 161       -0.6692
 162       -0.6687
 163       -0.6687
 164       -0.6418
 165       -0.5182
 166       -0.1961
 167        0.2072
 168        0.2072
 169        0.6213
 170        0.7367
 171        0.7367
 172        0.7466
 173        0.7466
 174        1.2683
 175        1.9121
 176        1.9121
 177        3.0403
 178        3.0403
 179        3.0737
 180        3.0737
 181        3.1937
 182        3.1937
 183        3.5929
 184        3.5929
 185        4.3280
 186        4.3280
 187        4.7577
 188        4.8411
 189        5.2319
 190        5.2319
 191        5.5718
 192        5.5718
 193        6.2039
 194        6.2039
 195        6.2331
 196        6.2331
 197        6.6273
 198        6.6273
 199        7.0377
 200        7.1049
 201        7.1049
 202        7.1664
 203        7.1664
 204        7.4309
 205        7.5997
 206        8.0203
 207        8.6081
 208        8.6340
 209        9.1133
 210        9.2439
 211        9.2923
 212        9.4819
 
  0.4375000E+00  0.3125000E+00  0.6250000E-01  0.9375000E-01
   1       -3.8132
   2       -3.5685
   3       -3.1551
   4       -3.1206
   5       -3.0968
   6       -3.0724
   7       -3.0579
   8       -3.0380
   9       -3.0291
  10       -3.0090
  11       -3.0089
  12       -2.9925
  13       -2.9786
  14       -2.9780
  15       -2.9745
  16       -2.9650
  17       -2.9606
  18       -2.9310
  19       -2.9280
  20       -2.9155
  21       -2.9128
  22       -2.8821
  23       -2.8813
  24       -2.8695
  25       -2.8684
  26       -2.8566
  27       -2.8510
  28       -2.8487
  29       -2.8430
  30       -2.8229
  31       -2.7558
  32       -2.7381
  33       -2.7347
  34       -2.7311
  35       -2.6866
  36       -2.6746
  37       -2.6691
  38       -2.6558
  39       -2.6370
  40       -2.6067
  41       -2.5984
  42       -2.5848
  43       -2.5185
  44       -2.5104
  45       -2.4746
  46       -2.4479
  47       -2.4200
  48       -2.4035
  49       -2.3613
  50       -2.3464
  51       -2.3349
  52       -2.3317
  53       -2.2993
  54       -2.2924
  55       -2.2879
  56       -2.2787
  57       -2.2312
  58       -2.1792
  59       -2.1510
  60       -2.1448
  61       -2.1404
  62       -2.0835
  63       -2.0834
  64       -2.0501
  65       -2.0060
  66       -2.0009
  67       -1.9902
  68       -1.9887
  69       -1.9713
  70       -1.9557
  71       -1.9486
  72       -1.9460
  73       -1.9428
  74       -1.9253
  75       -1.9073
  76       -1.9049
  77       -1.9009
  78       -1.8949
  79       -1.8821
  80       -1.8821
  81       -1.8794
  82       -1.8791
  83       -1.8669
  84       -1.8577
  85       -1.8491
  86       -1.8204
  87       -1.8171
  88       -1.8082
  89       -1.7595
  90       -1.7441
  91       -1.7411
  92       -1.7366
  93       -1.7343
  94       -1.7221
  95       -1.7206
  96       -1.6905
  97       -1.6552
  98       -1.6311
  99       -1.6147
 100       -1.5886
 101       -1.5840
 102       -1.5405
 103       -1.5326
 104       -1.5209
 105       -1.5207
 106       -1.4957
 107       -1.4664
 108       -1.4649
 109       -1.4470
 110       -1.4377
 111       -1.4362
 112       -1.4306
 113       -1.4249
 114       -1.4236
 115       -1.4229
 116       -1.3163
 117       -1.3154
 118       -1.2960
 119       -1.2865
 120       -1.2428
 121       -1.2323
 122       -1.2237
 123       -1.1794
 124       -1.1793
 125       -1.1387
 126       -1.1364
 127       -1.1080
 128       -1.1040
 129       -1.0883
 130       -1.0318
 131       -0.9995
 132       -0.9940
 133       -0.9859
 134       -0.9713
 135       -0.9594
 136       -0.9588
 137       -0.9586
 138       -0.9274
 139       -0.9165
 140       -0.9008
 141       -0.8932
 142       -0.8733
 143       -0.8604
 144       -0.8603
 145       -0.8568
 146       -0.8459
 147       -0.8210
 148       -0.8177
 149       -0.8172
 150       -0.8120
 151       -0.8102
 152       -0.7827
 153       -0.7730
 154       -0.7716
 155       -0.7684
 156       -0.7668
 157       -0.7662
 158       -0.7656
 159       -0.7621
 160       -0.7436
 161       -0.6787
 162       -0.6781
 163       -0.6745
 164       -0.6657
 165       -0.4471
 166       -0.1495
 167        0.0500
 168        0.2586
 169        0.3685
 170        0.3823
 171        0.8479
 172        1.0162
 173        1.0839
 174        1.4619
 175        1.4782
 176        2.2525
 177        2.6574
 178        3.1534
 179        3.2403
 180        3.4354
 181        3.4692
 182        3.5746
 183        3.6577
 184        3.8254
 185        3.8596
 186        4.3628
 187        4.6740
 188        5.1726
 189        5.2285
 190        5.3238
 191        5.4913
 192        5.6505
 193        5.6995
 194        5.8404
 195        5.9547
 196        6.2464
 197        6.2795
 198        6.3329
 199        6.4494
 200        6.5577
 201        6.7746
 202        6.9624
 203        7.6726
 204        7.7557
 205        7.9841
 206        8.3519
 207        8.5570
 208        8.5913
 209        8.7442
 210        8.8601
 211        9.0762
 212        9.7629
 
  0.4375000E+00  0.4375000E+00  0.6250000E-01  0.4687500E-01
   1       -3.6311
   2       -3.4050
   3       -3.4050
   4       -3.2063
   5       -3.0794
   6       -3.0508
   7       -3.0277
   8       -3.0113
   9       -3.0113
  10       -2.9783
  11       -2.9783
  12       -2.9729
  13       -2.9712
  14       -2.9712
  15       -2.9598
  16       -2.9598
  17       -2.9242
  18       -2.9229
  19       -2.9158
  20       -2.9158
  21       -2.8983
  22       -2.8983
  23       -2.8758
  24       -2.8758
  25       -2.8629
  26       -2.8629
  27       -2.8329
  28       -2.8329
  29       -2.7989
  30       -2.7989
  31       -2.7967
  32       -2.7967
  33       -2.7778
  34       -2.7778
  35       -2.7733
  36       -2.7733
  37       -2.7698
  38       -2.7123
  39       -2.7123
  40       -2.6931
  41       -2.6931
  42       -2.6442
  43       -2.6442
  44       -2.5221
  45       -2.4599
  46       -2.4599
  47       -2.4025
  48       -2.4025
  49       -2.3985
  50       -2.3985
  51       -2.3486
  52       -2.3486
  53       -2.3117
  54       -2.2968
  55       -2.2968
  56       -2.2517
  57       -2.1570
  58       -2.1304
  59       -2.1263
  60       -2.1263
  61       -2.0706
  62       -2.0574
  63       -2.0574
  64       -2.0370
  65       -1.9527
  66       -1.9182
  67       -1.9126
  68       -1.9087
  69       -1.8972
  70       -1.8736
  71       -1.8736
  72       -1.8646
  73       -1.8595
  74       -1.8595
  75       -1.8521
  76       -1.8490
  77       -1.8490
  78       -1.8425
  79       -1.8425
  80       -1.8397
  81       -1.8397
  82       -1.8065
  83       -1.7959
  84       -1.7773
  85       -1.7773
  86       -1.7469
  87       -1.7469
  88       -1.7440
  89       -1.7440
  90       -1.7386
  91       -1.7386
  92       -1.7269
  93       -1.7269
  94       -1.7200
  95       -1.7148
  96       -1.7148
  97       -1.6543
  98       -1.6503
  99       -1.6503
 100       -1.6232
 101       -1.6232
 102       -1.6112
 103       -1.6009
 104       -1.6009
 105       -1.5709
 106       -1.5709
 107       -1.5479
 108       -1.5479
 109       -1.5314
 110       -1.5314
 111       -1.5240
 112       -1.5225
 113       -1.5211
 114       -1.5211
 115       -1.4885
 116       -1.4885
 117       -1.4637
 118       -1.4110
 119       -1.4110
 120       -1.3544
 121       -1.2213
 122       -1.1878
 123       -1.1489
 124       -1.1489
 125       -1.0934
 126       -1.0934
 127       -1.0685
 128       -1.0468
 129       -1.0468
 130       -1.0027
 131       -1.0027
 132       -0.9866
 133       -0.9866
 134       -0.9550
 135       -0.9161
 136       -0.9161
 137       -0.9033
 138       -0.9033
 139       -0.8944
 140       -0.8830
 141       -0.8830
 142       -0.8492
 143       -0.8492
 144       -0.8381
 145       -0.8154
 146       -0.8148
 147       -0.8148
 148       -0.8139
 149       -0.7811
 150       -0.7811
 151       -0.7780
 152       -0.7780
 153       -0.7753
 154       -0.7753
 155       -0.7667
 156       -0.7654
 157       -0.7654
 158       -0.7627
 159       -0.7627
 160       -0.7594
 161       -0.7594
 162       -0.7523
 163       -0.7523
 164       -0.7171
 165       -0.3230
 166       -0.0804
 167       -0.0804
 168        0.0884
 169        0.2294
 170        0.4983
 171        0.4983
 172        0.7114
 173        1.8113
 174        1.8113
 175        2.2136
 176        2.2136
 177        2.6052
 178        2.6052
 179        3.0157
 180        3.0157
 181        3.9230
 182        3.9230
 183        3.9382
 184        3.9382
 185        4.3454
 186        4.3454
 187        4.7365
 188        4.7365
 189        5.4140
 190        5.4140
 191        5.5653
 192        5.5653
 193        5.5946
 194        5.7159
 195        5.7159
 196        5.9668
 197        5.9668
 198        6.0441
 199        6.0441
 200        6.2012
 201        6.4717
 202        6.9514
 203        6.9514
 204        7.6030
 205        8.4811
 206        8.5188
 207        8.5472
 208        8.5519
 209        8.6694
 210        9.0666
 211        9.3016
 212        9.8086
 
  0.1875000E+00  0.1875000E+00  0.1875000E+00  0.1562500E-01
   1       -4.2123
   2       -3.2549
   3       -3.2191
   4       -3.2191
   5       -3.2191
   6       -3.1747
   7       -3.1747
   8       -3.1747
   9       -3.1275
  10       -3.1275
  11       -3.1275
  12       -3.0854
  13       -3.0854
  14       -3.0854
  15       -2.8762
  16       -2.8762
  17       -2.8762
  18       -2.7716
  19       -2.7716
  20       -2.7716
  21       -2.7609
  22       -2.7609
  23       -2.7609
  24       -2.7609
  25       -2.7609
  26       -2.7609
  27       -2.7496
  28       -2.7496
  29       -2.7496
  30       -2.6885
  31       -2.6885
  32       -2.6885
  33       -2.6431
  34       -2.6431
  35       -2.6431
  36       -2.6431
  37       -2.6431
  38       -2.6431
  39       -2.5464
  40       -2.5464
  41       -2.5464
  42       -2.5464
  43       -2.5464
  44       -2.5464
  45       -2.4725
  46       -2.4725
  47       -2.4725
  48       -2.2836
  49       -2.2836
  50       -2.2836
  51       -2.2836
  52       -2.2836
  53       -2.2836
  54       -2.2729
  55       -2.2729
  56       -2.2729
  57       -2.1753
  58       -2.1753
  59       -2.1753
  60       -2.1711
  61       -2.1711
  62       -2.1711
  63       -2.1352
  64       -2.0714
  65       -2.0714
  66       -2.0466
  67       -2.0466
  68       -2.0466
  69       -2.0466
  70       -2.0466
  71       -2.0466
  72       -2.0398
  73       -2.0398
  74       -2.0033
  75       -2.0033
  76       -2.0033
  77       -1.9390
  78       -1.9390
  79       -1.9390
  80       -1.9390
  81       -1.9390
  82       -1.9390
  83       -1.8748
  84       -1.8748
  85       -1.8748
  86       -1.8239
  87       -1.8239
  88       -1.8239
  89       -1.8189
  90       -1.8189
  91       -1.8189
  92       -1.7514
  93       -1.7514
  94       -1.7514
  95       -1.6876
  96       -1.6876
  97       -1.6876
  98       -1.5555
  99       -1.5555
 100       -1.5555
 101       -1.4953
 102       -1.4953
 103       -1.4953
 104       -1.4953
 105       -1.4953
 106       -1.4953
 107       -1.4784
 108       -1.4784
 109       -1.4784
 110       -1.3701
 111       -1.3701
 112       -1.3701
 113       -1.3342
 114       -1.3342
 115       -1.3283
 116       -1.3283
 117       -1.3283
 118       -1.2554
 119       -1.2554
 120       -1.2554
 121       -1.2372
 122       -1.2372
 123       -1.2372
 124       -1.2372
 125       -1.2372
 126       -1.2372
 127       -1.0869
 128       -1.0869
 129       -1.0869
 130       -1.0591
 131       -1.0591
 132       -1.0591
 133       -1.0537
 134       -1.0537
 135       -1.0537
 136       -1.0537
 137       -1.0537
 138       -1.0537
 139       -1.0037
 140       -1.0037
 141       -1.0037
 142       -0.8697
 143       -0.8697
 144       -0.8697
 145       -0.8433
 146       -0.8433
 147       -0.8433
 148       -0.8131
 149       -0.8131
 150       -0.8019
 151       -0.8019
 152       -0.8019
 153       -0.7085
 154       -0.7085
 155       -0.7085
 156       -0.6408
 157       -0.6408
 158       -0.6408
 159       -0.6408
 160       -0.6408
 161       -0.6408
 162       -0.6081
 163       -0.6081
 164       -0.6081
 165       -0.0470
 166       -0.0470
 167       -0.0470
 168        0.1557
 169        0.1557
 170        0.1557
 171        0.8110
 172        1.7449
 173        1.7449
 174        1.7449
 175        1.7449
 176        1.7449
 177        1.7449
 178        2.4788
 179        2.4788
 180        2.4788
 181        3.4412
 182        3.4412
 183        3.4412
 184        3.7180
 185        3.7180
 186        3.7180
 187        5.4234
 188        5.4234
 189        5.4234
 190        5.8170
 191        5.8170
 192        5.8170
 193        5.8170
 194        5.8170
 195        5.8170
 196        6.8910
 197        7.4925
 198        7.4925
 199        7.4929
 200        7.5073
 201        7.5073
 202        7.5073
 203        7.5073
 204        7.5074
 205        7.5078
 206        8.6451
 207        8.6580
 208        8.8919
 209        9.1580
 210        9.1942
 211        9.2438
 212        9.3376
 
  0.3125000E+00  0.1875000E+00  0.1875000E+00  0.4687500E-01
   1       -4.0760
   2       -3.3515
   3       -3.2219
   4       -3.1710
   5       -3.1697
   6       -3.1697
   7       -3.1185
   8       -3.1185
   9       -3.0955
  10       -3.0864
  11       -3.0534
  12       -3.0534
  13       -3.0299
  14       -3.0299
  15       -2.9492
  16       -2.9306
  17       -2.8776
  18       -2.8776
  19       -2.8589
  20       -2.8589
  21       -2.8475
  22       -2.8278
  23       -2.8278
  24       -2.7947
  25       -2.7947
  26       -2.7745
  27       -2.7617
  28       -2.7617
  29       -2.7227
  30       -2.7227
  31       -2.7148
  32       -2.7148
  33       -2.6997
  34       -2.6997
  35       -2.6899
  36       -2.6899
  37       -2.6522
  38       -2.6522
  39       -2.6221
  40       -2.6221
  41       -2.5322
  42       -2.5322
  43       -2.4935
  44       -2.4935
  45       -2.4108
  46       -2.4108
  47       -2.3791
  48       -2.3654
  49       -2.3654
  50       -2.3077
  51       -2.2896
  52       -2.2896
  53       -2.2682
  54       -2.2682
  55       -2.2630
  56       -2.2630
  57       -2.2172
  58       -2.1902
  59       -2.1902
  60       -2.1801
  61       -2.1801
  62       -2.1639
  63       -2.1085
  64       -2.1085
  65       -2.0921
  66       -2.0781
  67       -2.0781
  68       -2.0577
  69       -2.0484
  70       -2.0070
  71       -2.0030
  72       -1.9835
  73       -1.9835
  74       -1.9517
  75       -1.9517
  76       -1.9380
  77       -1.9326
  78       -1.9326
  79       -1.9028
  80       -1.9028
  81       -1.8935
  82       -1.8935
  83       -1.8843
  84       -1.8843
  85       -1.8695
  86       -1.8695
  87       -1.8518
  88       -1.8360
  89       -1.7892
  90       -1.7393
  91       -1.7393
  92       -1.7107
  93       -1.7107
  94       -1.7038
  95       -1.7008
  96       -1.7008
  97       -1.6550
  98       -1.6470
  99       -1.6470
 100       -1.6155
 101       -1.5937
 102       -1.5937
 103       -1.4880
 104       -1.4880
 105       -1.4472
 106       -1.4472
 107       -1.4094
 108       -1.4029
 109       -1.4029
 110       -1.3762
 111       -1.3762
 112       -1.3736
 113       -1.3668
 114       -1.3668
 115       -1.3064
 116       -1.3029
 117       -1.2778
 118       -1.2778
 119       -1.2455
 120       -1.2455
 121       -1.2411
 122       -1.2100
 123       -1.2100
 124       -1.2075
 125       -1.2075
 126       -1.2048
 127       -1.2045
 128       -1.1542
 129       -1.1458
 130       -1.1458
 131       -1.0060
 132       -1.0060
 133       -0.9923
 134       -0.9923
 135       -0.9858
 136       -0.9858
 137       -0.9481
 138       -0.9481
 139       -0.9343
 140       -0.9343
 141       -0.9328
 142       -0.9328
 143       -0.9187
 144       -0.9015
 145       -0.8967
 146       -0.8825
 147       -0.8794
 148       -0.8794
 149       -0.8792
 150       -0.8592
 151       -0.8592
 152       -0.8009
 153       -0.7273
 154       -0.7162
 155       -0.7162
 156       -0.6982
 157       -0.6982
 158       -0.6961
 159       -0.6961
 160       -0.6395
 161       -0.6382
 162       -0.6382
 163       -0.6176
 164       -0.6176
 165       -0.2171
 166       -0.2171
 167        0.1562
 168        0.1961
 169        0.1961
 170        0.4540
 171        0.5968
 172        1.2881
 173        1.2881
 174        1.8226
 175        1.8226
 176        2.2886
 177        2.2886
 178        2.4373
 179        2.4373
 180        2.9422
 181        3.0566
 182        3.5113
 183        3.9915
 184        3.9915
 185        4.1306
 186        4.1306
 187        4.9166
 188        4.9166
 189        5.2030
 190        5.2934
 191        5.2934
 192        5.9349
 193        5.9349
 194        6.0019
 195        6.0019
 196        6.5792
 197        6.5921
 198        6.5921
 199        7.0358
 200        7.0359
 201        7.5493
 202        7.6925
 203        7.6933
 204        8.0782
 205        8.0823
 206        8.2254
 207        8.2550
 208        8.6751
 209        8.6889
 210        8.7019
 211        9.4111
 212        9.7083
 
  0.4375000E+00  0.1875000E+00  0.1875000E+00  0.4687500E-01
   1       -3.8782
   2       -3.6296
   3       -3.1570
   4       -3.1054
   5       -3.0941
   6       -3.0941
   7       -3.0598
   8       -3.0354
   9       -3.0354
  10       -3.0291
  11       -3.0245
  12       -2.9965
  13       -2.9945
  14       -2.9945
  15       -2.9615
  16       -2.9615
  17       -2.9507
  18       -2.9507
  19       -2.9428
  20       -2.9267
  21       -2.9267
  22       -2.8917
  23       -2.8917
  24       -2.8849
  25       -2.8267
  26       -2.8267
  27       -2.8200
  28       -2.8200
  29       -2.7641
  30       -2.7641
  31       -2.7578
  32       -2.7578
  33       -2.7457
  34       -2.7457
  35       -2.6610
  36       -2.6610
  37       -2.6253
  38       -2.6253
  39       -2.5289
  40       -2.5289
  41       -2.5044
  42       -2.5044
  43       -2.4485
  44       -2.4485
  45       -2.4230
  46       -2.4230
  47       -2.3898
  48       -2.3898
  49       -2.3478
  50       -2.3478
  51       -2.3229
  52       -2.3229
  53       -2.2968
  54       -2.2928
  55       -2.2620
  56       -2.2392
  57       -2.2392
  58       -2.2312
  59       -2.2312
  60       -2.2191
  61       -2.2140
  62       -2.2140
  63       -2.0682
  64       -2.0682
  65       -2.0633
  66       -2.0546
  67       -2.0317
  68       -2.0317
  69       -2.0031
  70       -1.9972
  71       -1.9972
  72       -1.9484
  73       -1.9478
  74       -1.9466
  75       -1.9466
  76       -1.9369
  77       -1.9358
  78       -1.9358
  79       -1.9257
  80       -1.9257
  81       -1.9179
  82       -1.9179
  83       -1.8816
  84       -1.8816
  85       -1.8804
  86       -1.8767
  87       -1.8551
  88       -1.8316
  89       -1.8316
  90       -1.8138
  91       -1.8138
  92       -1.7587
  93       -1.7315
  94       -1.7315
  95       -1.7238
  96       -1.7238
  97       -1.5552
  98       -1.5552
  99       -1.5319
 100       -1.4514
 101       -1.4514
 102       -1.4494
 103       -1.4203
 104       -1.4130
 105       -1.4130
 106       -1.4107
 107       -1.4107
 108       -1.3883
 109       -1.3883
 110       -1.3835
 111       -1.3835
 112       -1.3641
 113       -1.3379
 114       -1.3375
 115       -1.3375
 116       -1.3259
 117       -1.3259
 118       -1.3225
 119       -1.3225
 120       -1.2729
 121       -1.2729
 122       -1.2660
 123       -1.2560
 124       -1.2560
 125       -1.2146
 126       -1.2064
 127       -1.2064
 128       -1.1394
 129       -1.1155
 130       -1.0878
 131       -1.0678
 132       -1.0446
 133       -1.0446
 134       -0.9990
 135       -0.9970
 136       -0.9847
 137       -0.9523
 138       -0.9523
 139       -0.9455
 140       -0.9455
 141       -0.8908
 142       -0.8908
 143       -0.8540
 144       -0.8540
 145       -0.8527
 146       -0.8527
 147       -0.8374
 148       -0.8324
 149       -0.8324
 150       -0.7858
 151       -0.7858
 152       -0.7719
 153       -0.7719
 154       -0.7714
 155       -0.7694
 156       -0.7694
 157       -0.7577
 158       -0.7577
 159       -0.7381
 160       -0.6835
 161       -0.6338
 162       -0.6338
 163       -0.6269
 164       -0.6269
 165       -0.5272
 166       -0.5272
 167        0.1767
 168        0.2550
 169        0.5112
 170        0.5112
 171        0.8773
 172        0.8773
 173        1.3284
 174        1.9413
 175        1.9413
 176        2.0998
 177        2.0998
 178        2.1218
 179        3.2034
 180        3.2034
 181        3.4513
 182        3.5583
 183        4.0344
 184        4.0344
 185        4.3624
 186        4.3624
 187        4.8035
 188        4.8035
 189        4.8845
 190        4.8845
 191        5.2952
 192        5.6967
 193        5.6967
 194        5.8001
 195        6.2945
 196        6.2945
 197        6.5952
 198        6.5952
 199        6.6325
 200        6.6325
 201        7.3645
 202        7.3645
 203        7.9547
 204        7.9597
 205        8.2851
 206        8.2901
 207        8.3036
 208        8.5515
 209        8.6560
 210        8.7157
 211        9.0087
 212        9.2675
 
  0.3125000E+00  0.3125000E+00  0.1875000E+00  0.4687500E-01
   1       -3.9462
   2       -3.2695
   3       -3.2695
   4       -3.2033
   5       -3.1375
   6       -3.1252
   7       -3.1252
   8       -3.0787
   9       -3.0410
  10       -3.0410
  11       -3.0259
  12       -3.0101
  13       -3.0101
  14       -2.9684
  15       -2.9662
  16       -2.9662
  17       -2.9255
  18       -2.9242
  19       -2.9242
  20       -2.8836
  21       -2.8836
  22       -2.8769
  23       -2.8378
  24       -2.8378
  25       -2.8235
  26       -2.8235
  27       -2.7917
  28       -2.7749
  29       -2.7749
  30       -2.7565
  31       -2.7565
  32       -2.7512
  33       -2.7512
  34       -2.7346
  35       -2.7346
  36       -2.7136
  37       -2.7136
  38       -2.6542
  39       -2.6542
  40       -2.6061
  41       -2.6061
  42       -2.5352
  43       -2.4880
  44       -2.4880
  45       -2.3957
  46       -2.3957
  47       -2.3418
  48       -2.3418
  49       -2.3356
  50       -2.3356
  51       -2.3318
  52       -2.3318
  53       -2.3182
  54       -2.2921
  55       -2.2444
  56       -2.2444
  57       -2.2352
  58       -2.2352
  59       -2.1948
  60       -2.1904
  61       -2.1717
  62       -2.0629
  63       -2.0629
  64       -2.0469
  65       -2.0421
  66       -2.0421
  67       -2.0215
  68       -1.9893
  69       -1.9751
  70       -1.9519
  71       -1.9519
  72       -1.9445
  73       -1.9445
  74       -1.9186
  75       -1.9117
  76       -1.9117
  77       -1.9054
  78       -1.8789
  79       -1.8789
  80       -1.8693
  81       -1.8693
  82       -1.8614
  83       -1.8614
  84       -1.8569
  85       -1.8524
  86       -1.8022
  87       -1.8022
  88       -1.7895
  89       -1.7751
  90       -1.7751
  91       -1.7660
  92       -1.7660
  93       -1.7645
  94       -1.7218
  95       -1.7177
  96       -1.7177
  97       -1.7099
  98       -1.7099
  99       -1.5853
 100       -1.5853
 101       -1.5756
 102       -1.5756
 103       -1.5214
 104       -1.5214
 105       -1.4879
 106       -1.4879
 107       -1.4752
 108       -1.4427
 109       -1.4302
 110       -1.3784
 111       -1.3625
 112       -1.3625
 113       -1.3531
 114       -1.3432
 115       -1.3432
 116       -1.3413
 117       -1.3413
 118       -1.3132
 119       -1.3132
 120       -1.3027
 121       -1.2405
 122       -1.2405
 123       -1.2357
 124       -1.2357
 125       -1.1997
 126       -1.1997
 127       -1.1538
 128       -1.1538
 129       -1.1112
 130       -1.1112
 131       -1.0815
 132       -1.0787
 133       -1.0787
 134       -1.0410
 135       -1.0274
 136       -1.0170
 137       -0.9699
 138       -0.9277
 139       -0.9277
 140       -0.9080
 141       -0.9080
 142       -0.8840
 143       -0.8804
 144       -0.8804
 145       -0.8677
 146       -0.8609
 147       -0.8609
 148       -0.8538
 149       -0.8538
 150       -0.8002
 151       -0.7871
 152       -0.7871
 153       -0.7201
 154       -0.7201
 155       -0.7170
 156       -0.7170
 157       -0.7029
 158       -0.6908
 159       -0.6908
 160       -0.6879
 161       -0.6879
 162       -0.6429
 163       -0.6429
 164       -0.6381
 165       -0.5377
 166       -0.2330
 167       -0.2330
 168        0.0449
 169        0.3817
 170        0.8451
 171        0.8451
 172        1.3766
 173        1.3766
 174        1.9706
 175        1.9706
 176        1.9776
 177        2.5389
 178        2.5389
 179        3.0052
 180        3.0052
 181        3.2014
 182        3.2014
 183        4.1936
 184        4.1936
 185        4.2473
 186        4.4215
 187        4.4215
 188        4.8060
 189        5.0779
 190        5.0779
 191        5.4932
 192        5.4932
 193        5.5613
 194        5.5613
 195        6.1485
 196        6.1485
 197        6.5375
 198        6.5730
 199        6.7696
 200        6.7696
 201        7.2089
 202        7.2089
 203        7.7600
 204        7.7601
 205        8.2226
 206        8.2982
 207        8.3059
 208        8.6671
 209        8.8881
 210        8.9553
 211        9.4524
 212        9.6705
 
  0.4375000E+00  0.3125000E+00  0.1875000E+00  0.9375000E-01
   1       -3.7588
   2       -3.5259
   3       -3.1606
   4       -3.1551
   5       -3.0780
   6       -3.0761
   7       -3.0652
   8       -3.0527
   9       -3.0405
  10       -3.0156
  11       -3.0144
  12       -2.9961
  13       -2.9944
  14       -2.9922
  15       -2.9643
  16       -2.9552
  17       -2.9505
  18       -2.9443
  19       -2.9300
  20       -2.9065
  21       -2.8740
  22       -2.8733
  23       -2.8724
  24       -2.8669
  25       -2.8590
  26       -2.8576
  27       -2.8566
  28       -2.8530
  29       -2.8419
  30       -2.8020
  31       -2.7902
  32       -2.7840
  33       -2.7683
  34       -2.7540
  35       -2.7461
  36       -2.7341
  37       -2.7209
  38       -2.7151
  39       -2.6413
  40       -2.5946
  41       -2.5124
  42       -2.5074
  43       -2.5066
  44       -2.4657
  45       -2.4327
  46       -2.4149
  47       -2.4049
  48       -2.4033
  49       -2.3765
  50       -2.3285
  51       -2.3112
  52       -2.2941
  53       -2.2845
  54       -2.2780
  55       -2.2773
  56       -2.2647
  57       -2.2230
  58       -2.2174
  59       -2.2068
  60       -2.2041
  61       -2.1420
  62       -2.0514
  63       -2.0353
  64       -2.0341
  65       -1.9840
  66       -1.9575
  67       -1.9505
  68       -1.9496
  69       -1.9448
  70       -1.9410
  71       -1.9398
  72       -1.9316
  73       -1.9291
  74       -1.9091
  75       -1.8924
  76       -1.8903
  77       -1.8882
  78       -1.8856
  79       -1.8802
  80       -1.8780
  81       -1.8649
  82       -1.8412
  83       -1.8391
  84       -1.8315
  85       -1.8141
  86       -1.8066
  87       -1.8059
  88       -1.8034
  89       -1.8019
  90       -1.7983
  91       -1.7976
  92       -1.7903
  93       -1.7774
  94       -1.7488
  95       -1.6963
  96       -1.6904
  97       -1.6424
  98       -1.6244
  99       -1.5961
 100       -1.5555
 101       -1.5417
 102       -1.5280
 103       -1.5216
 104       -1.4986
 105       -1.4971
 106       -1.4895
 107       -1.4830
 108       -1.4590
 109       -1.4415
 110       -1.4276
 111       -1.4240
 112       -1.4106
 113       -1.4016
 114       -1.3813
 115       -1.3690
 116       -1.3544
 117       -1.3347
 118       -1.3033
 119       -1.2952
 120       -1.2732
 121       -1.2682
 122       -1.2635
 123       -1.2594
 124       -1.2506
 125       -1.2048
 126       -1.1966
 127       -1.1944
 128       -1.1866
 129       -1.1715
 130       -1.1186
 131       -1.1138
 132       -1.0990
 133       -1.0898
 134       -1.0605
 135       -1.0371
 136       -1.0107
 137       -0.9827
 138       -0.9821
 139       -0.9486
 140       -0.8573
 141       -0.8272
 142       -0.8251
 143       -0.8223
 144       -0.8133
 145       -0.8114
 146       -0.8039
 147       -0.7944
 148       -0.7943
 149       -0.7942
 150       -0.7884
 151       -0.7833
 152       -0.7794
 153       -0.7561
 154       -0.7553
 155       -0.7520
 156       -0.7513
 157       -0.7441
 158       -0.7330
 159       -0.7269
 160       -0.7233
 161       -0.6790
 162       -0.6781
 163       -0.6752
 164       -0.6598
 165       -0.6586
 166       -0.5513
 167       -0.2366
 168       -0.1765
 169        0.6501
 170        0.9850
 171        1.1690
 172        1.5179
 173        1.5473
 174        1.5787
 175        1.7179
 176        2.3747
 177        2.6828
 178        2.7294
 179        2.8519
 180        3.3260
 181        3.5499
 182        3.5526
 183        3.6922
 184        3.9625
 185        4.1340
 186        4.1763
 187        4.5982
 188        4.9013
 189        5.0201
 190        5.2478
 191        5.3432
 192        5.4943
 193        5.5306
 194        5.7655
 195        5.8151
 196        5.9693
 197        6.1608
 198        6.1706
 199        6.3752
 200        6.9093
 201        7.0282
 202        7.2380
 203        7.3606
 204        7.8436
 205        8.0216
 206        8.4131
 207        8.5775
 208        8.9189
 209        8.9436
 210        8.9989
 211        9.3787
 212        9.5418
 
  0.4375000E+00  0.4375000E+00  0.1875000E+00  0.4687500E-01
   1       -3.5888
   2       -3.3818
   3       -3.3818
   4       -3.2127
   5       -3.1280
   6       -3.0745
   7       -3.0745
   8       -3.0539
   9       -3.0354
  10       -2.9980
  11       -2.9980
  12       -2.9790
  13       -2.9663
  14       -2.9663
  15       -2.9363
  16       -2.9363
  17       -2.9249
  18       -2.9249
  19       -2.9160
  20       -2.9073
  21       -2.9052
  22       -2.9052
  23       -2.8881
  24       -2.8881
  25       -2.8519
  26       -2.8519
  27       -2.8387
  28       -2.8387
  29       -2.8180
  30       -2.8180
  31       -2.8106
  32       -2.8106
  33       -2.7698
  34       -2.7698
  35       -2.7483
  36       -2.7483
  37       -2.7469
  38       -2.7168
  39       -2.7168
  40       -2.6247
  41       -2.6247
  42       -2.6241
  43       -2.6241
  44       -2.5075
  45       -2.4195
  46       -2.4195
  47       -2.3757
  48       -2.3757
  49       -2.3714
  50       -2.3714
  51       -2.3338
  52       -2.3338
  53       -2.2906
  54       -2.2357
  55       -2.2357
  56       -2.2229
  57       -2.2229
  58       -2.2205
  59       -2.2094
  60       -2.2025
  61       -2.0228
  62       -2.0131
  63       -2.0131
  64       -1.9997
  65       -1.9459
  66       -1.9213
  67       -1.9055
  68       -1.8994
  69       -1.8994
  70       -1.8953
  71       -1.8803
  72       -1.8803
  73       -1.8730
  74       -1.8730
  75       -1.8656
  76       -1.8558
  77       -1.8482
  78       -1.8481
  79       -1.8481
  80       -1.8453
  81       -1.8329
  82       -1.8329
  83       -1.8004
  84       -1.8004
  85       -1.7778
  86       -1.7715
  87       -1.7715
  88       -1.7383
  89       -1.7383
  90       -1.7209
  91       -1.7209
  92       -1.6763
  93       -1.6755
  94       -1.6755
  95       -1.6713
  96       -1.6713
  97       -1.6671
  98       -1.6521
  99       -1.6521
 100       -1.6303
 101       -1.6008
 102       -1.6008
 103       -1.5902
 104       -1.5902
 105       -1.5596
 106       -1.5596
 107       -1.5574
 108       -1.5574
 109       -1.5564
 110       -1.5564
 111       -1.4804
 112       -1.4804
 113       -1.4575
 114       -1.4357
 115       -1.4357
 116       -1.4267
 117       -1.4229
 118       -1.4229
 119       -1.4229
 120       -1.3889
 121       -1.2815
 122       -1.2079
 123       -1.1988
 124       -1.1988
 125       -1.1893
 126       -1.1893
 127       -1.1465
 128       -1.1465
 129       -1.1225
 130       -1.1149
 131       -1.1149
 132       -1.1080
 133       -1.1080
 134       -1.0490
 135       -1.0490
 136       -1.0181
 137       -1.0181
 138       -0.9855
 139       -0.9785
 140       -0.9264
 141       -0.7864
 142       -0.7864
 143       -0.7797
 144       -0.7767
 145       -0.7612
 146       -0.7612
 147       -0.7524
 148       -0.7524
 149       -0.7487
 150       -0.7487
 151       -0.7485
 152       -0.7485
 153       -0.7479
 154       -0.7467
 155       -0.7467
 156       -0.7355
 157       -0.7355
 158       -0.7295
 159       -0.7295
 160       -0.7269
 161       -0.7269
 162       -0.7156
 163       -0.6988
 164       -0.6988
 165       -0.6962
 166       -0.5589
 167       -0.5589
 168       -0.4620
 169        0.8669
 170        1.1583
 171        1.1583
 172        1.4026
 173        1.9089
 174        1.9089
 175        2.2965
 176        2.2965
 177        2.7117
 178        2.7117
 179        3.1092
 180        3.1092
 181        3.4898
 182        3.4898
 183        3.6514
 184        3.6514
 185        4.3538
 186        4.3538
 187        4.4445
 188        4.4445
 189        4.9255
 190        5.3229
 191        5.3229
 192        5.5806
 193        5.5806
 194        5.6826
 195        5.8049
 196        5.8049
 197        6.1962
 198        6.1962
 199        6.3020
 200        6.5173
 201        6.5173
 202        7.0513
 203        7.0513
 204        7.7631
 205        7.9547
 206        8.7573
 207        8.8128
 208        9.2393
 209        9.2560
 210        9.4090
 211        9.4538
 212        9.6586
 
  0.3125000E+00  0.3125000E+00  0.3125000E+00  0.1562500E-01
   1       -3.8258
   2       -3.2239
   3       -3.2239
   4       -3.2239
   5       -3.2009
   6       -3.0982
   7       -3.0982
   8       -3.0982
   9       -3.0313
  10       -3.0313
  11       -3.0313
  12       -3.0073
  13       -3.0073
  14       -3.0073
  15       -2.9268
  16       -2.9268
  17       -2.9268
  18       -2.9222
  19       -2.9222
  20       -2.9222
  21       -2.8572
  22       -2.8572
  23       -2.8572
  24       -2.8572
  25       -2.8572
  26       -2.8572
  27       -2.8165
  28       -2.8165
  29       -2.8165
  30       -2.8075
  31       -2.8075
  32       -2.8075
  33       -2.8075
  34       -2.8075
  35       -2.8075
  36       -2.6514
  37       -2.6514
  38       -2.6514
  39       -2.5709
  40       -2.5709
  41       -2.5709
  42       -2.5709
  43       -2.5709
  44       -2.5709
  45       -2.3402
  46       -2.3402
  47       -2.3402
  48       -2.3365
  49       -2.3365
  50       -2.3365
  51       -2.3365
  52       -2.3365
  53       -2.3365
  54       -2.2526
  55       -2.2526
  56       -2.2526
  57       -2.2447
  58       -2.2447
  59       -2.2447
  60       -2.1568
  61       -2.0428
  62       -2.0428
  63       -2.0428
  64       -2.0167
  65       -2.0167
  66       -1.9700
  67       -1.9700
  68       -1.9386
  69       -1.9386
  70       -1.9386
  71       -1.9386
  72       -1.9386
  73       -1.9386
  74       -1.8881
  75       -1.8881
  76       -1.8881
  77       -1.8740
  78       -1.8740
  79       -1.8740
  80       -1.8368
  81       -1.8368
  82       -1.8368
  83       -1.8278
  84       -1.8278
  85       -1.8278
  86       -1.7771
  87       -1.7771
  88       -1.7771
  89       -1.7724
  90       -1.7724
  91       -1.7724
  92       -1.7724
  93       -1.7724
  94       -1.7724
  95       -1.7296
  96       -1.7296
  97       -1.7296
  98       -1.5664
  99       -1.5664
 100       -1.5664
 101       -1.5273
 102       -1.5273
 103       -1.5273
 104       -1.4810
 105       -1.4810
 106       -1.4810
 107       -1.4810
 108       -1.4810
 109       -1.4810
 110       -1.4687
 111       -1.4687
 112       -1.4687
 113       -1.3636
 114       -1.3636
 115       -1.3636
 116       -1.3366
 117       -1.3366
 118       -1.3188
 119       -1.3188
 120       -1.3188
 121       -1.2616
 122       -1.2616
 123       -1.2616
 124       -1.2395
 125       -1.2395
 126       -1.2395
 127       -1.2395
 128       -1.2395
 129       -1.2395
 130       -1.1618
 131       -1.1618
 132       -1.1618
 133       -1.1259
 134       -1.1259
 135       -1.1259
 136       -1.0464
 137       -1.0464
 138       -1.0464
 139       -0.9638
 140       -0.9638
 141       -0.8183
 142       -0.8183
 143       -0.8183
 144       -0.8074
 145       -0.8074
 146       -0.8074
 147       -0.8074
 148       -0.8074
 149       -0.8074
 150       -0.7375
 151       -0.7375
 152       -0.7375
 153       -0.7037
 154       -0.7037
 155       -0.7037
 156       -0.7037
 157       -0.7037
 158       -0.7037
 159       -0.6972
 160       -0.6972
 161       -0.6972
 162       -0.6404
 163       -0.6404
 164       -0.6404
 165       -0.5744
 166       -0.5744
 167       -0.5744
 168       -0.4278
 169        1.0510
 170        1.0510
 171        1.0510
 172        2.0873
 173        2.0873
 174        2.0873
 175        2.0873
 176        2.0873
 177        2.0873
 178        2.7423
 179        2.7423
 180        2.7423
 181        3.4403
 182        3.4403
 183        3.4403
 184        4.5999
 185        4.5999
 186        4.5999
 187        4.5999
 188        4.5999
 189        4.5999
 190        4.8058
 191        4.8058
 192        4.8058
 193        5.7699
 194        5.7699
 195        5.7699
 196        6.1045
 197        6.1045
 198        6.1045
 199        7.3938
 200        7.3938
 201        7.3938
 202        7.3938
 203        7.3938
 204        7.3942
 205        8.4077
 206        8.4077
 207        8.4078
 208        8.4114
 209        8.4195
 210        8.5631
 211        9.1522
 212       10.1973
 
  0.4375000E+00  0.3125000E+00  0.3125000E+00  0.4687500E-01
   1       -3.6544
   2       -3.4459
   3       -3.1720
   4       -3.1647
   5       -3.1647
   6       -3.1154
   7       -3.0987
   8       -3.0987
   9       -3.0459
  10       -3.0436
  11       -3.0436
  12       -2.9865
  13       -2.9623
  14       -2.9623
  15       -2.9567
  16       -2.9567
  17       -2.9324
  18       -2.9053
  19       -2.9053
  20       -2.8897
  21       -2.8897
  22       -2.8649
  23       -2.8632
  24       -2.8632
  25       -2.8603
  26       -2.8603
  27       -2.8522
  28       -2.8464
  29       -2.8464
  30       -2.8294
  31       -2.8294
  32       -2.8120
  33       -2.8120
  34       -2.8105
  35       -2.8105
  36       -2.7602
  37       -2.6894
  38       -2.6894
  39       -2.5311
  40       -2.5311
  41       -2.5138
  42       -2.5138
  43       -2.4802
  44       -2.4802
  45       -2.4339
  46       -2.4339
  47       -2.4128
  48       -2.4128
  49       -2.3960
  50       -2.3960
  51       -2.3358
  52       -2.3033
  53       -2.2966
  54       -2.2966
  55       -2.2695
  56       -2.2695
  57       -2.1986
  58       -2.1645
  59       -2.1279
  60       -2.1279
  61       -2.0499
  62       -2.0499
  63       -1.9988
  64       -1.9984
  65       -1.9898
  66       -1.9417
  67       -1.9391
  68       -1.9378
  69       -1.8960
  70       -1.8960
  71       -1.8953
  72       -1.8953
  73       -1.8949
  74       -1.8947
  75       -1.8783
  76       -1.8783
  77       -1.8580
  78       -1.8580
  79       -1.8574
  80       -1.8574
  81       -1.8364
  82       -1.8364
  83       -1.8267
  84       -1.8267
  85       -1.8095
  86       -1.8095
  87       -1.7757
  88       -1.7757
  89       -1.7720
  90       -1.7720
  91       -1.7625
  92       -1.7625
  93       -1.7355
  94       -1.7127
  95       -1.7127
  96       -1.6826
  97       -1.6330
  98       -1.6020
  99       -1.6020
 100       -1.6000
 101       -1.6000
 102       -1.5791
 103       -1.5644
 104       -1.5644
 105       -1.4517
 106       -1.4485
 107       -1.4485
 108       -1.4446
 109       -1.4446
 110       -1.4171
 111       -1.4171
 112       -1.4129
 113       -1.3868
 114       -1.3868
 115       -1.3698
 116       -1.3653
 117       -1.3496
 118       -1.3496
 119       -1.3433
 120       -1.3433
 121       -1.3040
 122       -1.3040
 123       -1.3034
 124       -1.3034
 125       -1.2779
 126       -1.2749
 127       -1.2544
 128       -1.2544
 129       -1.2510
 130       -1.2063
 131       -1.1941
 132       -1.1668
 133       -1.1668
 134       -1.1430
 135       -1.1213
 136       -1.1061
 137       -1.1061
 138       -1.0742
 139       -1.0272
 140       -1.0272
 141       -0.8329
 142       -0.8329
 143       -0.7719
 144       -0.7719
 145       -0.7616
 146       -0.7616
 147       -0.7588
 148       -0.7570
 149       -0.7570
 150       -0.7370
 151       -0.7370
 152       -0.7331
 153       -0.7331
 154       -0.7320
 155       -0.7320
 156       -0.7243
 157       -0.7243
 158       -0.7167
 159       -0.7009
 160       -0.7009
 161       -0.6888
 162       -0.6809
 163       -0.6809
 164       -0.6567
 165       -0.6567
 166       -0.6564
 167       -0.6380
 168       -0.6207
 169        1.3365
 170        1.3365
 171        1.6853
 172        1.6853
 173        1.7972
 174        2.2600
 175        2.2600
 176        2.4829
 177        2.4829
 178        2.6028
 179        2.8692
 180        2.8692
 181        3.5488
 182        3.7121
 183        3.7121
 184        3.7668
 185        3.7668
 186        4.1589
 187        4.1589
 188        4.3414
 189        4.8430
 190        4.8430
 191        5.0706
 192        5.0706
 193        5.5370
 194        5.7524
 195        5.8548
 196        5.8548
 197        6.5533
 198        6.5533
 199        6.7810
 200        6.7810
 201        7.5548
 202        7.5548
 203        7.6595
 204        7.6595
 205        7.9999
 206        8.0009
 207        8.0580
 208        8.0590
 209        8.7471
 210        8.7695
 211        9.1384
 212       10.0438
 
  0.4375000E+00  0.4375000E+00  0.3125000E+00  0.4687500E-01
   1       -3.5093
   2       -3.3387
   3       -3.3387
   4       -3.2179
   5       -3.1688
   6       -3.1603
   7       -3.1440
   8       -3.1440
   9       -3.0079
  10       -2.9989
  11       -2.9989
  12       -2.9504
  13       -2.9504
  14       -2.9462
  15       -2.9462
  16       -2.9393
  17       -2.9258
  18       -2.9258
  19       -2.9159
  20       -2.9089
  21       -2.9089
  22       -2.9070
  23       -2.9040
  24       -2.9040
  25       -2.8903
  26       -2.8903
  27       -2.8658
  28       -2.8658
  29       -2.8635
  30       -2.8635
  31       -2.8545
  32       -2.8545
  33       -2.7405
  34       -2.7405
  35       -2.7002
  36       -2.6455
  37       -2.6455
  38       -2.6203
  39       -2.6203
  40       -2.5825
  41       -2.5825
  42       -2.5269
  43       -2.5269
  44       -2.4765
  45       -2.4358
  46       -2.4358
  47       -2.4193
  48       -2.3727
  49       -2.3727
  50       -2.3724
  51       -2.3724
  52       -2.3306
  53       -2.3306
  54       -2.3286
  55       -2.3286
  56       -2.2824
  57       -2.1257
  58       -2.1163
  59       -2.1163
  60       -2.0609
  61       -1.9908
  62       -1.9855
  63       -1.9804
  64       -1.9804
  65       -1.9628
  66       -1.9312
  67       -1.9274
  68       -1.9274
  69       -1.9204
  70       -1.9030
  71       -1.9030
  72       -1.8985
  73       -1.8975
  74       -1.8905
  75       -1.8905
  76       -1.8537
  77       -1.8379
  78       -1.8084
  79       -1.8084
  80       -1.7988
  81       -1.7988
  82       -1.7949
  83       -1.7949
  84       -1.7598
  85       -1.7598
  86       -1.7501
  87       -1.7420
  88       -1.7420
  89       -1.7120
  90       -1.7099
  91       -1.7099
  92       -1.6885
  93       -1.6881
  94       -1.6585
  95       -1.6585
  96       -1.6288
  97       -1.6288
  98       -1.6276
  99       -1.6276
 100       -1.6108
 101       -1.6108
 102       -1.5837
 103       -1.5837
 104       -1.5816
 105       -1.5816
 106       -1.5445
 107       -1.5445
 108       -1.5296
 109       -1.5195
 110       -1.5195
 111       -1.4574
 112       -1.4574
 113       -1.4540
 114       -1.4293
 115       -1.4293
 116       -1.3750
 117       -1.3611
 118       -1.3597
 119       -1.3499
 120       -1.3499
 121       -1.3421
 122       -1.3421
 123       -1.3372
 124       -1.3046
 125       -1.3046
 126       -1.2807
 127       -1.2807
 128       -1.2452
 129       -1.2452
 130       -1.2428
 131       -1.2098
 132       -1.1981
 133       -1.1981
 134       -1.1630
 135       -1.1630
 136       -1.1534
 137       -1.1534
 138       -1.1041
 139       -1.0830
 140       -1.0276
 141       -1.0238
 142       -0.9244
 143       -0.8954
 144       -0.8954
 145       -0.7344
 146       -0.7289
 147       -0.7289
 148       -0.7175
 149       -0.7175
 150       -0.7158
 151       -0.7158
 152       -0.7156
 153       -0.7156
 154       -0.7049
 155       -0.7049
 156       -0.7035
 157       -0.7035
 158       -0.7016
 159       -0.7016
 160       -0.6996
 161       -0.6921
 162       -0.6921
 163       -0.6900
 164       -0.6900
 165       -0.6869
 166       -0.6734
 167       -0.6651
 168       -0.6651
 169        1.5800
 170        1.8905
 171        1.8905
 172        2.0961
 173        2.0961
 174        2.1587
 175        2.4573
 176        2.4573
 177        2.9141
 178        2.9141
 179        3.0674
 180        3.0674
 181        3.2885
 182        3.2885
 183        3.3066
 184        3.3066
 185        3.9325
 186        3.9325
 187        4.0676
 188        4.1804
 189        4.1804
 190        4.4328
 191        4.4328
 192        4.7611
 193        6.0698
 194        6.0698
 195        6.3887
 196        6.3887
 197        6.4800
 198        6.8142
 199        6.8142
 200        7.1504
 201        7.1505
 202        7.2374
 203        7.2374
 204        7.4862
 205        7.9783
 206        8.2681
 207        8.2885
 208        8.3400
 209        8.3601
 210        8.6944
 211        8.7795
 212        9.1133
 
  0.4375000E+00  0.4375000E+00  0.4375000E+00  0.1562500E-01
   1       -3.4022
   2       -3.2810
   3       -3.2810
   4       -3.2810
   5       -3.2144
   6       -3.2144
   7       -3.2144
   8       -3.1982
   9       -2.9741
  10       -2.9741
  11       -2.9741
  12       -2.9409
  13       -2.9409
  14       -2.9409
  15       -2.9250
  16       -2.9250
  17       -2.9250
  18       -2.9250
  19       -2.9250
  20       -2.9250
  21       -2.9137
  22       -2.9137
  23       -2.9137
  24       -2.9103
  25       -2.9103
  26       -2.9103
  27       -2.9103
  28       -2.9103
  29       -2.9103
  30       -2.9039
  31       -2.9039
  32       -2.9039
  33       -2.6290
  34       -2.6290
  35       -2.6290
  36       -2.5342
  37       -2.5342
  38       -2.5342
  39       -2.5183
  40       -2.5183
  41       -2.5183
  42       -2.5183
  43       -2.5183
  44       -2.5183
  45       -2.4327
  46       -2.4327
  47       -2.4327
  48       -2.4327
  49       -2.4327
  50       -2.4327
  51       -2.4272
  52       -2.4272
  53       -2.4272
  54       -2.3605
  55       -2.3605
  56       -2.3605
  57       -2.0129
  58       -1.9762
  59       -1.9762
  60       -1.9762
  61       -1.9593
  62       -1.9593
  63       -1.9568
  64       -1.9568
  65       -1.9568
  66       -1.9366
  67       -1.9366
  68       -1.9366
  69       -1.9340
  70       -1.9340
  71       -1.9242
  72       -1.9242
  73       -1.9242
  74       -1.8732
  75       -1.8732
  76       -1.8732
  77       -1.7424
  78       -1.7424
  79       -1.7424
  80       -1.7424
  81       -1.7424
  82       -1.7424
  83       -1.7205
  84       -1.7205
  85       -1.7205
  86       -1.7164
  87       -1.7164
  88       -1.7164
  89       -1.7092
  90       -1.7092
  91       -1.7092
  92       -1.6756
  93       -1.6756
  94       -1.6756
  95       -1.6756
  96       -1.6756
  97       -1.6756
  98       -1.6451
  99       -1.6451
 100       -1.6451
 101       -1.5878
 102       -1.5878
 103       -1.5878
 104       -1.5426
 105       -1.5426
 106       -1.5426
 107       -1.4822
 108       -1.4822
 109       -1.4822
 110       -1.4822
 111       -1.4822
 112       -1.4822
 113       -1.4810
 114       -1.4810
 115       -1.4810
 116       -1.4329
 117       -1.4222
 118       -1.4222
 119       -1.4222
 120       -1.3787
 121       -1.3787
 122       -1.3787
 123       -1.3787
 124       -1.3787
 125       -1.3787
 126       -1.3132
 127       -1.3132
 128       -1.3132
 129       -1.2767
 130       -1.2767
 131       -1.2616
 132       -1.2616
 133       -1.2616
 134       -1.2499
 135       -1.2499
 136       -1.2499
 137       -1.1819
 138       -1.1819
 139       -1.1819
 140       -1.1371
 141       -1.1371
 142       -1.0860
 143       -1.0860
 144       -1.0860
 145       -0.6988
 146       -0.6988
 147       -0.6988
 148       -0.6836
 149       -0.6836
 150       -0.6836
 151       -0.6836
 152       -0.6836
 153       -0.6836
 154       -0.6835
 155       -0.6835
 156       -0.6835
 157       -0.6835
 158       -0.6835
 159       -0.6835
 160       -0.6816
 161       -0.6816
 162       -0.6816
 163       -0.6710
 164       -0.6710
 165       -0.6710
 166       -0.6629
 167       -0.6629
 168       -0.6629
 169        2.3601
 170        2.3601
 171        2.3601
 172        2.6875
 173        2.6875
 174        2.6875
 175        2.6875
 176        2.6875
 177        2.6875
 178        2.9756
 179        2.9756
 180        2.9756
 181        3.1958
 182        3.1958
 183        3.1958
 184        3.5403
 185        3.5403
 186        3.5403
 187        3.5403
 188        3.5403
 189        3.5403
 190        3.8472
 191        3.8472
 192        3.8472
 193        6.7420
 194        6.7421
 195        6.7421
 196        7.0798
 197        7.0800
 198        7.0814
 199        7.5064
 200        7.5064
 201        7.5066
 202        7.5082
 203        7.5160
 204        7.5200
 205        7.8514
 206        7.8514
 207        7.8536
 208        7.8763
 209        7.9650
 210        8.1944
 211        8.3078
 212        8.4533
