        4  number of thermod.function
       71  number of points of thermod.function
   Total    
         0.0010        0.1060709E+02
         1.0000        0.1060709E+02
         2.0000        0.1060704E+02
         3.0000        0.1060684E+02
         4.0000        0.1060639E+02
         5.0000        0.1060555E+02
        10.0000        0.1058706E+02
        15.0000        0.1051246E+02
        20.0000        0.1034374E+02
        30.0000        0.9655429E+01
        40.0000        0.8481444E+01
        50.0000        0.6852573E+01
        60.0000        0.4814788E+01
        70.0000        0.2412360E+01
        80.0000       -0.3161768E+00
        90.0000       -0.3338234E+01
       100.0000       -0.6626384E+01
       125.0000       -0.1586716E+02
       150.0000       -0.2635537E+02
       175.0000       -0.3789456E+02
       200.0000       -0.5034056E+02
       225.0000       -0.6358341E+02
       250.0000       -0.7753658E+02
       273.0000       -0.9094078E+02
       275.0000       -0.9213046E+02
       298.0000       -0.1060731E+03
       300.0000       -0.1073076E+03
       350.0000       -0.1392271E+03
       400.0000       -0.1729896E+03
       450.0000       -0.2083654E+03
       500.0000       -0.2451758E+03
       550.0000       -0.2832775E+03
       600.0000       -0.3225534E+03
       650.0000       -0.3629059E+03
       700.0000       -0.4042521E+03
       750.0000       -0.4465211E+03
       800.0000       -0.4896517E+03
       850.0000       -0.5335896E+03
       900.0000       -0.5782876E+03
       950.0000       -0.6237039E+03
      1000.0000       -0.6698000E+03
      1050.0000       -0.7165424E+03
      1100.0000       -0.7639001E+03
      1150.0000       -0.8118453E+03
      1200.0000       -0.8603524E+03
      1250.0000       -0.9093981E+03
      1300.0000       -0.9589607E+03
      1350.0000       -0.1009020E+04
      1400.0000       -0.1059559E+04
      1450.0000       -0.1110559E+04
      1500.0000       -0.1162004E+04
      1550.0000       -0.1213881E+04
      1600.0000       -0.1266174E+04
      1650.0000       -0.1318872E+04
      1700.0000       -0.1371961E+04
      1750.0000       -0.1425430E+04
      1800.0000       -0.1479268E+04
      1850.0000       -0.1533466E+04
      1900.0000       -0.1588013E+04
      1950.0000       -0.1642900E+04
      2000.0000       -0.1698118E+04
      2100.0000       -0.1809516E+04
      2200.0000       -0.1922146E+04
      2300.0000       -0.2035951E+04
      2400.0000       -0.2150880E+04
      2500.0000       -0.2266886E+04
      2600.0000       -0.2383927E+04
      2700.0000       -0.2501963E+04
      2800.0000       -0.2620956E+04
      2900.0000       -0.2740872E+04
      3000.0000       -0.2861680E+04
       71  number of points of thermod.function
   1Au__:X/D
         0.0010        0.3522419E+01
         1.0000        0.3522418E+01
         2.0000        0.3522403E+01
         3.0000        0.3522341E+01
         4.0000        0.3522194E+01
         5.0000        0.3521919E+01
        10.0000        0.3515764E+01
        15.0000        0.3490866E+01
        20.0000        0.3434481E+01
        30.0000        0.3204253E+01
        40.0000        0.2811558E+01
        50.0000        0.2266853E+01
        60.0000        0.1585599E+01
        70.0000        0.7826390E+00
        80.0000       -0.1291312E+00
        90.0000       -0.1138817E+01
       100.0000       -0.2237256E+01
       125.0000       -0.5323645E+01
       150.0000       -0.8825982E+01
       175.0000       -0.1267873E+02
       200.0000       -0.1683381E+02
       225.0000       -0.2125452E+02
       250.0000       -0.2591205E+02
       273.0000       -0.3038607E+02
       275.0000       -0.3078314E+02
       298.0000       -0.3543668E+02
       300.0000       -0.3584868E+02
       350.0000       -0.4650154E+02
       400.0000       -0.5776874E+02
       450.0000       -0.6957374E+02
       500.0000       -0.8185694E+02
       550.0000       -0.9457060E+02
       600.0000       -0.1076757E+03
       650.0000       -0.1211396E+03
       700.0000       -0.1349347E+03
       750.0000       -0.1490375E+03
       800.0000       -0.1634274E+03
       850.0000       -0.1780865E+03
       900.0000       -0.1929991E+03
       950.0000       -0.2081508E+03
      1000.0000       -0.2235293E+03
      1050.0000       -0.2391232E+03
      1100.0000       -0.2549223E+03
      1150.0000       -0.2709172E+03
      1200.0000       -0.2870993E+03
      1250.0000       -0.3034609E+03
      1300.0000       -0.3199949E+03
      1350.0000       -0.3366946E+03
      1400.0000       -0.3535539E+03
      1450.0000       -0.3705669E+03
      1500.0000       -0.3877287E+03
      1550.0000       -0.4050339E+03
      1600.0000       -0.4224782E+03
      1650.0000       -0.4400571E+03
      1700.0000       -0.4577665E+03
      1750.0000       -0.4756027E+03
      1800.0000       -0.4935619E+03
      1850.0000       -0.5116409E+03
      1900.0000       -0.5298363E+03
      1950.0000       -0.5481451E+03
      2000.0000       -0.5665643E+03
      2100.0000       -0.6037232E+03
      2200.0000       -0.6412928E+03
      2300.0000       -0.6792542E+03
      2400.0000       -0.7175899E+03
      2500.0000       -0.7562852E+03
      2600.0000       -0.7953250E+03
      2700.0000       -0.8346963E+03
      2800.0000       -0.8743870E+03
      2900.0000       -0.9143854E+03
      3000.0000       -0.9546809E+03
       71  number of points of thermod.function
   1Au__:Y/D
         0.0010        0.3546162E+01
         1.0000        0.3546162E+01
         2.0000        0.3546146E+01
         3.0000        0.3546087E+01
         4.0000        0.3545947E+01
         5.0000        0.3545680E+01
        10.0000        0.3539601E+01
        15.0000        0.3514899E+01
        20.0000        0.3458940E+01
        30.0000        0.3230469E+01
        40.0000        0.2840550E+01
        50.0000        0.2299295E+01
        60.0000        0.1621921E+01
        70.0000        0.8231211E+00
        80.0000       -0.8429936E-01
        90.0000       -0.1089502E+01
       100.0000       -0.2183360E+01
       125.0000       -0.5258018E+01
       150.0000       -0.8748378E+01
       175.0000       -0.1258901E+02
       200.0000       -0.1673186E+02
       225.0000       -0.2114031E+02
       250.0000       -0.2578551E+02
       273.0000       -0.3024817E+02
       275.0000       -0.3064426E+02
       298.0000       -0.3528642E+02
       300.0000       -0.3569743E+02
       350.0000       -0.4632549E+02
       400.0000       -0.5756783E+02
       450.0000       -0.6934796E+02
       500.0000       -0.8160625E+02
       550.0000       -0.9429502E+02
       600.0000       -0.1073751E+03
       650.0000       -0.1208141E+03
       700.0000       -0.1345843E+03
       750.0000       -0.1486622E+03
       800.0000       -0.1630271E+03
       850.0000       -0.1776613E+03
       900.0000       -0.1925488E+03
       950.0000       -0.2076757E+03
      1000.0000       -0.2230292E+03
      1050.0000       -0.2385981E+03
      1100.0000       -0.2543722E+03
      1150.0000       -0.2703421E+03
      1200.0000       -0.2864993E+03
      1250.0000       -0.3028359E+03
      1300.0000       -0.3193449E+03
      1350.0000       -0.3360197E+03
      1400.0000       -0.3528539E+03
      1450.0000       -0.3698420E+03
      1500.0000       -0.3869787E+03
      1550.0000       -0.4042591E+03
      1600.0000       -0.4216783E+03
      1650.0000       -0.4392322E+03
      1700.0000       -0.4569167E+03
      1750.0000       -0.4747279E+03
      1800.0000       -0.4926622E+03
      1850.0000       -0.5107162E+03
      1900.0000       -0.5288865E+03
      1950.0000       -0.5471704E+03
      2000.0000       -0.5655646E+03
      2100.0000       -0.6026736E+03
      2200.0000       -0.6401932E+03
      2300.0000       -0.6781045E+03
      2400.0000       -0.7163904E+03
      2500.0000       -0.7550356E+03
      2600.0000       -0.7940254E+03
      2700.0000       -0.8333469E+03
      2800.0000       -0.8729875E+03
      2900.0000       -0.9129359E+03
      3000.0000       -0.9531814E+03
       71  number of points of thermod.function
   1Au__:Z/D
         0.0010        0.3538507E+01
         1.0000        0.3538507E+01
         2.0000        0.3538485E+01
         3.0000        0.3538409E+01
         4.0000        0.3538244E+01
         5.0000        0.3537951E+01
        10.0000        0.3531691E+01
        15.0000        0.3506693E+01
        20.0000        0.3450319E+01
        30.0000        0.3220709E+01
        40.0000        0.2829337E+01
        50.0000        0.2286426E+01
        60.0000        0.1607268E+01
        70.0000        0.8065995E+00
        80.0000       -0.1027463E+00
        90.0000       -0.1109914E+01
       100.0000       -0.2205767E+01
       125.0000       -0.5285499E+01
       150.0000       -0.8781002E+01
       175.0000       -0.1262683E+02
       200.0000       -0.1677490E+02
       225.0000       -0.2118858E+02
       250.0000       -0.2583904E+02
       273.0000       -0.3030653E+02
       275.0000       -0.3070304E+02
       298.0000       -0.3535004E+02
       300.0000       -0.3576148E+02
       350.0000       -0.4640008E+02
       400.0000       -0.5765300E+02
       450.0000       -0.6944369E+02
       500.0000       -0.8171259E+02
       550.0000       -0.9441191E+02
       600.0000       -0.1075026E+03
       650.0000       -0.1209522E+03
       700.0000       -0.1347330E+03
       750.0000       -0.1488214E+03
       800.0000       -0.1631970E+03
       850.0000       -0.1778417E+03
       900.0000       -0.1927399E+03
       950.0000       -0.2078773E+03
      1000.0000       -0.2232415E+03
      1050.0000       -0.2388210E+03
      1100.0000       -0.2546057E+03
      1150.0000       -0.2705862E+03
      1200.0000       -0.2867539E+03
      1250.0000       -0.3031012E+03
      1300.0000       -0.3196208E+03
      1350.0000       -0.3363061E+03
      1400.0000       -0.3531511E+03
      1450.0000       -0.3701497E+03
      1500.0000       -0.3872970E+03
      1550.0000       -0.4045879E+03
      1600.0000       -0.4220178E+03
      1650.0000       -0.4395823E+03
      1700.0000       -0.4572774E+03
      1750.0000       -0.4750992E+03
      1800.0000       -0.4930441E+03
      1850.0000       -0.5111087E+03
      1900.0000       -0.5292897E+03
      1950.0000       -0.5475841E+03
      2000.0000       -0.5659890E+03
      2100.0000       -0.6031193E+03
      2200.0000       -0.6406599E+03
      2300.0000       -0.6785924E+03
      2400.0000       -0.7168997E+03
      2500.0000       -0.7555661E+03
      2600.0000       -0.7945770E+03
      2700.0000       -0.8339199E+03
      2800.0000       -0.8735814E+03
      2900.0000       -0.9135511E+03
      3000.0000       -0.9538180E+03
