   32   32  100    1
  0.1977575E+02  0.8585409E-09  0.8585409E-09  0.8585409E-09  0.5000000E-15
  1.000000000000000E-004
  CAR 
 No title                                
  352   20  212
 
  0.6250000E-01  0.6250000E-01  0.6250000E-01  0.1562500E-01
   1       -4.3709
   2       -2.4245
   3       -2.4245
   4       -2.4245
   5       -2.1208
   6       -2.0992
   7       -2.0992
   8       -2.0992
   9       -2.0629
  10       -2.0629
  11       -2.0629
  12       -1.8540
  13       -1.8540
  14       -1.8540
  15       -1.6219
  16       -1.6219
  17       -1.6219
  18       -1.2896
  19       -1.2896
  20       -1.2896
  21       -1.1179
  22       -1.1179
  23       -1.1179
  24       -1.1179
  25       -1.1179
  26       -1.1179
  27       -1.0406
  28       -1.0406
  29       -1.0406
  30       -0.9765
  31       -0.9765
  32       -0.9765
  33       -0.9765
  34       -0.9765
  35       -0.9765
  36       -0.9642
  37       -0.9642
  38       -0.9642
  39       -0.8097
  40       -0.8097
  41       -0.8097
  42       -0.5101
  43       -0.5101
  44       -0.5101
  45       -0.5101
  46       -0.5101
  47       -0.5101
  48       -0.4312
  49       -0.4312
  50       -0.4312
  51       -0.4087
  52       -0.4087
  53       -0.4087
  54       -0.4087
  55       -0.4087
  56       -0.4087
  57       -0.3465
  58       -0.3465
  59       -0.3465
  60       -0.2015
  61       -0.2015
  62       -0.2015
  63       -0.2015
  64       -0.2015
  65       -0.2015
  66       -0.1377
  67       -0.1377
  68       -0.1377
  69       -0.1377
  70       -0.1377
  71       -0.1377
  72       -0.1294
  73       -0.1294
  74       -0.1294
  75       -0.0675
  76       -0.0675
  77       -0.0675
  78       -0.0519
  79       -0.0519
  80       -0.0519
  81       -0.0496
  82       -0.0496
  83       -0.0434
  84       -0.0390
  85       -0.0390
  86       -0.0390
  87       -0.0255
  88       -0.0255
  89        0.4872
  90        0.4872
  91        0.4872
  92        0.5633
  93        0.5633
  94        0.5633
  95        0.6460
  96        0.6460
  97        0.6460
  98        0.7138
  99        0.7138
 100        0.7138
 101        0.7138
 102        0.7138
 103        0.7138
 104        0.7179
 105        0.7179
 106        0.7179
 107        0.8122
 108        0.8122
 109        0.8122
 110        0.8847
 111        0.8847
 112        0.8847
 113        1.0252
 114        1.0252
 115        1.0252
 116        1.0514
 117        1.0514
 118        1.0514
 119        1.0740
 120        1.0740
 121        1.0740
 122        1.0740
 123        1.0740
 124        1.0740
 125        1.1127
 126        1.1127
 127        1.1127
 128        1.1256
 129        1.1256
 130        1.1824
 131        1.1824
 132        1.1824
 133        1.1824
 134        1.1824
 135        1.1824
 136        1.2743
 137        1.2743
 138        1.2743
 139        1.5229
 140        1.5229
 141        1.5229
 142        1.6141
 143        1.6141
 144        1.6141
 145        1.9444
 146        1.9444
 147        1.9444
 148        1.9993
 149        1.9993
 150        1.9993
 151        2.0342
 152        2.0342
 153        2.0538
 154        2.0538
 155        2.0538
 156        2.2373
 157        2.2373
 158        2.2373
 159        2.2808
 160        2.2808
 161        2.2808
 162        2.2808
 163        2.2808
 164        2.2808
 165        2.2843
 166        2.2843
 167        2.2843
 168        3.1587
 169        3.1587
 170        3.1587
 171        3.3835
 172        3.5610
 173        3.5610
 174        3.5610
 175        3.5610
 176        3.5610
 177        3.5610
 178        3.7594
 179        3.7594
 180        3.7594
 181        3.9843
 182        3.9843
 183        3.9843
 184        5.3731
 185        5.3731
 186        5.3731
 187        6.3880
 188        6.3880
 189        6.3880
 190        6.6908
 191        7.8883
 192        7.8883
 193        7.8883
 194        7.8883
 195        7.8883
 196        7.8883
 197        8.8017
 198        8.8017
 199        8.8023
 200        9.5149
 201        9.5149
 202        9.5151
 203        9.5153
 204        9.5156
 205        9.5300
 206       10.2461
 207       10.2466
 208       10.2488
 209       10.2550
 210       10.2659
 211       10.8352
 212       11.2445
 
  0.1875000E+00  0.6250000E-01  0.6250000E-01  0.4687500E-01
   1       -4.2911
   2       -2.8340
   3       -2.3673
   4       -2.3673
   5       -2.1004
   6       -2.0570
   7       -2.0570
   8       -2.0360
   9       -2.0074
  10       -2.0074
  11       -1.8295
  12       -1.8146
  13       -1.8049
  14       -1.8049
  15       -1.5953
  16       -1.5806
  17       -1.5806
  18       -1.4838
  19       -1.4838
  20       -1.4383
  21       -1.2897
  22       -1.2897
  23       -1.2335
  24       -1.2335
  25       -1.2036
  26       -1.1117
  27       -1.0758
  28       -1.0758
  29       -0.9843
  30       -0.9843
  31       -0.9651
  32       -0.9651
  33       -0.9513
  34       -0.9513
  35       -0.9384
  36       -0.9384
  37       -0.9382
  38       -0.9382
  39       -0.7879
  40       -0.7879
  41       -0.7796
  42       -0.7796
  43       -0.6538
  44       -0.5310
  45       -0.5310
  46       -0.5100
  47       -0.5100
  48       -0.4994
  49       -0.4994
  50       -0.4778
  51       -0.4778
  52       -0.4156
  53       -0.4156
  54       -0.3292
  55       -0.3292
  56       -0.3286
  57       -0.3053
  58       -0.3053
  59       -0.2793
  60       -0.2621
  61       -0.2621
  62       -0.2509
  63       -0.2509
  64       -0.1952
  65       -0.1952
  66       -0.1654
  67       -0.1654
  68       -0.1643
  69       -0.1643
  70       -0.1004
  71       -0.0850
  72       -0.0850
  73       -0.0756
  74       -0.0475
  75       -0.0270
  76       -0.0222
  77       -0.0222
  78       -0.0035
  79       -0.0035
  80        0.0041
  81        0.0045
  82        0.0065
  83        0.0094
  84        0.0094
  85        0.0379
  86        0.0852
  87        0.1393
  88        0.1393
  89        0.3644
  90        0.3644
  91        0.4086
  92        0.4086
  93        0.4971
  94        0.5153
  95        0.5894
  96        0.5894
  97        0.6045
  98        0.6152
  99        0.6657
 100        0.6657
 101        0.7104
 102        0.7840
 103        0.7840
 104        0.7966
 105        0.7966
 106        0.8013
 107        0.8013
 108        0.8059
 109        0.8391
 110        0.8391
 111        0.9666
 112        0.9666
 113        0.9967
 114        0.9967
 115        1.0025
 116        1.0025
 117        1.0788
 118        1.0788
 119        1.0888
 120        1.0925
 121        1.0925
 122        1.1319
 123        1.1319
 124        1.1420
 125        1.1765
 126        1.1765
 127        1.1989
 128        1.2337
 129        1.2337
 130        1.2469
 131        1.3208
 132        1.3208
 133        1.3487
 134        1.3487
 135        1.3778
 136        1.3940
 137        1.4047
 138        1.4047
 139        1.4354
 140        1.5677
 141        1.5677
 142        1.6843
 143        1.6843
 144        1.7062
 145        1.7231
 146        1.7494
 147        1.7494
 148        1.9018
 149        1.9414
 150        1.9414
 151        1.9702
 152        1.9759
 153        2.0278
 154        2.0290
 155        2.0290
 156        2.0416
 157        2.0416
 158        2.1680
 159        2.2123
 160        2.2123
 161        2.2132
 162        2.2132
 163        2.2260
 164        2.2807
 165        2.2807
 166        2.2809
 167        2.2809
 168        2.8019
 169        2.8020
 170        3.1328
 171        3.1495
 172        3.1760
 173        3.1760
 174        3.5677
 175        3.5677
 176        3.7206
 177        3.7206
 178        4.0077
 179        4.0269
 180        4.0269
 181        4.0692
 182        4.4621
 183        4.4621
 184        4.7199
 185        5.6334
 186        5.6334
 187        6.3926
 188        6.7098
 189        6.7098
 190        7.1994
 191        7.3685
 192        7.3685
 193        7.5498
 194        7.5498
 195        7.8598
 196        7.8598
 197        8.7512
 198        8.7516
 199        8.9326
 200        8.9328
 201        9.4537
 202        9.4556
 203        9.6105
 204        9.6179
 205        9.6296
 206       10.1982
 207       10.4744
 208       10.5239
 209       10.6165
 210       10.7046
 211       10.8828
 212       11.0517
 
  0.3125000E+00  0.6250000E-01  0.6250000E-01  0.4687500E-01
   1       -4.1331
   2       -3.2361
   3       -2.2563
   4       -2.2563
   5       -2.0383
   6       -1.9733
   7       -1.9733
   8       -1.9324
   9       -1.9003
  10       -1.9003
  11       -1.7855
  12       -1.7099
  13       -1.7099
  14       -1.7037
  15       -1.6947
  16       -1.6947
  17       -1.6242
  18       -1.5429
  19       -1.4982
  20       -1.4982
  21       -1.4973
  22       -1.4973
  23       -1.4133
  24       -1.3913
  25       -1.3913
  26       -1.2472
  27       -1.2353
  28       -1.2353
  29       -1.0135
  30       -1.0135
  31       -0.9368
  32       -0.9368
  33       -0.9124
  34       -0.9124
  35       -0.8870
  36       -0.8870
  37       -0.8644
  38       -0.8644
  39       -0.8251
  40       -0.8251
  41       -0.7460
  42       -0.7460
  43       -0.6086
  44       -0.6086
  45       -0.5543
  46       -0.5543
  47       -0.5432
  48       -0.5432
  49       -0.5207
  50       -0.5207
  51       -0.5027
  52       -0.4857
  53       -0.4857
  54       -0.3889
  55       -0.3889
  56       -0.3520
  57       -0.3520
  58       -0.3251
  59       -0.3251
  60       -0.2943
  61       -0.2428
  62       -0.2428
  63       -0.1869
  64       -0.1869
  65       -0.1818
  66       -0.1818
  67       -0.1724
  68       -0.1494
  69       -0.1494
  70       -0.1450
  71       -0.1436
  72       -0.1143
  73       -0.1143
  74       -0.0602
  75       -0.0077
  76       -0.0077
  77        0.0281
  78        0.0628
  79        0.0628
  80        0.0682
  81        0.0699
  82        0.0793
  83        0.2232
  84        0.2232
  85        0.2267
  86        0.2267
  87        0.2923
  88        0.2923
  89        0.2994
  90        0.3652
  91        0.3948
  92        0.4236
  93        0.4391
  94        0.4546
  95        0.4546
  96        0.4563
  97        0.5101
  98        0.5101
  99        0.7026
 100        0.7272
 101        0.7272
 102        0.7878
 103        0.7878
 104        0.8749
 105        0.8749
 106        0.9114
 107        0.9114
 108        0.9394
 109        0.9394
 110        0.9672
 111        0.9672
 112        0.9888
 113        0.9888
 114        1.0180
 115        1.0559
 116        1.0559
 117        1.0784
 118        1.0784
 119        1.1116
 120        1.1116
 121        1.1253
 122        1.1253
 123        1.1743
 124        1.1966
 125        1.2706
 126        1.2706
 127        1.3437
 128        1.3437
 129        1.3542
 130        1.3809
 131        1.4276
 132        1.4408
 133        1.4408
 134        1.4675
 135        1.4965
 136        1.4965
 137        1.5366
 138        1.5366
 139        1.5521
 140        1.5533
 141        1.5655
 142        1.5655
 143        1.6917
 144        1.6917
 145        1.6956
 146        1.6956
 147        1.7181
 148        1.7974
 149        1.8568
 150        1.8568
 151        1.8655
 152        1.8772
 153        1.8772
 154        1.9251
 155        1.9484
 156        1.9484
 157        1.9583
 158        2.0335
 159        2.0870
 160        2.0870
 161        2.0879
 162        2.0879
 163        2.1203
 164        2.2804
 165        2.2804
 166        2.2806
 167        2.2806
 168        2.4770
 169        2.4770
 170        2.8166
 171        2.8166
 172        3.0626
 173        3.1311
 174        3.5814
 175        3.5814
 176        3.6726
 177        3.6726
 178        3.8572
 179        4.0530
 180        4.1917
 181        4.5720
 182        4.5720
 183        5.0073
 184        5.0073
 185        6.0743
 186        6.0743
 187        6.6494
 188        6.6494
 189        6.7687
 190        6.9647
 191        6.9647
 192        7.2757
 193        7.2757
 194        7.6617
 195        7.6617
 196        7.8524
 197        8.5421
 198        8.5423
 199        8.6614
 200        8.6625
 201        9.2050
 202        9.5373
 203        9.5473
 204        9.7800
 205        9.7893
 206        9.8078
 207        9.8608
 208       10.3525
 209       10.4000
 210       10.6000
 211       10.7756
 212       10.8128
 
  0.4375000E+00  0.6250000E-01  0.6250000E-01  0.4687500E-01
   1       -3.8999
   2       -3.5975
   3       -2.0987
   4       -2.0987
   5       -1.9357
   6       -1.9061
   7       -1.9061
   8       -1.8496
   9       -1.8496
  10       -1.7956
  11       -1.7908
  12       -1.7505
  13       -1.7505
  14       -1.7332
  15       -1.6938
  16       -1.6890
  17       -1.6890
  18       -1.6152
  19       -1.5753
  20       -1.5753
  21       -1.5730
  22       -1.5730
  23       -1.4659
  24       -1.4115
  25       -1.4115
  26       -1.3751
  27       -1.3751
  28       -1.3664
  29       -1.2126
  30       -1.2126
  31       -0.8991
  32       -0.8991
  33       -0.8873
  34       -0.8873
  35       -0.8123
  36       -0.8123
  37       -0.7615
  38       -0.7615
  39       -0.7174
  40       -0.7174
  41       -0.7066
  42       -0.7066
  43       -0.6870
  44       -0.6870
  45       -0.6166
  46       -0.6166
  47       -0.6056
  48       -0.6056
  49       -0.5723
  50       -0.5723
  51       -0.5457
  52       -0.5457
  53       -0.4821
  54       -0.4821
  55       -0.3788
  56       -0.3788
  57       -0.3750
  58       -0.3750
  59       -0.3630
  60       -0.2483
  61       -0.2412
  62       -0.1964
  63       -0.1960
  64       -0.1960
  65       -0.1811
  66       -0.1811
  67       -0.1803
  68       -0.1803
  69       -0.1526
  70       -0.1526
  71       -0.1205
  72       -0.0851
  73       -0.0724
  74       -0.0724
  75        0.0329
  76        0.0329
  77        0.0564
  78        0.0564
  79        0.1120
  80        0.1120
  81        0.1142
  82        0.1584
  83        0.1584
  84        0.1632
  85        0.1642
  86        0.1829
  87        0.2282
  88        0.2774
  89        0.2774
  90        0.2858
  91        0.2879
  92        0.3110
  93        0.6827
  94        0.6917
  95        0.6917
  96        0.7396
  97        0.7655
  98        0.7655
  99        0.7791
 100        0.7791
 101        0.8061
 102        0.9031
 103        0.9031
 104        0.9198
 105        0.9395
 106        0.9395
 107        0.9713
 108        0.9713
 109        0.9766
 110        0.9766
 111        1.0027
 112        1.0027
 113        1.0353
 114        1.0353
 115        1.0575
 116        1.0575
 117        1.0613
 118        1.0613
 119        1.0725
 120        1.0725
 121        1.0913
 122        1.1075
 123        1.1075
 124        1.1164
 125        1.1658
 126        1.1658
 127        1.2216
 128        1.2298
 129        1.2298
 130        1.2822
 131        1.3053
 132        1.3053
 133        1.5318
 134        1.5318
 135        1.5616
 136        1.5705
 137        1.6702
 138        1.6702
 139        1.6714
 140        1.7089
 141        1.7089
 142        1.7114
 143        1.7266
 144        1.7321
 145        1.7321
 146        1.7437
 147        1.7437
 148        1.8249
 149        1.8249
 150        1.8307
 151        1.8379
 152        1.8502
 153        1.8899
 154        1.9105
 155        1.9105
 156        1.9214
 157        1.9214
 158        1.9238
 159        1.9238
 160        1.9961
 161        2.1575
 162        2.1575
 163        2.1781
 164        2.1781
 165        2.2520
 166        2.2804
 167        2.2804
 168        2.2805
 169        2.2805
 170        2.4764
 171        2.4764
 172        2.9997
 173        3.0747
 174        3.1044
 175        3.6026
 176        3.6026
 177        3.6325
 178        3.6325
 179        4.1147
 180        4.1763
 181        5.2013
 182        5.2013
 183        5.6218
 184        5.6218
 185        5.9040
 186        5.9040
 187        6.2893
 188        6.2893
 189        6.6140
 190        6.6140
 191        7.1833
 192        7.1833
 193        7.4329
 194        8.0069
 195        8.0069
 196        8.2674
 197        8.4780
 198        8.4782
 199        8.5556
 200        8.5560
 201        8.6156
 202        8.8510
 203        8.8521
 204        9.4719
 205        9.7508
 206        9.7954
 207       10.0360
 208       10.0408
 209       10.0833
 210       10.2598
 211       10.3740
 212       10.9207
 
  0.1875000E+00  0.1875000E+00  0.6250000E-01  0.4687500E-01
   1       -4.2123
   2       -2.7728
   3       -2.7728
   4       -2.3182
   5       -2.1042
   6       -2.0375
   7       -1.9748
   8       -1.9748
   9       -1.9630
  10       -1.7800
  11       -1.7800
  12       -1.7639
  13       -1.7587
  14       -1.7587
  15       -1.7490
  16       -1.5973
  17       -1.5973
  18       -1.5546
  19       -1.5546
  20       -1.5337
  21       -1.3897
  22       -1.3897
  23       -1.1489
  24       -1.1489
  25       -1.1239
  26       -1.1239
  27       -1.0818
  28       -1.0818
  29       -1.0757
  30       -1.0757
  31       -1.0385
  32       -1.0385
  33       -1.0203
  34       -1.0102
  35       -1.0102
  36       -0.9149
  37       -0.9149
  38       -0.9025
  39       -0.7674
  40       -0.7674
  41       -0.7579
  42       -0.7473
  43       -0.7473
  44       -0.6365
  45       -0.6365
  46       -0.5699
  47       -0.5699
  48       -0.5266
  49       -0.5266
  50       -0.4726
  51       -0.3796
  52       -0.3796
  53       -0.3794
  54       -0.3794
  55       -0.3288
  56       -0.3288
  57       -0.3129
  58       -0.3129
  59       -0.3059
  60       -0.3059
  61       -0.2993
  62       -0.1975
  63       -0.1975
  64       -0.1367
  65       -0.1367
  66       -0.1148
  67       -0.1148
  68       -0.0953
  69       -0.0910
  70       -0.0905
  71       -0.0518
  72       -0.0518
  73       -0.0391
  74       -0.0040
  75        0.0140
  76        0.0140
  77        0.0185
  78        0.0284
  79        0.0345
  80        0.0528
  81        0.0528
  82        0.0565
  83        0.0565
  84        0.0706
  85        0.0788
  86        0.0788
  87        0.1325
  88        0.1325
  89        0.2962
  90        0.3193
  91        0.3831
  92        0.3831
  93        0.5170
  94        0.5170
  95        0.5849
  96        0.5849
  97        0.6061
  98        0.6061
  99        0.6171
 100        0.6321
 101        0.6321
 102        0.6924
 103        0.6924
 104        0.7148
 105        0.7148
 106        0.7157
 107        0.8255
 108        0.8255
 109        0.8454
 110        0.8474
 111        0.8954
 112        0.9356
 113        0.9356
 114        1.0796
 115        1.0831
 116        1.0831
 117        1.1347
 118        1.1401
 119        1.1401
 120        1.1474
 121        1.1683
 122        1.1683
 123        1.2047
 124        1.2047
 125        1.2181
 126        1.2181
 127        1.3063
 128        1.3063
 129        1.3244
 130        1.3244
 131        1.4326
 132        1.4627
 133        1.4627
 134        1.4784
 135        1.4784
 136        1.4952
 137        1.5090
 138        1.5090
 139        1.5132
 140        1.5132
 141        1.5229
 142        1.5229
 143        1.5620
 144        1.5847
 145        1.6975
 146        1.7559
 147        1.8308
 148        1.8308
 149        1.8705
 150        1.8705
 151        1.8931
 152        1.8951
 153        1.9930
 154        2.0081
 155        2.0081
 156        2.0404
 157        2.0404
 158        2.0500
 159        2.1581
 160        2.1581
 161        2.2118
 162        2.2118
 163        2.2143
 164        2.2143
 165        2.2248
 166        2.2248
 167        2.2453
 168        2.4775
 169        2.7136
 170        2.7838
 171        2.7838
 172        3.1724
 173        3.1724
 174        3.4282
 175        3.6203
 176        3.6203
 177        4.0573
 178        4.0573
 179        4.3233
 180        4.3233
 181        4.5087
 182        4.5087
 183        4.9402
 184        4.9718
 185        4.9718
 186        5.8701
 187        6.3938
 188        6.3938
 189        7.1133
 190        7.1133
 191        7.2287
 192        7.2965
 193        7.2965
 194        7.6748
 195        7.6748
 196        7.8045
 197        8.6919
 198        8.9279
 199        8.9299
 200        8.9722
 201        8.9733
 202        9.4556
 203        9.4583
 204        9.5546
 205        9.5943
 206        9.7085
 207        9.7119
 208       10.2222
 209       10.2853
 210       10.8793
 211       11.1006
 212       11.2564
 
  0.3125000E+00  0.1875000E+00  0.6250000E-01  0.9375000E-01
   1       -4.0561
   2       -3.1702
   3       -2.6532
   4       -2.2237
   5       -2.0684
   6       -2.0143
   7       -1.9778
   8       -1.8790
   9       -1.8746
  10       -1.8557
  11       -1.7655
  12       -1.7464
  13       -1.7350
  14       -1.6840
  15       -1.6838
  16       -1.6506
  17       -1.6481
  18       -1.5756
  19       -1.5068
  20       -1.5032
  21       -1.4732
  22       -1.4412
  23       -1.3648
  24       -1.3209
  25       -1.2490
  26       -1.2139
  27       -1.2025
  28       -1.1416
  29       -1.0761
  30       -1.0500
  31       -1.0446
  32       -1.0223
  33       -1.0128
  34       -0.9954
  35       -0.9674
  36       -0.9483
  37       -0.8864
  38       -0.8451
  39       -0.8423
  40       -0.8307
  41       -0.7433
  42       -0.6984
  43       -0.6821
  44       -0.6753
  45       -0.6457
  46       -0.6299
  47       -0.6046
  48       -0.5490
  49       -0.4916
  50       -0.4901
  51       -0.4881
  52       -0.4658
  53       -0.4605
  54       -0.4200
  55       -0.3895
  56       -0.3660
  57       -0.3640
  58       -0.3403
  59       -0.2669
  60       -0.1994
  61       -0.1976
  62       -0.1932
  63       -0.1846
  64       -0.1474
  65       -0.1429
  66       -0.1319
  67       -0.1316
  68       -0.1068
  69       -0.1058
  70       -0.0834
  71       -0.0372
  72       -0.0224
  73       -0.0007
  74        0.0371
  75        0.0430
  76        0.0729
  77        0.0896
  78        0.0914
  79        0.1074
  80        0.1123
  81        0.1168
  82        0.1333
  83        0.1390
  84        0.1692
  85        0.1819
  86        0.1950
  87        0.2372
  88        0.2752
  89        0.3284
  90        0.3609
  91        0.3626
  92        0.3730
  93        0.4078
  94        0.4349
  95        0.4804
  96        0.4906
  97        0.5485
  98        0.5535
  99        0.5685
 100        0.6024
 101        0.6205
 102        0.6635
 103        0.6873
 104        0.7726
 105        0.8013
 106        0.8091
 107        0.8287
 108        0.8490
 109        0.8863
 110        0.8957
 111        0.9382
 112        1.0213
 113        1.0444
 114        1.0570
 115        1.0771
 116        1.0793
 117        1.1467
 118        1.1472
 119        1.1628
 120        1.2008
 121        1.2339
 122        1.2475
 123        1.2481
 124        1.2533
 125        1.2598
 126        1.3244
 127        1.3312
 128        1.3385
 129        1.3425
 130        1.3678
 131        1.3752
 132        1.4081
 133        1.4351
 134        1.4994
 135        1.5080
 136        1.5166
 137        1.5283
 138        1.5476
 139        1.5646
 140        1.6060
 141        1.6195
 142        1.6416
 143        1.6416
 144        1.6539
 145        1.6585
 146        1.6780
 147        1.7268
 148        1.7502
 149        1.8026
 150        1.8518
 151        1.8775
 152        1.8936
 153        1.9373
 154        2.0001
 155        2.0010
 156        2.0060
 157        2.0597
 158        2.0606
 159        2.0883
 160        2.0904
 161        2.1060
 162        2.1268
 163        2.1282
 164        2.1885
 165        2.2119
 166        2.2156
 167        2.2218
 168        2.2252
 169        2.4543
 170        2.5951
 171        2.7476
 172        2.8071
 173        3.1672
 174        3.2304
 175        3.2566
 176        4.1177
 177        4.1265
 178        4.1534
 179        4.3772
 180        4.5983
 181        4.6312
 182        4.7426
 183        5.0811
 184        5.3789
 185        5.4715
 186        6.2805
 187        6.2931
 188        6.4177
 189        6.7248
 190        6.7632
 191        6.7837
 192        6.9797
 193        7.2459
 194        7.6693
 195        7.8856
 196        8.4595
 197        8.5032
 198        8.5832
 199        8.6290
 200        8.6903
 201        8.8702
 202        9.0555
 203        9.2274
 204        9.2839
 205        9.3406
 206        9.4725
 207        9.7515
 208        9.9109
 209       10.0258
 210       10.4711
 211       10.7621
 212       10.9782
 
  0.4375000E+00  0.1875000E+00  0.6250000E-01  0.9375000E-01
   1       -3.8257
   2       -3.5271
   3       -2.4804
   4       -2.2633
   5       -2.0920
   6       -1.9943
   7       -1.9346
   8       -1.8846
   9       -1.8790
  10       -1.7654
  11       -1.7432
  12       -1.7370
  13       -1.7028
  14       -1.6812
  15       -1.6398
  16       -1.6361
  17       -1.5677
  18       -1.5653
  19       -1.5479
  20       -1.5212
  21       -1.4989
  22       -1.4277
  23       -1.4201
  24       -1.3820
  25       -1.3515
  26       -1.3304
  27       -1.3197
  28       -1.3069
  29       -1.1912
  30       -1.1386
  31       -1.0749
  32       -1.0677
  33       -0.9654
  34       -0.9338
  35       -0.9006
  36       -0.8816
  37       -0.8735
  38       -0.8171
  39       -0.7999
  40       -0.7742
  41       -0.7226
  42       -0.7223
  43       -0.7062
  44       -0.6399
  45       -0.6268
  46       -0.6181
  47       -0.6114
  48       -0.5875
  49       -0.5801
  50       -0.5634
  51       -0.5542
  52       -0.5212
  53       -0.5029
  54       -0.4743
  55       -0.4100
  56       -0.3552
  57       -0.3213
  58       -0.2921
  59       -0.2617
  60       -0.2505
  61       -0.2386
  62       -0.2383
  63       -0.1768
  64       -0.1586
  65       -0.1479
  66       -0.1288
  67       -0.1155
  68       -0.0731
  69       -0.0701
  70       -0.0693
  71       -0.0459
  72       -0.0133
  73        0.0295
  74        0.0419
  75        0.0422
  76        0.0882
  77        0.0889
  78        0.0989
  79        0.1177
  80        0.1429
  81        0.1642
  82        0.1738
  83        0.1773
  84        0.1941
  85        0.2185
  86        0.2407
  87        0.2521
  88        0.2724
  89        0.2733
  90        0.2866
  91        0.3568
  92        0.3854
  93        0.5261
  94        0.5421
  95        0.5912
  96        0.6039
  97        0.6136
  98        0.6235
  99        0.6259
 100        0.6754
 101        0.7370
 102        0.7814
 103        0.7874
 104        0.8347
 105        0.8383
 106        0.8674
 107        0.8857
 108        0.8905
 109        0.9192
 110        0.9320
 111        0.9355
 112        0.9638
 113        0.9677
 114        0.9731
 115        1.0040
 116        1.0324
 117        1.0412
 118        1.1033
 119        1.1283
 120        1.1756
 121        1.1812
 122        1.1836
 123        1.1951
 124        1.2152
 125        1.2221
 126        1.2336
 127        1.2454
 128        1.2479
 129        1.2845
 130        1.3725
 131        1.4074
 132        1.4388
 133        1.4759
 134        1.5020
 135        1.5103
 136        1.5367
 137        1.5613
 138        1.6406
 139        1.6681
 140        1.7040
 141        1.7095
 142        1.7250
 143        1.7317
 144        1.7339
 145        1.7700
 146        1.7948
 147        1.7957
 148        1.7972
 149        1.7999
 150        1.8151
 151        1.8757
 152        1.8844
 153        1.8975
 154        1.9180
 155        1.9215
 156        1.9239
 157        1.9301
 158        1.9330
 159        1.9349
 160        1.9356
 161        2.0136
 162        2.1387
 163        2.1531
 164        2.2132
 165        2.2168
 166        2.2172
 167        2.2192
 168        2.4627
 169        2.4806
 170        2.6144
 171        2.6331
 172        2.6949
 173        2.8507
 174        3.1665
 175        3.1854
 176        3.3101
 177        4.2046
 178        4.3050
 179        4.7170
 180        4.7835
 181        4.8167
 182        5.2879
 183        5.5037
 184        5.7195
 185        5.8519
 186        6.0057
 187        6.0548
 188        6.3297
 189        6.3887
 190        6.6667
 191        6.7905
 192        6.9281
 193        7.3191
 194        7.4584
 195        7.7414
 196        8.2950
 197        8.3481
 198        8.4504
 199        8.6480
 200        8.6751
 201        8.9279
 202        9.0409
 203        9.2840
 204        9.3185
 205        9.3265
 206        9.3630
 207        9.3984
 208        9.5085
 209        9.6555
 210       10.1941
 211       10.6374
 212       10.6776
 
  0.3125000E+00  0.3125000E+00  0.6250000E-01  0.4687500E-01
   1       -3.9036
   2       -3.0403
   3       -3.0403
   4       -2.3255
   5       -2.1619
   6       -2.0637
   7       -1.9462
   8       -1.8640
   9       -1.8640
  10       -1.8390
  11       -1.7444
  12       -1.7444
  13       -1.6500
  14       -1.6500
  15       -1.6370
  16       -1.6370
  17       -1.6272
  18       -1.5400
  19       -1.5400
  20       -1.4238
  21       -1.4238
  22       -1.3349
  23       -1.2548
  24       -1.2548
  25       -1.2268
  26       -1.2268
  27       -1.2178
  28       -1.2178
  29       -1.1473
  30       -1.1473
  31       -1.1418
  32       -1.1418
  33       -1.1400
  34       -1.0065
  35       -1.0065
  36       -0.9588
  37       -0.9588
  38       -0.8671
  39       -0.8671
  40       -0.8416
  41       -0.8416
  42       -0.7437
  43       -0.7437
  44       -0.7192
  45       -0.7082
  46       -0.7082
  47       -0.6038
  48       -0.4693
  49       -0.4693
  50       -0.4574
  51       -0.4574
  52       -0.4550
  53       -0.4550
  54       -0.4520
  55       -0.4399
  56       -0.2838
  57       -0.2838
  58       -0.2627
  59       -0.2627
  60       -0.1770
  61       -0.1552
  62       -0.1552
  63       -0.1482
  64       -0.1482
  65       -0.1108
  66       -0.1108
  67       -0.1079
  68       -0.0579
  69       -0.0579
  70       -0.0307
  71        0.0315
  72        0.0315
  73        0.0926
  74        0.1046
  75        0.1059
  76        0.1342
  77        0.1351
  78        0.1383
  79        0.1481
  80        0.1680
  81        0.1680
  82        0.1829
  83        0.2334
  84        0.2334
  85        0.2385
  86        0.2385
  87        0.2836
  88        0.2836
  89        0.2964
  90        0.2964
  91        0.4024
  92        0.4024
  93        0.4358
  94        0.4358
  95        0.4481
  96        0.4481
  97        0.5166
  98        0.5166
  99        0.5441
 100        0.5544
 101        0.5544
 102        0.5639
 103        0.6627
 104        0.6627
 105        0.6921
 106        0.6921
 107        0.7066
 108        0.7514
 109        0.8284
 110        0.8284
 111        0.9470
 112        0.9976
 113        1.0078
 114        1.0078
 115        1.0251
 116        1.0260
 117        1.0260
 118        1.0663
 119        1.1730
 120        1.2057
 121        1.2057
 122        1.2833
 123        1.2833
 124        1.3673
 125        1.3673
 126        1.3716
 127        1.3716
 128        1.4027
 129        1.4027
 130        1.4092
 131        1.4146
 132        1.4146
 133        1.4207
 134        1.4207
 135        1.4475
 136        1.5393
 137        1.5393
 138        1.5694
 139        1.5694
 140        1.6746
 141        1.6986
 142        1.6986
 143        1.7031
 144        1.7114
 145        1.7725
 146        1.7725
 147        1.7730
 148        1.7730
 149        1.8017
 150        1.8050
 151        1.8553
 152        1.8553
 153        1.9327
 154        1.9365
 155        2.0102
 156        2.0102
 157        2.0126
 158        2.0126
 159        2.0220
 160        2.0932
 161        2.0932
 162        2.0941
 163        2.0941
 164        2.1164
 165        2.1164
 166        2.1651
 167        2.3199
 168        2.4100
 169        2.4100
 170        2.5065
 171        2.5065
 172        2.7926
 173        2.7926
 174        2.9718
 175        3.7412
 176        3.7412
 177        4.5347
 178        4.5347
 179        4.7466
 180        4.7466
 181        5.1038
 182        5.1038
 183        5.2230
 184        5.2230
 185        5.8922
 186        5.8922
 187        5.9725
 188        6.4248
 189        6.4248
 190        6.6463
 191        6.8024
 192        6.8024
 193        7.4772
 194        7.4772
 195        8.0492
 196        8.0492
 197        8.2407
 198        8.2407
 199        8.4378
 200        8.5141
 201        8.5142
 202        8.5821
 203        8.7427
 204        8.7432
 205        9.2275
 206        9.6107
 207       10.0223
 208       10.0371
 209       10.5693
 210       10.6729
 211       10.8589
 212       11.0121
 
  0.4375000E+00  0.3125000E+00  0.6250000E-01  0.9375000E-01
   1       -3.6790
   2       -3.3879
   3       -2.8509
   4       -2.6092
   5       -2.0769
   6       -2.0252
   7       -1.9755
   8       -1.9562
   9       -1.8791
  10       -1.7846
  11       -1.7787
  12       -1.7203
  13       -1.6003
  14       -1.5864
  15       -1.5802
  16       -1.5367
  17       -1.5349
  18       -1.4979
  19       -1.4262
  20       -1.4116
  21       -1.4070
  22       -1.3869
  23       -1.3514
  24       -1.3278
  25       -1.3050
  26       -1.2582
  27       -1.2411
  28       -1.2035
  29       -1.2017
  30       -1.1898
  31       -1.1484
  32       -1.1032
  33       -1.0859
  34       -1.0662
  35       -1.0472
  36       -1.0191
  37       -1.0038
  38       -0.9798
  39       -0.9510
  40       -0.9127
  41       -0.9023
  42       -0.8253
  43       -0.7100
  44       -0.6730
  45       -0.6508
  46       -0.5722
  47       -0.5685
  48       -0.5576
  49       -0.5563
  50       -0.4650
  51       -0.4487
  52       -0.4397
  53       -0.4103
  54       -0.3989
  55       -0.3515
  56       -0.3470
  57       -0.3411
  58       -0.3323
  59       -0.2943
  60       -0.2461
  61       -0.1573
  62       -0.1251
  63       -0.1146
  64       -0.0740
  65       -0.0394
  66       -0.0365
  67       -0.0272
  68        0.0135
  69        0.0184
  70        0.0223
  71        0.0383
  72        0.0689
  73        0.0734
  74        0.0939
  75        0.1618
  76        0.1794
  77        0.1839
  78        0.1912
  79        0.1940
  80        0.2155
  81        0.2163
  82        0.2298
  83        0.2427
  84        0.2478
  85        0.2584
  86        0.2723
  87        0.2927
  88        0.3293
  89        0.3524
  90        0.3583
  91        0.3770
  92        0.3890
  93        0.4119
  94        0.4423
  95        0.4487
  96        0.4839
  97        0.4892
  98        0.4939
  99        0.5547
 100        0.5630
 101        0.5720
 102        0.5960
 103        0.5990
 104        0.6229
 105        0.6674
 106        0.7653
 107        0.7828
 108        0.7872
 109        0.7888
 110        0.7900
 111        0.8164
 112        0.8268
 113        0.8429
 114        0.8590
 115        0.9075
 116        0.9261
 117        0.9328
 118        0.9829
 119        1.1216
 120        1.1267
 121        1.1275
 122        1.2173
 123        1.2273
 124        1.3120
 125        1.3129
 126        1.3280
 127        1.3793
 128        1.3931
 129        1.4311
 130        1.4421
 131        1.4900
 132        1.5393
 133        1.5738
 134        1.5783
 135        1.5902
 136        1.5904
 137        1.6134
 138        1.6326
 139        1.6516
 140        1.7174
 141        1.7336
 142        1.7344
 143        1.7413
 144        1.7688
 145        1.7823
 146        1.8031
 147        1.8166
 148        1.8337
 149        1.8546
 150        1.8710
 151        1.8752
 152        1.8831
 153        1.8892
 154        1.9305
 155        1.9482
 156        1.9497
 157        1.9520
 158        1.9526
 159        1.9663
 160        1.9717
 161        1.9883
 162        2.0992
 163        2.1042
 164        2.1047
 165        2.1064
 166        2.1148
 167        2.1259
 168        2.2862
 169        2.3481
 170        2.4440
 171        2.7873
 172        2.8271
 173        2.9169
 174        3.0455
 175        3.3294
 176        3.7341
 177        4.3603
 178        4.9077
 179        4.9918
 180        5.0771
 181        5.0829
 182        5.4123
 183        5.4530
 184        5.4560
 185        5.5264
 186        5.9099
 187        6.1995
 188        6.5050
 189        6.5129
 190        6.5572
 191        6.9715
 192        7.0362
 193        7.1013
 194        7.2739
 195        7.4912
 196        7.6894
 197        7.7987
 198        7.8736
 199        8.0453
 200        8.1754
 201        8.2578
 202        8.3341
 203        8.7986
 204        9.1923
 205        9.3590
 206       10.0821
 207       10.1998
 208       10.3602
 209       10.4110
 210       10.6632
 211       10.8261
 212       11.1067
 
  0.4375000E+00  0.4375000E+00  0.6250000E-01  0.4687500E-01
   1       -3.4630
   2       -3.1838
   3       -3.1838
   4       -2.9209
   5       -2.0508
   6       -2.0298
   7       -2.0111
   8       -2.0111
   9       -1.8508
  10       -1.7970
  11       -1.7961
  12       -1.7961
  13       -1.4732
  14       -1.4432
  15       -1.4432
  16       -1.4367
  17       -1.4367
  18       -1.3860
  19       -1.3860
  20       -1.3747
  21       -1.3747
  22       -1.3057
  23       -1.2752
  24       -1.2752
  25       -1.2728
  26       -1.2728
  27       -1.2609
  28       -1.2609
  29       -1.2368
  30       -1.2368
  31       -1.2040
  32       -1.2040
  33       -1.1495
  34       -1.1495
  35       -1.1200
  36       -1.1200
  37       -1.0851
  38       -1.0851
  39       -1.0397
  40       -1.0040
  41       -1.0040
  42       -0.8723
  43       -0.8723
  44       -0.7142
  45       -0.5963
  46       -0.5963
  47       -0.5055
  48       -0.5055
  49       -0.5049
  50       -0.5049
  51       -0.4251
  52       -0.4251
  53       -0.3812
  54       -0.3514
  55       -0.3514
  56       -0.3346
  57       -0.2816
  58       -0.2580
  59       -0.1174
  60       -0.1174
  61       -0.1040
  62       -0.0311
  63       -0.0311
  64       -0.0263
  65       -0.0263
  66       -0.0245
  67       -0.0121
  68        0.0280
  69        0.0280
  70        0.0399
  71        0.1457
  72        0.1457
  73        0.2064
  74        0.2064
  75        0.2228
  76        0.2287
  77        0.2299
  78        0.2430
  79        0.2496
  80        0.2496
  81        0.2708
  82        0.3110
  83        0.3204
  84        0.3204
  85        0.3227
  86        0.3227
  87        0.3236
  88        0.3329
  89        0.3329
  90        0.3746
  91        0.3746
  92        0.3826
  93        0.3826
  94        0.3832
  95        0.3934
  96        0.4208
  97        0.4208
  98        0.4810
  99        0.4810
 100        0.4838
 101        0.4838
 102        0.4865
 103        0.5032
 104        0.5829
 105        0.5829
 106        0.6381
 107        0.6381
 108        0.6565
 109        0.6565
 110        0.6632
 111        0.6632
 112        0.7412
 113        0.7412
 114        0.7847
 115        0.7847
 116        0.8027
 117        0.8449
 118        0.8449
 119        0.8975
 120        0.9210
 121        1.2446
 122        1.2883
 123        1.3541
 124        1.3541
 125        1.3969
 126        1.3969
 127        1.4608
 128        1.4608
 129        1.4830
 130        1.5369
 131        1.5503
 132        1.5503
 133        1.5581
 134        1.5581
 135        1.6753
 136        1.6753
 137        1.6805
 138        1.6805
 139        1.7480
 140        1.7633
 141        1.7633
 142        1.7688
 143        1.8025
 144        1.8025
 145        1.8567
 146        1.8647
 147        1.8647
 148        1.8888
 149        1.8958
 150        1.9358
 151        1.9358
 152        1.9403
 153        1.9403
 154        1.9419
 155        1.9419
 156        1.9561
 157        1.9561
 158        1.9606
 159        1.9606
 160        1.9702
 161        1.9736
 162        1.9736
 163        1.9878
 164        1.9878
 165        2.0359
 166        2.0398
 167        2.0398
 168        2.0448
 169        2.1855
 170        2.4522
 171        2.4522
 172        2.5682
 173        3.4878
 174        3.4878
 175        3.9280
 176        3.9280
 177        4.1879
 178        4.1879
 179        4.6421
 180        4.6421
 181        5.6926
 182        5.6926
 183        5.9296
 184        5.9296
 185        6.1817
 186        6.1817
 187        6.4578
 188        6.4578
 189        6.5539
 190        6.5539
 191        6.8805
 192        6.8805
 193        6.9606
 194        7.1247
 195        7.1247
 196        7.3620
 197        7.3620
 198        7.3764
 199        7.3764
 200        7.4202
 201        8.0813
 202        8.2999
 203        8.2999
 204        8.7105
 205       10.1408
 206       10.7072
 207       10.8041
 208       10.8423
 209       10.9668
 210       11.0594
 211       11.1492
 212       11.1733
 
  0.1875000E+00  0.1875000E+00  0.1875000E+00  0.1562500E-01
   1       -4.1345
   2       -2.7173
   3       -2.7173
   4       -2.7173
   5       -2.1348
   6       -1.9361
   7       -1.9361
   8       -1.9361
   9       -1.8202
  10       -1.8202
  11       -1.8202
  12       -1.7392
  13       -1.7392
  14       -1.7392
  15       -1.7165
  16       -1.7165
  17       -1.7165
  18       -1.5076
  19       -1.5076
  20       -1.5076
  21       -1.2071
  22       -1.2071
  23       -1.2071
  24       -1.2071
  25       -1.2071
  26       -1.2071
  27       -1.1165
  28       -1.1165
  29       -1.1165
  30       -1.0466
  31       -1.0466
  32       -1.0466
  33       -1.0466
  34       -1.0466
  35       -1.0466
  36       -1.0411
  37       -1.0411
  38       -1.0411
  39       -0.7387
  40       -0.7387
  41       -0.7387
  42       -0.7387
  43       -0.7387
  44       -0.7387
  45       -0.6123
  46       -0.6123
  47       -0.6123
  48       -0.3842
  49       -0.3842
  50       -0.3842
  51       -0.3445
  52       -0.3445
  53       -0.3445
  54       -0.3445
  55       -0.3445
  56       -0.3445
  57       -0.3207
  58       -0.3207
  59       -0.3207
  60       -0.2459
  61       -0.2459
  62       -0.2459
  63       -0.2459
  64       -0.2459
  65       -0.2459
  66       -0.1549
  67       -0.1549
  68       -0.1549
  69       -0.1022
  70       -0.0036
  71       -0.0036
  72        0.0447
  73        0.0447
  74        0.0675
  75        0.0675
  76        0.0675
  77        0.0675
  78        0.0675
  79        0.0675
  80        0.0912
  81        0.0912
  82        0.0912
  83        0.0924
  84        0.0924
  85        0.0924
  86        0.1238
  87        0.1238
  88        0.1238
  89        0.3294
  90        0.3294
  91        0.3294
  92        0.4605
  93        0.4605
  94        0.4605
  95        0.4648
  96        0.4648
  97        0.4648
  98        0.5502
  99        0.5502
 100        0.5502
 101        0.7421
 102        0.7421
 103        0.7421
 104        0.7783
 105        0.7783
 106        0.7783
 107        0.7783
 108        0.7783
 109        0.7783
 110        0.9413
 111        0.9413
 112        0.9413
 113        1.0297
 114        1.0297
 115        1.0297
 116        1.0835
 117        1.0835
 118        1.0835
 119        1.1009
 120        1.1009
 121        1.1812
 122        1.1812
 123        1.1812
 124        1.1812
 125        1.1812
 126        1.1812
 127        1.3481
 128        1.3481
 129        1.3481
 130        1.4751
 131        1.4751
 132        1.4751
 133        1.4912
 134        1.4912
 135        1.4912
 136        1.4912
 137        1.4912
 138        1.4912
 139        1.5928
 140        1.5928
 141        1.5928
 142        1.7946
 143        1.7946
 144        1.7946
 145        1.8043
 146        1.8043
 147        1.8043
 148        1.8095
 149        1.8095
 150        1.8095
 151        1.8460
 152        1.8460
 153        1.8460
 154        1.8953
 155        1.8953
 156        2.0632
 157        2.0632
 158        2.0632
 159        2.0901
 160        2.1604
 161        2.1604
 162        2.1604
 163        2.1604
 164        2.1604
 165        2.1604
 166        2.2193
 167        2.2193
 168        2.2193
 169        2.4526
 170        2.4526
 171        2.4526
 172        3.6406
 173        3.6406
 174        3.6406
 175        3.6406
 176        3.6406
 177        3.6406
 178        4.1881
 179        4.1881
 180        4.1881
 181        5.0086
 182        5.0086
 183        5.0086
 184        5.1937
 185        5.1937
 186        5.1937
 187        6.7436
 188        6.7436
 189        6.7436
 190        7.1477
 191        7.1477
 192        7.1477
 193        7.1477
 194        7.1477
 195        7.1477
 196        8.4572
 197        8.9600
 198        8.9600
 199        8.9600
 200        8.9601
 201        8.9604
 202        8.9634
 203        9.2589
 204        9.2598
 205        9.2618
 206        9.4896
 207        9.4905
 208        9.4962
 209       10.7748
 210       10.7942
 211       10.8138
 212       10.9458
 
  0.3125000E+00  0.1875000E+00  0.1875000E+00  0.4687500E-01
   1       -3.9805
   2       -3.1081
   3       -2.6091
   4       -2.6091
   5       -2.1291
   6       -2.0466
   7       -2.0466
   8       -1.9210
   9       -1.8593
  10       -1.8593
  11       -1.8029
  12       -1.6946
  13       -1.6596
  14       -1.6596
  15       -1.6375
  16       -1.6375
  17       -1.6073
  18       -1.4561
  19       -1.4150
  20       -1.4150
  21       -1.4138
  22       -1.4138
  23       -1.2999
  24       -1.2999
  25       -1.2781
  26       -1.2250
  27       -1.2250
  28       -1.1694
  29       -1.1111
  30       -1.1111
  31       -1.0625
  32       -1.0625
  33       -1.0625
  34       -1.0625
  35       -0.9983
  36       -0.9983
  37       -0.9585
  38       -0.9585
  39       -0.9261
  40       -0.9261
  41       -0.7187
  42       -0.7187
  43       -0.6807
  44       -0.6807
  45       -0.5659
  46       -0.5659
  47       -0.4718
  48       -0.4644
  49       -0.4644
  50       -0.4577
  51       -0.4577
  52       -0.4269
  53       -0.4269
  54       -0.3969
  55       -0.3638
  56       -0.3638
  57       -0.3013
  58       -0.3013
  59       -0.2781
  60       -0.2781
  61       -0.2502
  62       -0.2502
  63       -0.2272
  64       -0.1856
  65       -0.1856
  66       -0.1489
  67       -0.1075
  68       -0.0379
  69       -0.0379
  70        0.0151
  71        0.0296
  72        0.0450
  73        0.0450
  74        0.0850
  75        0.0850
  76        0.0895
  77        0.0968
  78        0.1171
  79        0.1171
  80        0.1243
  81        0.1243
  82        0.1661
  83        0.1661
  84        0.1803
  85        0.1858
  86        0.2509
  87        0.2509
  88        0.2745
  89        0.2745
  90        0.3139
  91        0.3329
  92        0.3718
  93        0.3990
  94        0.3990
  95        0.4029
  96        0.4585
  97        0.4585
  98        0.5148
  99        0.5148
 100        0.5960
 101        0.6093
 102        0.6093
 103        0.7382
 104        0.8407
 105        0.8407
 106        0.8461
 107        0.8461
 108        0.8467
 109        0.9290
 110        0.9290
 111        0.9957
 112        0.9957
 113        1.0067
 114        1.0067
 115        1.0350
 116        1.0350
 117        1.0373
 118        1.0763
 119        1.0763
 120        1.1186
 121        1.1313
 122        1.1313
 123        1.1426
 124        1.1830
 125        1.1830
 126        1.2257
 127        1.2727
 128        1.3369
 129        1.3369
 130        1.3726
 131        1.4383
 132        1.4987
 133        1.4987
 134        1.5367
 135        1.5367
 136        1.5422
 137        1.5422
 138        1.6309
 139        1.6652
 140        1.6652
 141        1.6791
 142        1.6791
 143        1.7024
 144        1.7024
 145        1.7259
 146        1.7510
 147        1.7572
 148        1.7572
 149        1.7622
 150        1.7683
 151        1.7683
 152        1.9166
 153        2.0325
 154        2.0489
 155        2.0489
 156        2.0658
 157        2.0658
 158        2.0683
 159        2.0683
 160        2.1032
 161        2.1350
 162        2.1350
 163        2.1615
 164        2.1615
 165        2.1653
 166        2.1653
 167        2.1697
 168        2.2036
 169        2.2036
 170        2.2525
 171        2.4026
 172        3.2456
 173        3.2456
 174        3.6842
 175        3.6842
 176        4.0154
 177        4.0154
 178        4.2040
 179        4.2040
 180        4.3506
 181        4.9348
 182        5.1395
 183        5.5641
 184        5.5641
 185        5.5648
 186        5.5648
 187        6.3913
 188        6.3913
 189        6.4052
 190        6.8551
 191        6.8551
 192        7.0948
 193        7.0948
 194        7.3305
 195        7.3305
 196        8.2105
 197        8.4690
 198        8.4692
 199        8.8644
 200        8.8658
 201        8.9911
 202        8.9918
 203        9.1388
 204        9.1394
 205        9.1851
 206        9.3730
 207        9.3787
 208        9.8240
 209        9.8396
 210       10.2698
 211       10.4591
 212       11.2730
 
  0.4375000E+00  0.1875000E+00  0.1875000E+00  0.4687500E-01
   1       -3.7535
   2       -3.4593
   3       -2.4545
   4       -2.4545
   5       -2.2628
   6       -2.2628
   7       -2.0884
   8       -2.0163
   9       -1.7453
  10       -1.7453
  11       -1.6424
  12       -1.6413
  13       -1.5999
  14       -1.5957
  15       -1.5957
  16       -1.5442
  17       -1.5442
  18       -1.5319
  19       -1.5319
  20       -1.4627
  21       -1.4139
  22       -1.4139
  23       -1.3970
  24       -1.3970
  25       -1.3806
  26       -1.2838
  27       -1.2806
  28       -1.2806
  29       -1.1130
  30       -1.1130
  31       -1.0998
  32       -1.0998
  33       -1.0822
  34       -1.0822
  35       -0.9749
  36       -0.9749
  37       -0.9594
  38       -0.9594
  39       -0.8327
  40       -0.8327
  41       -0.6745
  42       -0.6745
  43       -0.6651
  44       -0.6651
  45       -0.5987
  46       -0.5987
  47       -0.5855
  48       -0.5855
  49       -0.5065
  50       -0.5065
  51       -0.5019
  52       -0.5019
  53       -0.4296
  54       -0.4296
  55       -0.3610
  56       -0.3428
  57       -0.2994
  58       -0.2635
  59       -0.2635
  60       -0.2375
  61       -0.2375
  62       -0.2325
  63       -0.2235
  64       -0.2235
  65       -0.1504
  66       -0.1504
  67       -0.1084
  68       -0.1084
  69       -0.0065
  70        0.0166
  71        0.0726
  72        0.0726
  73        0.0949
  74        0.1027
  75        0.1027
  76        0.1159
  77        0.1159
  78        0.1382
  79        0.1382
  80        0.1691
  81        0.1746
  82        0.1822
  83        0.1822
  84        0.1906
  85        0.2641
  86        0.2653
  87        0.2653
  88        0.2770
  89        0.3051
  90        0.3099
  91        0.3099
  92        0.4448
  93        0.4735
  94        0.4735
  95        0.4737
  96        0.4916
  97        0.4916
  98        0.5170
  99        0.5170
 100        0.6261
 101        0.7612
 102        0.7612
 103        0.7634
 104        0.7634
 105        0.8728
 106        0.8768
 107        0.9043
 108        0.9043
 109        0.9156
 110        0.9518
 111        0.9518
 112        0.9538
 113        0.9545
 114        0.9545
 115        1.0196
 116        1.0196
 117        1.0516
 118        1.0516
 119        1.0533
 120        1.0533
 121        1.0589
 122        1.0589
 123        1.0693
 124        1.1358
 125        1.1358
 126        1.1464
 127        1.1464
 128        1.2034
 129        1.2810
 130        1.3805
 131        1.4192
 132        1.4540
 133        1.5051
 134        1.5051
 135        1.6009
 136        1.6146
 137        1.6146
 138        1.6171
 139        1.6547
 140        1.6547
 141        1.6858
 142        1.6858
 143        1.6908
 144        1.6908
 145        1.8172
 146        1.8172
 147        1.8250
 148        1.8250
 149        1.8474
 150        1.8474
 151        1.8551
 152        1.9033
 153        1.9033
 154        1.9493
 155        1.9493
 156        1.9508
 157        1.9508
 158        1.9610
 159        1.9755
 160        1.9755
 161        2.0148
 162        2.1003
 163        2.1738
 164        2.1738
 165        2.1868
 166        2.1868
 167        2.2264
 168        2.3272
 169        2.4929
 170        2.4929
 171        2.8320
 172        2.8640
 173        2.8640
 174        3.5402
 175        3.7571
 176        3.7571
 177        3.8664
 178        3.8664
 179        4.8637
 180        4.8637
 181        5.3075
 182        5.3763
 183        5.6043
 184        5.6043
 185        6.0064
 186        6.0064
 187        6.1624
 188        6.1624
 189        6.4558
 190        6.4558
 191        6.5044
 192        6.7365
 193        6.7365
 194        7.2443
 195        8.0678
 196        8.0678
 197        8.3458
 198        8.3461
 199        8.5383
 200        8.5384
 201        8.9088
 202        8.9111
 203        9.0881
 204        9.0915
 205        9.2281
 206        9.2289
 207        9.4321
 208        9.4395
 209        9.8127
 210        9.8621
 211       10.2421
 212       11.7916
 
  0.3125000E+00  0.3125000E+00  0.1875000E+00  0.4687500E-01
   1       -3.8309
   2       -2.9862
   3       -2.9862
   4       -2.5242
   5       -2.3265
   6       -2.1594
   7       -2.0938
   8       -2.0938
   9       -1.8101
  10       -1.7166
  11       -1.7166
  12       -1.6160
  13       -1.6160
  14       -1.6111
  15       -1.6056
  16       -1.5303
  17       -1.5303
  18       -1.4677
  19       -1.4677
  20       -1.3631
  21       -1.3631
  22       -1.3072
  23       -1.2681
  24       -1.2681
  25       -1.2417
  26       -1.2417
  27       -1.2312
  28       -1.2312
  29       -1.1848
  30       -1.1848
  31       -1.1734
  32       -1.1734
  33       -1.1734
  34       -1.0795
  35       -1.0795
  36       -1.0521
  37       -1.0521
  38       -0.8792
  39       -0.8792
  40       -0.8356
  41       -0.8186
  42       -0.8186
  43       -0.6680
  44       -0.6680
  45       -0.5688
  46       -0.5688
  47       -0.4897
  48       -0.4623
  49       -0.4480
  50       -0.4480
  51       -0.4389
  52       -0.4389
  53       -0.4215
  54       -0.4215
  55       -0.3541
  56       -0.2780
  57       -0.2780
  58       -0.2708
  59       -0.2708
  60       -0.2306
  61       -0.2306
  62       -0.1964
  63       -0.1720
  64       -0.1465
  65       -0.1465
  66       -0.1352
  67       -0.1352
  68        0.0032
  69        0.0032
  70        0.0312
  71        0.0391
  72        0.0391
  73        0.0682
  74        0.1175
  75        0.1329
  76        0.1374
  77        0.1374
  78        0.1713
  79        0.1825
  80        0.1979
  81        0.2068
  82        0.2331
  83        0.2466
  84        0.2466
  85        0.2703
  86        0.2703
  87        0.2809
  88        0.2809
  89        0.3112
  90        0.3112
  91        0.3212
  92        0.3212
  93        0.3776
  94        0.3776
  95        0.3847
  96        0.3847
  97        0.4071
  98        0.4394
  99        0.4903
 100        0.4903
 101        0.6553
 102        0.6553
 103        0.6974
 104        0.6974
 105        0.7494
 106        0.7494
 107        0.8096
 108        0.8641
 109        0.8907
 110        0.8907
 111        0.9197
 112        0.9197
 113        0.9212
 114        0.9281
 115        1.0120
 116        1.0120
 117        1.0302
 118        1.0874
 119        1.0874
 120        1.0996
 121        1.1445
 122        1.1851
 123        1.1915
 124        1.1915
 125        1.1979
 126        1.1979
 127        1.2618
 128        1.2618
 129        1.3122
 130        1.3122
 131        1.3160
 132        1.3298
 133        1.3298
 134        1.4103
 135        1.4103
 136        1.5427
 137        1.6405
 138        1.6800
 139        1.6800
 140        1.7180
 141        1.7180
 142        1.7511
 143        1.7511
 144        1.7805
 145        1.8089
 146        1.8158
 147        1.8158
 148        1.8167
 149        1.8167
 150        1.8267
 151        1.9095
 152        1.9138
 153        1.9138
 154        1.9178
 155        2.0282
 156        2.0282
 157        2.0482
 158        2.0482
 159        2.0723
 160        2.0802
 161        2.0802
 162        2.0833
 163        2.0833
 164        2.1081
 165        2.1081
 166        2.1636
 167        2.1636
 168        2.1722
 169        2.2557
 170        2.5900
 171        2.5900
 172        3.2837
 173        3.2837
 174        3.7178
 175        3.7892
 176        3.7892
 177        4.3056
 178        4.3056
 179        4.7138
 180        4.7138
 181        4.8456
 182        4.8456
 183        5.7438
 184        5.7438
 185        5.8865
 186        6.0036
 187        6.0036
 188        6.0813
 189        6.5617
 190        6.5617
 191        6.8437
 192        6.8437
 193        6.9826
 194        6.9826
 195        7.7925
 196        7.7925
 197        7.9946
 198        8.2965
 199        8.2965
 200        8.4884
 201        8.4886
 202        8.4915
 203        9.1898
 204        9.3011
 205        9.3078
 206        9.4304
 207        9.4315
 208        9.9266
 209       10.3870
 210       10.4908
 211       10.6340
 212       10.7569
 
  0.4375000E+00  0.3125000E+00  0.1875000E+00  0.9375000E-01
   1       -3.6106
   2       -3.3257
   3       -2.8096
   4       -2.5859
   5       -2.4043
   6       -2.2578
   7       -2.1606
   8       -2.1362
   9       -1.7275
  10       -1.6126
  11       -1.5978
  12       -1.5718
  13       -1.5640
  14       -1.5561
  15       -1.5234
  16       -1.5223
  17       -1.5179
  18       -1.5022
  19       -1.4476
  20       -1.4252
  21       -1.3960
  22       -1.3884
  23       -1.3568
  24       -1.3019
  25       -1.2872
  26       -1.2405
  27       -1.2283
  28       -1.2178
  29       -1.1908
  30       -1.1766
  31       -1.1611
  32       -1.1501
  33       -1.1451
  34       -1.1307
  35       -1.1152
  36       -1.0753
  37       -1.0609
  38       -0.9910
  39       -0.9441
  40       -0.8028
  41       -0.7682
  42       -0.6955
  43       -0.6918
  44       -0.6626
  45       -0.6233
  46       -0.5973
  47       -0.5635
  48       -0.5366
  49       -0.5189
  50       -0.4550
  51       -0.4168
  52       -0.4000
  53       -0.3808
  54       -0.3747
  55       -0.3676
  56       -0.3521
  57       -0.3248
  58       -0.3223
  59       -0.2538
  60       -0.2383
  61       -0.2323
  62       -0.2145
  63       -0.1047
  64       -0.0849
  65       -0.0260
  66       -0.0117
  67        0.0018
  68        0.0250
  69        0.0405
  70        0.0449
  71        0.0679
  72        0.1223
  73        0.1292
  74        0.1314
  75        0.1542
  76        0.1592
  77        0.1795
  78        0.1892
  79        0.1966
  80        0.2099
  81        0.2227
  82        0.2257
  83        0.2373
  84        0.2493
  85        0.2731
  86        0.2748
  87        0.2813
  88        0.3039
  89        0.3206
  90        0.3375
  91        0.3488
  92        0.3737
  93        0.3786
  94        0.3849
  95        0.3869
  96        0.3981
  97        0.4944
  98        0.5039
  99        0.5131
 100        0.5461
 101        0.5844
 102        0.5905
 103        0.6367
 104        0.6650
 105        0.7003
 106        0.7017
 107        0.7067
 108        0.7710
 109        0.7765
 110        0.8245
 111        0.8869
 112        0.9150
 113        0.9195
 114        0.9389
 115        0.9472
 116        0.9614
 117        0.9721
 118        1.0046
 119        1.0279
 120        1.0405
 121        1.0645
 122        1.0815
 123        1.1376
 124        1.1577
 125        1.1628
 126        1.2061
 127        1.2257
 128        1.2489
 129        1.2740
 130        1.2986
 131        1.3742
 132        1.4025
 133        1.4029
 134        1.4757
 135        1.5179
 136        1.5286
 137        1.5427
 138        1.5950
 139        1.6064
 140        1.6447
 141        1.6920
 142        1.7878
 143        1.8330
 144        1.8514
 145        1.8589
 146        1.8615
 147        1.8765
 148        1.9019
 149        1.9023
 150        1.9137
 151        1.9226
 152        1.9238
 153        1.9290
 154        1.9401
 155        1.9731
 156        1.9795
 157        1.9798
 158        1.9805
 159        2.0037
 160        2.0192
 161        2.0234
 162        2.0295
 163        2.0348
 164        2.1038
 165        2.1048
 166        2.1065
 167        2.1361
 168        2.1361
 169        2.5536
 170        2.9067
 171        2.9783
 172        3.1868
 173        3.3612
 174        3.3808
 175        3.5003
 176        3.9033
 177        4.4405
 178        4.4567
 179        4.6481
 180        5.0198
 181        5.1391
 182        5.1865
 183        5.5791
 184        5.7111
 185        5.7968
 186        5.9828
 187        6.2782
 188        6.3671
 189        6.4572
 190        6.5982
 191        6.6725
 192        6.6942
 193        6.8006
 194        6.9626
 195        7.4835
 196        7.5459
 197        7.5983
 198        8.1407
 199        8.2003
 200        8.3822
 201        8.4906
 202        8.6776
 203        8.7520
 204        8.8484
 205        8.9366
 206        9.5883
 207        9.7474
 208        9.8647
 209       10.0660
 210       10.3426
 211       10.7898
 212       11.6021
 
  0.4375000E+00  0.4375000E+00  0.1875000E+00  0.4687500E-01
   1       -3.4009
   2       -3.1305
   3       -3.1305
   4       -2.8803
   5       -2.3326
   6       -2.2424
   7       -2.2424
   8       -2.2112
   9       -1.6839
  10       -1.6148
  11       -1.6148
  12       -1.6012
  13       -1.4598
  14       -1.4529
  15       -1.4529
  16       -1.4444
  17       -1.4444
  18       -1.4158
  19       -1.4158
  20       -1.3672
  21       -1.3672
  22       -1.3119
  23       -1.3119
  24       -1.3082
  25       -1.3082
  26       -1.3078
  27       -1.2977
  28       -1.2977
  29       -1.2827
  30       -1.2827
  31       -1.1918
  32       -1.1918
  33       -1.1510
  34       -1.1510
  35       -1.0534
  36       -1.0534
  37       -1.0101
  38       -0.9820
  39       -0.9820
  40       -0.8804
  41       -0.8804
  42       -0.8448
  43       -0.8448
  44       -0.6925
  45       -0.5577
  46       -0.5577
  47       -0.4855
  48       -0.4855
  49       -0.4783
  50       -0.4783
  51       -0.4570
  52       -0.4144
  53       -0.4144
  54       -0.3272
  55       -0.3148
  56       -0.3148
  57       -0.2786
  58       -0.2786
  59       -0.2568
  60       -0.2195
  61       -0.2078
  62       -0.0222
  63       -0.0222
  64        0.0021
  65        0.0081
  66        0.0081
  67        0.0577
  68        0.1317
  69        0.1323
  70        0.1323
  71        0.1534
  72        0.1534
  73        0.1731
  74        0.1731
  75        0.1772
  76        0.2145
  77        0.2161
  78        0.2257
  79        0.2257
  80        0.2318
  81        0.2345
  82        0.2400
  83        0.2400
  84        0.2515
  85        0.2515
  86        0.2852
  87        0.2852
  88        0.3074
  89        0.3223
  90        0.3425
  91        0.3459
  92        0.3459
  93        0.3714
  94        0.3714
  95        0.4181
  96        0.4426
  97        0.4426
  98        0.4485
  99        0.4560
 100        0.4560
 101        0.5430
 102        0.5430
 103        0.5693
 104        0.5693
 105        0.5980
 106        0.5980
 107        0.6343
 108        0.6824
 109        0.6824
 110        0.7111
 111        0.7111
 112        0.7115
 113        0.7115
 114        0.8416
 115        0.8416
 116        0.8421
 117        0.9021
 118        0.9205
 119        0.9205
 120        0.9528
 121        1.1532
 122        1.2509
 123        1.2509
 124        1.2644
 125        1.2776
 126        1.2776
 127        1.3182
 128        1.3182
 129        1.3750
 130        1.3750
 131        1.3895
 132        1.3895
 133        1.3991
 134        1.4261
 135        1.4429
 136        1.4429
 137        1.4780
 138        1.4780
 139        1.5129
 140        1.6263
 141        1.6473
 142        1.7172
 143        1.7790
 144        1.7790
 145        1.9208
 146        1.9208
 147        1.9459
 148        1.9713
 149        1.9713
 150        1.9813
 151        1.9813
 152        1.9839
 153        1.9839
 154        1.9886
 155        1.9886
 156        1.9900
 157        1.9900
 158        2.0005
 159        2.0146
 160        2.0146
 161        2.0228
 162        2.0228
 163        2.0244
 164        2.0244
 165        2.0520
 166        2.0699
 167        2.0699
 168        2.0792
 169        2.7274
 170        3.0122
 171        3.0122
 172        3.2108
 173        3.5934
 174        3.5934
 175        4.0158
 176        4.0158
 177        4.3216
 178        4.3216
 179        4.7558
 180        4.7558
 181        5.2423
 182        5.2423
 183        5.5101
 184        5.5101
 185        6.0675
 186        6.0675
 187        6.4002
 188        6.4002
 189        6.6064
 190        6.7518
 191        6.7518
 192        6.8954
 193        6.8954
 194        6.9153
 195        7.0905
 196        7.0905
 197        7.5873
 198        7.5873
 199        7.9279
 200        7.9279
 201        8.0280
 202        8.2382
 203        8.2382
 204        8.5685
 205        9.5089
 206       10.3309
 207       10.3436
 208       10.3712
 209       10.5221
 210       10.9081
 211       11.1177
 212       11.1843
 
  0.3125000E+00  0.3125000E+00  0.3125000E+00  0.1562500E-01
   1       -3.6871
   2       -2.8808
   3       -2.8808
   4       -2.8808
   5       -2.3239
   6       -2.3239
   7       -2.3239
   8       -2.2320
   9       -1.6612
  10       -1.6612
  11       -1.6612
  12       -1.5673
  13       -1.5673
  14       -1.5673
  15       -1.5053
  16       -1.5053
  17       -1.5053
  18       -1.3322
  19       -1.3322
  20       -1.3322
  21       -1.3322
  22       -1.3322
  23       -1.3322
  24       -1.2521
  25       -1.2521
  26       -1.2521
  27       -1.2485
  28       -1.2485
  29       -1.2485
  30       -1.2248
  31       -1.2248
  32       -1.2248
  33       -1.2248
  34       -1.2248
  35       -1.2248
  36       -0.9539
  37       -0.9539
  38       -0.9539
  39       -0.7694
  40       -0.7694
  41       -0.7694
  42       -0.7694
  43       -0.7694
  44       -0.7694
  45       -0.4700
  46       -0.4700
  47       -0.4700
  48       -0.4356
  49       -0.4356
  50       -0.4356
  51       -0.4356
  52       -0.4356
  53       -0.4356
  54       -0.3813
  55       -0.3813
  56       -0.3813
  57       -0.2890
  58       -0.2890
  59       -0.2890
  60       -0.1780
  61       -0.1685
  62       -0.1685
  63       -0.1685
  64       -0.0873
  65       -0.0873
  66       -0.0873
  67       -0.0873
  68       -0.0873
  69       -0.0873
  70        0.0758
  71        0.0758
  72        0.1448
  73        0.1448
  74        0.1852
  75        0.1852
  76        0.1852
  77        0.2501
  78        0.2501
  79        0.2501
  80        0.2599
  81        0.2599
  82        0.2599
  83        0.2599
  84        0.2599
  85        0.2599
  86        0.2836
  87        0.2836
  88        0.2836
  89        0.2972
  90        0.2972
  91        0.2972
  92        0.3351
  93        0.3351
  94        0.3351
  95        0.3447
  96        0.3447
  97        0.3447
  98        0.3576
  99        0.3576
 100        0.3576
 101        0.6719
 102        0.6719
 103        0.6719
 104        0.7842
 105        0.7842
 106        0.7842
 107        0.8085
 108        0.8085
 109        0.8085
 110        0.8085
 111        0.8085
 112        0.8085
 113        0.8789
 114        1.0315
 115        1.0315
 116        1.0315
 117        1.0322
 118        1.0322
 119        1.0322
 120        1.0930
 121        1.0930
 122        1.1086
 123        1.1086
 124        1.1086
 125        1.1391
 126        1.1391
 127        1.1391
 128        1.2032
 129        1.2032
 130        1.2032
 131        1.2032
 132        1.2032
 133        1.2032
 134        1.4124
 135        1.4124
 136        1.4124
 137        1.5195
 138        1.5195
 139        1.5195
 140        1.6571
 141        1.6571
 142        1.8572
 143        1.8572
 144        1.8572
 145        1.8850
 146        1.8850
 147        1.8850
 148        1.8866
 149        1.8866
 150        1.8866
 151        1.8866
 152        1.8866
 153        1.8866
 154        2.0169
 155        2.0169
 156        2.0169
 157        2.0588
 158        2.0588
 159        2.0588
 160        2.0588
 161        2.0588
 162        2.0588
 163        2.0811
 164        2.0811
 165        2.0811
 166        2.1699
 167        2.1699
 168        2.1699
 169        2.8040
 170        2.8040
 171        2.8040
 172        3.8899
 173        3.8899
 174        3.8899
 175        3.8899
 176        3.8899
 177        3.8899
 178        4.5409
 179        4.5409
 180        4.5409
 181        5.0225
 182        5.0225
 183        5.0225
 184        6.2075
 185        6.2075
 186        6.2075
 187        6.2075
 188        6.2075
 189        6.2075
 190        6.2924
 191        6.2924
 192        6.2924
 193        7.4201
 194        7.4201
 195        7.4201
 196        7.4652
 197        7.4652
 198        7.4652
 199        8.6695
 200        8.6695
 201        8.6695
 202        8.6696
 203        8.6701
 204        8.6709
 205        9.9206
 206        9.9207
 207        9.9207
 208        9.9427
 209        9.9766
 210        9.9942
 211       10.0052
 212       11.9146
 
  0.4375000E+00  0.3125000E+00  0.3125000E+00  0.4687500E-01
   1       -3.4759
   2       -3.2037
   3       -2.7293
   4       -2.7293
   5       -2.5401
   6       -2.5401
   7       -2.3110
   8       -2.2818
   9       -1.5782
  10       -1.5782
  11       -1.5230
  12       -1.5084
  13       -1.4916
  14       -1.4860
  15       -1.4860
  16       -1.4682
  17       -1.4682
  18       -1.4617
  19       -1.4617
  20       -1.4014
  21       -1.4014
  22       -1.3712
  23       -1.3712
  24       -1.3650
  25       -1.2568
  26       -1.2568
  27       -1.2517
  28       -1.2517
  29       -1.2495
  30       -1.2495
  31       -1.2214
  32       -1.2214
  33       -1.1712
  34       -1.1035
  35       -1.1035
  36       -1.0690
  37       -0.9334
  38       -0.9334
  39       -0.7847
  40       -0.7847
  41       -0.6892
  42       -0.6892
  43       -0.6509
  44       -0.6509
  45       -0.5928
  46       -0.5928
  47       -0.5763
  48       -0.5763
  49       -0.5429
  50       -0.5429
  51       -0.4398
  52       -0.3748
  53       -0.3638
  54       -0.3638
  55       -0.3193
  56       -0.3193
  57       -0.3045
  58       -0.3045
  59       -0.2864
  60       -0.2256
  61       -0.2256
  62       -0.2153
  63        0.0025
  64        0.0025
  65        0.0079
  66        0.0079
  67        0.0477
  68        0.0987
  69        0.1151
  70        0.1254
  71        0.1254
  72        0.1405
  73        0.1405
  74        0.1805
  75        0.1805
  76        0.1839
  77        0.1851
  78        0.1888
  79        0.1968
  80        0.1968
  81        0.2165
  82        0.2165
  83        0.2341
  84        0.2365
  85        0.2517
  86        0.2735
  87        0.2735
  88        0.2846
  89        0.2846
  90        0.2848
  91        0.2848
  92        0.3032
  93        0.3032
  94        0.3850
  95        0.3850
  96        0.4136
  97        0.4786
  98        0.4894
  99        0.4894
 100        0.5142
 101        0.5392
 102        0.5490
 103        0.5490
 104        0.6213
 105        0.6255
 106        0.6255
 107        0.6284
 108        0.8585
 109        0.8585
 110        0.8665
 111        0.8665
 112        0.8976
 113        0.9053
 114        0.9053
 115        0.9333
 116        0.9333
 117        0.9625
 118        0.9625
 119        0.9947
 120        1.0327
 121        1.0519
 122        1.0519
 123        1.0930
 124        1.0930
 125        1.0939
 126        1.0939
 127        1.1001
 128        1.1001
 129        1.1814
 130        1.2025
 131        1.2898
 132        1.2991
 133        1.3167
 134        1.3167
 135        1.3687
 136        1.4157
 137        1.4157
 138        1.4839
 139        1.4839
 140        1.4846
 141        1.6446
 142        1.6446
 143        1.7025
 144        1.7841
 145        1.9572
 146        1.9572
 147        1.9604
 148        1.9604
 149        1.9751
 150        1.9751
 151        1.9805
 152        2.0092
 153        2.0092
 154        2.0147
 155        2.0147
 156        2.0170
 157        2.0170
 158        2.0276
 159        2.0276
 160        2.0490
 161        2.0735
 162        2.0735
 163        2.0939
 164        2.1002
 165        2.1002
 166        2.1425
 167        2.1425
 168        2.1452
 169        3.1241
 170        3.1241
 171        3.4531
 172        3.4944
 173        3.4944
 174        4.0491
 175        4.0491
 176        4.1983
 177        4.2682
 178        4.2682
 179        4.5978
 180        4.5978
 181        5.3832
 182        5.3832
 183        5.4026
 184        5.4026
 185        5.4333
 186        5.8091
 187        5.8091
 188        6.3728
 189        6.4657
 190        6.4657
 191        6.6286
 192        6.6396
 193        6.6396
 194        7.0013
 195        7.3560
 196        7.3560
 197        7.9206
 198        7.9206
 199        8.2043
 200        8.2043
 201        8.9950
 202        8.9965
 203        9.0302
 204        9.0312
 205        9.1057
 206        9.1063
 207        9.4209
 208        9.4255
 209        9.5689
 210        9.5890
 211       10.6395
 212       10.7448
 
  0.4375000E+00  0.4375000E+00  0.3125000E+00  0.4687500E-01
   1       -3.2788
   2       -3.0264
   3       -3.0264
   4       -2.8015
   5       -2.6151
   6       -2.4732
   7       -2.4732
   8       -2.3865
   9       -1.5401
  10       -1.4815
  11       -1.4815
  12       -1.4807
  13       -1.4520
  14       -1.4520
  15       -1.4420
  16       -1.4420
  17       -1.4390
  18       -1.4342
  19       -1.4342
  20       -1.3595
  21       -1.3595
  22       -1.3563
  23       -1.3563
  24       -1.3521
  25       -1.3521
  26       -1.3503
  27       -1.3503
  28       -1.3315
  29       -1.3315
  30       -1.3205
  31       -1.2840
  32       -1.2840
  33       -1.0179
  34       -1.0179
  35       -0.9502
  36       -0.9084
  37       -0.9084
  38       -0.8455
  39       -0.8455
  40       -0.7879
  41       -0.7879
  42       -0.7292
  43       -0.7292
  44       -0.6459
  45       -0.6017
  46       -0.5816
  47       -0.5816
  48       -0.4947
  49       -0.4947
  50       -0.4833
  51       -0.4833
  52       -0.4379
  53       -0.4379
  54       -0.4172
  55       -0.4172
  56       -0.3470
  57       -0.2453
  58       -0.2453
  59       -0.2209
  60       -0.2146
  61       -0.1700
  62       -0.0244
  63       -0.0244
  64        0.0837
  65        0.0837
  66        0.1121
  67        0.1218
  68        0.1538
  69        0.1591
  70        0.1591
  71        0.1698
  72        0.1698
  73        0.1793
  74        0.1793
  75        0.1902
  76        0.2015
  77        0.2027
  78        0.2073
  79        0.2073
  80        0.2083
  81        0.2083
  82        0.2175
  83        0.2222
  84        0.2222
  85        0.2261
  86        0.2419
  87        0.2419
  88        0.2465
  89        0.2504
  90        0.2708
  91        0.3075
  92        0.3075
  93        0.3463
  94        0.3463
  95        0.3616
  96        0.3616
  97        0.3843
  98        0.3982
  99        0.3982
 100        0.4825
 101        0.4825
 102        0.5480
 103        0.6058
 104        0.6058
 105        0.6385
 106        0.6385
 107        0.6849
 108        0.6849
 109        0.6967
 110        0.7538
 111        0.7538
 112        0.7705
 113        0.7705
 114        0.7827
 115        0.9173
 116        0.9173
 117        1.0122
 118        1.0317
 119        1.0317
 120        1.0412
 121        1.0412
 122        1.0493
 123        1.0513
 124        1.1025
 125        1.1025
 126        1.1512
 127        1.1512
 128        1.1877
 129        1.1877
 130        1.2227
 131        1.2333
 132        1.2646
 133        1.2680
 134        1.2680
 135        1.2783
 136        1.2783
 137        1.3395
 138        1.3395
 139        1.4389
 140        1.4695
 141        1.4752
 142        1.5588
 143        1.5854
 144        1.5854
 145        2.0189
 146        2.0272
 147        2.0272
 148        2.0407
 149        2.0407
 150        2.0448
 151        2.0448
 152        2.0463
 153        2.0463
 154        2.0651
 155        2.0651
 156        2.0691
 157        2.0691
 158        2.0701
 159        2.0701
 160        2.0775
 161        2.0835
 162        2.0835
 163        2.0888
 164        2.0888
 165        2.0977
 166        2.1170
 167        2.1298
 168        2.1298
 169        3.3655
 170        3.6820
 171        3.6820
 172        3.8003
 173        3.8003
 174        3.9432
 175        4.1888
 176        4.1888
 177        4.5662
 178        4.5662
 179        4.8246
 180        4.8246
 181        4.9687
 182        4.9687
 183        5.1095
 184        5.1095
 185        5.6563
 186        5.6563
 187        5.7395
 188        5.9900
 189        5.9900
 190        6.1090
 191        6.1090
 192        6.4333
 193        7.3512
 194        7.3512
 195        7.7255
 196        7.7256
 197        7.7895
 198        8.1455
 199        8.1455
 200        8.4239
 201        8.4240
 202        8.5408
 203        8.5409
 204        8.9403
 205        8.9940
 206        9.5539
 207        9.5862
 208        9.7545
 209        9.7679
 210       10.0663
 211       10.1644
 212       10.4792
 
  0.4375000E+00  0.4375000E+00  0.4375000E+00  0.1562500E-01
   1       -3.1016
   2       -2.8766
   3       -2.8766
   4       -2.8766
   5       -2.6888
   6       -2.6888
   7       -2.6888
   8       -2.5482
   9       -1.4294
  10       -1.4294
  11       -1.4294
  12       -1.4289
  13       -1.4289
  14       -1.4289
  15       -1.4228
  16       -1.4228
  17       -1.4228
  18       -1.4008
  19       -1.4008
  20       -1.4008
  21       -1.4008
  22       -1.4008
  23       -1.4008
  24       -1.3652
  25       -1.3652
  26       -1.3652
  27       -1.3652
  28       -1.3652
  29       -1.3652
  30       -1.3573
  31       -1.3573
  32       -1.3573
  33       -0.8596
  34       -0.8596
  35       -0.8596
  36       -0.7409
  37       -0.7409
  38       -0.7409
  39       -0.6999
  40       -0.6999
  41       -0.6999
  42       -0.6999
  43       -0.6999
  44       -0.6999
  45       -0.5814
  46       -0.5814
  47       -0.5814
  48       -0.5814
  49       -0.5814
  50       -0.5814
  51       -0.5712
  52       -0.5712
  53       -0.5712
  54       -0.4690
  55       -0.4690
  56       -0.4690
  57       -0.1722
  58       -0.1543
  59       -0.1543
  60       -0.1543
  61       -0.0685
  62       -0.0685
  63       -0.0685
  64        0.1087
  65        0.1596
  66        0.1596
  67        0.1919
  68        0.1919
  69        0.1919
  70        0.1931
  71        0.1931
  72        0.1931
  73        0.1968
  74        0.1968
  75        0.1997
  76        0.1997
  77        0.1997
  78        0.1997
  79        0.1997
  80        0.1997
  81        0.2011
  82        0.2011
  83        0.2011
  84        0.2103
  85        0.2103
  86        0.2103
  87        0.2556
  88        0.2556
  89        0.2556
  90        0.3033
  91        0.3033
  92        0.3033
  93        0.3133
  94        0.3133
  95        0.3133
  96        0.3407
  97        0.3407
  98        0.3407
  99        0.3407
 100        0.3407
 101        0.3407
 102        0.5071
 103        0.5071
 104        0.5071
 105        0.6956
 106        0.6956
 107        0.6956
 108        0.8401
 109        0.8401
 110        0.8401
 111        0.8401
 112        0.8401
 113        0.8401
 114        0.8538
 115        0.8538
 116        0.8538
 117        0.9428
 118        0.9428
 119        0.9428
 120        0.9996
 121        0.9996
 122        0.9996
 123        0.9996
 124        0.9996
 125        0.9996
 126        1.1069
 127        1.1069
 128        1.1069
 129        1.1652
 130        1.1652
 131        1.1652
 132        1.1788
 133        1.1788
 134        1.2161
 135        1.2161
 136        1.2161
 137        1.3233
 138        1.3233
 139        1.3233
 140        1.3890
 141        1.3890
 142        1.4189
 143        1.4189
 144        1.4189
 145        2.0771
 146        2.0771
 147        2.0771
 148        2.1003
 149        2.1003
 150        2.1003
 151        2.1003
 152        2.1003
 153        2.1003
 154        2.1010
 155        2.1010
 156        2.1010
 157        2.1010
 158        2.1010
 159        2.1010
 160        2.1056
 161        2.1056
 162        2.1056
 163        2.1228
 164        2.1228
 165        2.1228
 166        2.1350
 167        2.1350
 168        2.1350
 169        4.0903
 170        4.0903
 171        4.0903
 172        4.4380
 173        4.4380
 174        4.4380
 175        4.4380
 176        4.4380
 177        4.4380
 178        4.7492
 179        4.7492
 180        4.7492
 181        4.8885
 182        4.8885
 183        4.8885
 184        5.2588
 185        5.2588
 186        5.2588
 187        5.2588
 188        5.2588
 189        5.2588
 190        5.6044
 191        5.6044
 192        5.6044
 193        8.0283
 194        8.0285
 195        8.0288
 196        8.4382
 197        8.4404
 198        8.4441
 199        8.7689
 200        8.7689
 201        8.7707
 202        8.7735
 203        8.7943
 204        8.8197
 205        9.2183
 206        9.2183
 207        9.2259
 208        9.2656
 209        9.3016
 210        9.3253
 211        9.5250
 212        9.8640
