   32   32  100    1
  0.1941443E+02  0.8532799E-09  0.8532799E-09  0.8532799E-09  0.5000000E-15
  1.000000000000000E-004
  CAR 
 No title                                
  352   20  212
 
  0.6250000E-01  0.6250000E-01  0.6250000E-01  0.1562500E-01
   1       -4.3936
   2       -3.2370
   3       -3.2370
   4       -3.2370
   5       -3.2235
   6       -3.2137
   7       -3.2137
   8       -3.2137
   9       -3.1442
  10       -3.1442
  11       -3.1442
  12       -2.8871
  13       -2.8871
  14       -2.8871
  15       -2.8029
  16       -2.8029
  17       -2.8029
  18       -2.6393
  19       -2.6393
  20       -2.6393
  21       -2.6356
  22       -2.6356
  23       -2.6356
  24       -2.6356
  25       -2.6356
  26       -2.6356
  27       -2.5237
  28       -2.5237
  29       -2.5237
  30       -2.4350
  31       -2.4350
  32       -2.4350
  33       -2.4139
  34       -2.4139
  35       -2.4139
  36       -2.3981
  37       -2.3981
  38       -2.3981
  39       -2.3981
  40       -2.3981
  41       -2.3981
  42       -2.2697
  43       -2.2697
  44       -2.2697
  45       -2.2697
  46       -2.2697
  47       -2.2697
  48       -2.1976
  49       -2.1976
  50       -2.1976
  51       -2.1948
  52       -2.1948
  53       -2.1948
  54       -2.1948
  55       -2.1948
  56       -2.1948
  57       -2.1525
  58       -2.1525
  59       -2.1525
  60       -2.0313
  61       -2.0313
  62       -2.0313
  63       -2.0313
  64       -2.0313
  65       -2.0313
  66       -1.9838
  67       -1.9838
  68       -1.9838
  69       -1.9711
  70       -1.9711
  71       -1.9680
  72       -1.9632
  73       -1.9632
  74       -1.9632
  75       -1.9554
  76       -1.9554
  77       -1.8616
  78       -1.8616
  79       -1.8616
  80       -1.8616
  81       -1.8616
  82       -1.8616
  83       -1.8400
  84       -1.8400
  85       -1.8400
  86       -1.8003
  87       -1.8003
  88       -1.8003
  89       -1.4661
  90       -1.4661
  91       -1.4661
  92       -1.4133
  93       -1.4133
  94       -1.4133
  95       -1.4106
  96       -1.4106
  97       -1.4106
  98       -1.4035
  99       -1.4035
 100       -1.4035
 101       -1.4035
 102       -1.4035
 103       -1.4035
 104       -1.3455
 105       -1.3455
 106       -1.3455
 107       -1.2451
 108       -1.2451
 109       -1.2451
 110       -1.1949
 111       -1.1949
 112       -1.1949
 113       -1.1855
 114       -1.1855
 115       -1.1855
 116       -1.1447
 117       -1.1447
 118       -1.1089
 119       -1.1089
 120       -1.1089
 121       -1.1089
 122       -1.1089
 123       -1.1089
 124       -1.1015
 125       -1.1015
 126       -1.1015
 127       -1.0934
 128       -1.0934
 129       -1.0934
 130       -1.0934
 131       -1.0934
 132       -1.0934
 133       -1.0313
 134       -1.0313
 135       -1.0313
 136       -0.8687
 137       -0.8687
 138       -0.8687
 139       -0.8061
 140       -0.8061
 141       -0.8061
 142       -0.7410
 143       -0.7410
 144       -0.7410
 145       -0.5569
 146       -0.5569
 147       -0.5569
 148       -0.5461
 149       -0.5461
 150       -0.5461
 151       -0.5209
 152       -0.5209
 153       -0.5081
 154       -0.5081
 155       -0.5081
 156       -0.3753
 157       -0.3753
 158       -0.3753
 159       -0.3552
 160       -0.3552
 161       -0.3552
 162       -0.3552
 163       -0.3552
 164       -0.3552
 165       -0.3530
 166       -0.3530
 167       -0.3530
 168        1.2818
 169        1.2818
 170        1.2818
 171        1.8285
 172        1.8285
 173        1.8285
 174        1.8285
 175        1.8285
 176        1.8285
 177        2.1413
 178        2.3916
 179        2.3916
 180        2.3916
 181        2.4155
 182        2.4155
 183        2.4155
 184        4.1407
 185        4.1407
 186        4.1407
 187        5.4310
 188        5.4310
 189        5.4310
 190        5.6740
 191        7.4138
 192        7.4138
 193        7.4138
 194        7.4138
 195        7.4138
 196        7.4139
 197        8.0551
 198        8.0551
 199        8.0551
 200        8.0552
 201        8.0554
 202        8.0605
 203        8.3434
 204        8.3443
 205        8.3470
 206        8.9377
 207        8.9380
 208        8.9391
 209        8.9399
 210        8.9613
 211       10.0881
 212       10.1083
 
  0.1875000E+00  0.6250000E-01  0.6250000E-01  0.4687500E-01
   1       -4.3202
   2       -3.2093
   3       -3.2022
   4       -3.2022
   5       -3.1994
   6       -3.1802
   7       -3.1802
   8       -3.1707
   9       -3.1234
  10       -3.1112
  11       -3.1112
  12       -3.1014
  13       -2.8435
  14       -2.8435
  15       -2.8244
  16       -2.7624
  17       -2.7624
  18       -2.7506
  19       -2.6994
  20       -2.6994
  21       -2.6156
  22       -2.6156
  23       -2.6151
  24       -2.6151
  25       -2.6064
  26       -2.6064
  27       -2.5967
  28       -2.5627
  29       -2.5627
  30       -2.5545
  31       -2.5044
  32       -2.5044
  33       -2.4808
  34       -2.4808
  35       -2.4691
  36       -2.4691
  37       -2.4374
  38       -2.4374
  39       -2.4082
  40       -2.3930
  41       -2.3930
  42       -2.3819
  43       -2.3819
  44       -2.2693
  45       -2.2693
  46       -2.2677
  47       -2.2677
  48       -2.2134
  49       -2.2134
  50       -2.2093
  51       -2.2093
  52       -2.2090
  53       -2.2090
  54       -2.1535
  55       -2.1363
  56       -2.1363
  57       -2.1208
  58       -2.1208
  59       -2.0967
  60       -2.0483
  61       -2.0483
  62       -2.0278
  63       -2.0278
  64       -2.0063
  65       -1.9955
  66       -1.9955
  67       -1.9906
  68       -1.9691
  69       -1.9655
  70       -1.9655
  71       -1.9650
  72       -1.9650
  73       -1.9546
  74       -1.9371
  75       -1.9371
  76       -1.9333
  77       -1.9317
  78       -1.9311
  79       -1.9050
  80       -1.9050
  81       -1.8421
  82       -1.8421
  83       -1.7718
  84       -1.7718
  85       -1.7189
  86       -1.7189
  87       -1.6793
  88       -1.6623
  89       -1.5603
  90       -1.5576
  91       -1.5576
  92       -1.5295
  93       -1.4949
  94       -1.4870
  95       -1.4870
  96       -1.4866
  97       -1.4337
  98       -1.4337
  99       -1.4194
 100       -1.4194
 101       -1.3541
 102       -1.3541
 103       -1.3499
 104       -1.3499
 105       -1.3271
 106       -1.3271
 107       -1.3067
 108       -1.3067
 109       -1.2999
 110       -1.2408
 111       -1.2408
 112       -1.2052
 113       -1.2052
 114       -1.1692
 115       -1.1331
 116       -1.1217
 117       -1.1217
 118       -1.1145
 119       -1.1145
 120       -1.1070
 121       -1.1070
 122       -1.0824
 123       -1.0698
 124       -1.0490
 125       -1.0490
 126       -1.0406
 127       -0.9955
 128       -0.9955
 129       -0.9933
 130       -0.9933
 131       -0.9773
 132       -0.9773
 133       -0.9486
 134       -0.9412
 135       -0.9412
 136       -0.9290
 137       -0.8223
 138       -0.8223
 139       -0.7983
 140       -0.7983
 141       -0.7432
 142       -0.6629
 143       -0.6489
 144       -0.6489
 145       -0.5813
 146       -0.5813
 147       -0.5690
 148       -0.5628
 149       -0.5614
 150       -0.5250
 151       -0.5231
 152       -0.5231
 153       -0.5202
 154       -0.5202
 155       -0.4807
 156       -0.4807
 157       -0.4165
 158       -0.3986
 159       -0.3986
 160       -0.3980
 161       -0.3980
 162       -0.3901
 163       -0.3552
 164       -0.3552
 165       -0.3552
 166       -0.3552
 167       -0.2088
 168        0.8050
 169        0.8050
 170        1.2955
 171        1.3265
 172        1.3265
 173        1.8523
 174        1.8523
 175        1.8639
 176        2.3302
 177        2.3302
 178        2.4210
 179        2.4501
 180        2.4501
 181        2.6052
 182        3.0218
 183        3.0218
 184        3.6152
 185        4.3124
 186        4.3124
 187        5.4531
 188        5.7037
 189        5.7037
 190        6.1144
 191        6.5738
 192        6.5738
 193        6.7753
 194        6.7753
 195        7.1485
 196        7.1486
 197        7.5304
 198        7.5304
 199        8.1707
 200        8.1718
 201        8.3618
 202        8.3678
 203        8.5452
 204        8.5516
 205        8.8679
 206        9.0136
 207        9.0367
 208        9.0738
 209        9.2951
 210        9.3689
 211        9.4093
 212        9.5368
 
  0.3125000E+00  0.6250000E-01  0.6250000E-01  0.4687500E-01
   1       -4.1754
   2       -3.3950
   3       -3.1558
   4       -3.1415
   5       -3.1351
   6       -3.1351
   7       -3.1137
   8       -3.1137
   9       -3.0960
  10       -3.0825
  11       -3.0454
  12       -3.0454
  13       -2.8993
  14       -2.8538
  15       -2.8056
  16       -2.8056
  17       -2.7739
  18       -2.7625
  19       -2.7625
  20       -2.7344
  21       -2.7344
  22       -2.7104
  23       -2.6894
  24       -2.6894
  25       -2.6642
  26       -2.6642
  27       -2.5820
  28       -2.5820
  29       -2.5630
  30       -2.5630
  31       -2.5507
  32       -2.5507
  33       -2.4950
  34       -2.4950
  35       -2.4825
  36       -2.4825
  37       -2.4654
  38       -2.4654
  39       -2.4447
  40       -2.4447
  41       -2.3710
  42       -2.3710
  43       -2.2974
  44       -2.2660
  45       -2.2660
  46       -2.2607
  47       -2.2607
  48       -2.2529
  49       -2.2529
  50       -2.2441
  51       -2.2441
  52       -2.2266
  53       -2.2266
  54       -2.1355
  55       -2.1256
  56       -2.1256
  57       -2.1006
  58       -2.1006
  59       -2.0739
  60       -2.0739
  61       -2.0494
  62       -2.0494
  63       -2.0463
  64       -2.0388
  65       -2.0366
  66       -2.0296
  67       -2.0296
  68       -2.0222
  69       -2.0222
  70       -2.0152
  71       -2.0152
  72       -1.9773
  73       -1.9773
  74       -1.9769
  75       -1.9141
  76       -1.9059
  77       -1.9059
  78       -1.8883
  79       -1.8883
  80       -1.8856
  81       -1.8847
  82       -1.8761
  83       -1.7061
  84       -1.7061
  85       -1.6686
  86       -1.6409
  87       -1.6409
  88       -1.6247
  89       -1.6168
  90       -1.6168
  91       -1.6140
  92       -1.6017
  93       -1.4957
  94       -1.4957
  95       -1.4646
  96       -1.4536
  97       -1.4536
  98       -1.4304
  99       -1.3782
 100       -1.3782
 101       -1.3639
 102       -1.3587
 103       -1.3587
 104       -1.2706
 105       -1.2706
 106       -1.2563
 107       -1.2563
 108       -1.2342
 109       -1.2342
 110       -1.2210
 111       -1.2210
 112       -1.2153
 113       -1.2108
 114       -1.2108
 115       -1.1289
 116       -1.1289
 117       -1.1105
 118       -1.1090
 119       -1.1090
 120       -1.1007
 121       -1.1007
 122       -1.0099
 123       -1.0099
 124       -0.9851
 125       -0.9572
 126       -0.9496
 127       -0.9496
 128       -0.9014
 129       -0.8899
 130       -0.8743
 131       -0.8743
 132       -0.8715
 133       -0.8715
 134       -0.8478
 135       -0.8478
 136       -0.8401
 137       -0.8302
 138       -0.8302
 139       -0.8222
 140       -0.8014
 141       -0.8014
 142       -0.7050
 143       -0.6927
 144       -0.6927
 145       -0.6808
 146       -0.6317
 147       -0.6290
 148       -0.6290
 149       -0.5940
 150       -0.5772
 151       -0.5772
 152       -0.5738
 153       -0.5738
 154       -0.5704
 155       -0.4959
 156       -0.4795
 157       -0.4795
 158       -0.4785
 159       -0.4785
 160       -0.4583
 161       -0.3554
 162       -0.3554
 163       -0.3553
 164       -0.3553
 165       -0.2245
 166       -0.2245
 167        0.3896
 168        0.3896
 169        0.4543
 170        0.8778
 171        0.8778
 172        1.3268
 173        1.6388
 174        1.9010
 175        1.9010
 176        2.2041
 177        2.2041
 178        2.4771
 179        2.6648
 180        2.8470
 181        3.1477
 182        3.1477
 183        3.7219
 184        3.7219
 185        4.6315
 186        4.6315
 187        5.6501
 188        5.6501
 189        5.7698
 190        6.1581
 191        6.1581
 192        6.1954
 193        6.1954
 194        6.2200
 195        6.2200
 196        6.6992
 197        7.7358
 198        7.7360
 199        7.9209
 200        8.3725
 201        8.3772
 202        8.3964
 203        8.4362
 204        8.4860
 205        8.5553
 206        8.5952
 207        8.6048
 208        8.8939
 209        9.0784
 210        9.3984
 211        9.4639
 212        9.5704
 
  0.4375000E+00  0.6250000E-01  0.6250000E-01  0.4687500E-01
   1       -3.9642
   2       -3.6970
   3       -3.0808
   4       -3.0502
   5       -3.0407
   6       -3.0407
   7       -3.0226
   8       -3.0156
   9       -3.0156
  10       -2.9915
  11       -2.9914
  12       -2.9476
  13       -2.9476
  14       -2.9456
  15       -2.9268
  16       -2.9265
  17       -2.9265
  18       -2.8880
  19       -2.8880
  20       -2.8609
  21       -2.8199
  22       -2.8199
  23       -2.6591
  24       -2.6591
  25       -2.6029
  26       -2.6029
  27       -2.5581
  28       -2.5581
  29       -2.5462
  30       -2.5462
  31       -2.5200
  32       -2.5200
  33       -2.5178
  34       -2.5178
  35       -2.4756
  36       -2.4756
  37       -2.4734
  38       -2.4734
  39       -2.4057
  40       -2.4057
  41       -2.4007
  42       -2.4007
  43       -2.3468
  44       -2.3468
  45       -2.3272
  46       -2.3272
  47       -2.2709
  48       -2.2709
  49       -2.2686
  50       -2.2686
  51       -2.2316
  52       -2.2316
  53       -2.1960
  54       -2.1775
  55       -2.1775
  56       -2.1084
  57       -2.1060
  58       -2.0932
  59       -2.0932
  60       -2.0897
  61       -2.0897
  62       -2.0713
  63       -2.0700
  64       -2.0700
  65       -2.0409
  66       -2.0409
  67       -2.0160
  68       -2.0160
  69       -2.0157
  70       -2.0071
  71       -2.0071
  72       -1.9930
  73       -1.9441
  74       -1.9441
  75       -1.9006
  76       -1.9006
  77       -1.8511
  78       -1.8259
  79       -1.8259
  80       -1.8181
  81       -1.8181
  82       -1.8151
  83       -1.8151
  84       -1.8002
  85       -1.7960
  86       -1.7960
  87       -1.7680
  88       -1.7306
  89       -1.7306
  90       -1.7251
  91       -1.7243
  92       -1.7069
  93       -1.3647
  94       -1.3647
  95       -1.3623
  96       -1.3623
  97       -1.3357
  98       -1.2757
  99       -1.2382
 100       -1.2292
 101       -1.2292
 102       -1.2280
 103       -1.2280
 104       -1.2176
 105       -1.2176
 106       -1.2125
 107       -1.2125
 108       -1.2039
 109       -1.2039
 110       -1.1676
 111       -1.1600
 112       -1.1600
 113       -1.1594
 114       -1.1594
 115       -1.1572
 116       -1.1572
 117       -1.1237
 118       -1.1237
 119       -1.0775
 120       -1.0756
 121       -1.0756
 122       -1.0352
 123       -1.0271
 124       -1.0271
 125       -1.0191
 126       -1.0012
 127       -1.0012
 128       -0.9426
 129       -0.9426
 130       -0.9362
 131       -0.9362
 132       -0.9144
 133       -0.8356
 134       -0.8356
 135       -0.8345
 136       -0.7568
 137       -0.7568
 138       -0.7544
 139       -0.7454
 140       -0.7338
 141       -0.7262
 142       -0.7262
 143       -0.7239
 144       -0.7146
 145       -0.7146
 146       -0.7082
 147       -0.7082
 148       -0.6541
 149       -0.6541
 150       -0.6531
 151       -0.6416
 152       -0.6168
 153       -0.6078
 154       -0.5878
 155       -0.5878
 156       -0.5870
 157       -0.5870
 158       -0.5421
 159       -0.3555
 160       -0.3555
 161       -0.3554
 162       -0.3554
 163       -0.2956
 164       -0.2956
 165        0.0256
 166        0.0256
 167        0.1078
 168        0.1078
 169        0.4739
 170        0.4739
 171        1.2075
 172        1.3842
 173        1.4822
 174        1.9766
 175        1.9766
 176        2.0183
 177        2.0794
 178        2.0794
 179        2.5521
 180        2.6275
 181        3.9184
 182        3.9184
 183        4.4915
 184        4.4915
 185        4.7563
 186        4.7563
 187        5.0647
 188        5.0647
 189        5.3270
 190        5.3270
 191        5.5815
 192        5.5815
 193        6.3320
 194        6.8475
 195        6.8475
 196        7.0664
 197        7.3967
 198        7.6192
 199        7.6193
 200        8.0354
 201        8.0380
 202        8.1879
 203        8.4131
 204        8.4305
 205        8.4558
 206        8.4841
 207        8.5273
 208        8.6039
 209        8.6814
 210        8.8176
 211        9.2425
 212        9.7662
 
  0.1875000E+00  0.1875000E+00  0.6250000E-01  0.4687500E-01
   1       -4.2479
   2       -3.1863
   3       -3.1757
   4       -3.1744
   5       -3.1744
   6       -3.1576
   7       -3.1298
   8       -3.1298
   9       -3.0907
  10       -3.0907
  11       -3.0714
  12       -3.0538
  13       -3.0538
  14       -2.8241
  15       -2.7887
  16       -2.7887
  17       -2.7567
  18       -2.7210
  19       -2.7210
  20       -2.6956
  21       -2.6956
  22       -2.6683
  23       -2.6683
  24       -2.6297
  25       -2.6297
  26       -2.5873
  27       -2.5873
  28       -2.5829
  29       -2.5829
  30       -2.5592
  31       -2.5491
  32       -2.5491
  33       -2.5455
  34       -2.5237
  35       -2.5237
  36       -2.5042
  37       -2.4714
  38       -2.4714
  39       -2.4621
  40       -2.4498
  41       -2.4498
  42       -2.3930
  43       -2.3930
  44       -2.3777
  45       -2.3777
  46       -2.2896
  47       -2.2896
  48       -2.2206
  49       -2.1981
  50       -2.1981
  51       -2.1955
  52       -2.1955
  53       -2.1776
  54       -2.1776
  55       -2.1034
  56       -2.1034
  57       -2.0917
  58       -2.0917
  59       -2.0684
  60       -2.0684
  61       -2.0591
  62       -2.0315
  63       -2.0315
  64       -2.0194
  65       -2.0194
  66       -2.0001
  67       -1.9990
  68       -1.9631
  69       -1.9377
  70       -1.9232
  71       -1.9136
  72       -1.9123
  73       -1.9103
  74       -1.8954
  75       -1.8954
  76       -1.8444
  77       -1.8444
  78       -1.8094
  79       -1.8094
  80       -1.8044
  81       -1.8044
  82       -1.7777
  83       -1.7770
  84       -1.7770
  85       -1.7459
  86       -1.7459
  87       -1.7362
  88       -1.7362
  89       -1.6285
  90       -1.6285
  91       -1.6243
  92       -1.5344
  93       -1.5344
  94       -1.4987
  95       -1.4927
  96       -1.4927
  97       -1.4889
  98       -1.4370
  99       -1.4370
 100       -1.4271
 101       -1.4271
 102       -1.4153
 103       -1.3940
 104       -1.3940
 105       -1.3278
 106       -1.3220
 107       -1.2879
 108       -1.2471
 109       -1.2471
 110       -1.2178
 111       -1.2178
 112       -1.1997
 113       -1.1997
 114       -1.1753
 115       -1.1375
 116       -1.1208
 117       -1.1208
 118       -1.1137
 119       -1.1137
 120       -1.0611
 121       -1.0611
 122       -1.0508
 123       -1.0508
 124       -1.0400
 125       -1.0400
 126       -0.9910
 127       -0.9910
 128       -0.9885
 129       -0.9885
 130       -0.9005
 131       -0.9005
 132       -0.8861
 133       -0.8861
 134       -0.8801
 135       -0.8665
 136       -0.8665
 137       -0.8249
 138       -0.8146
 139       -0.7781
 140       -0.7781
 141       -0.7477
 142       -0.7456
 143       -0.7327
 144       -0.7327
 145       -0.6475
 146       -0.6158
 147       -0.6158
 148       -0.6124
 149       -0.5603
 150       -0.5480
 151       -0.5165
 152       -0.5165
 153       -0.5106
 154       -0.5041
 155       -0.5041
 156       -0.4321
 157       -0.4321
 158       -0.4099
 159       -0.3991
 160       -0.3991
 161       -0.3972
 162       -0.3972
 163       -0.3910
 164       -0.3910
 165       -0.3788
 166       -0.0141
 167       -0.0141
 168        0.3640
 169        0.8111
 170        0.8111
 171        1.3472
 172        1.3472
 173        1.4572
 174        1.9326
 175        1.9326
 176        2.0387
 177        2.4853
 178        2.4853
 179        2.7799
 180        2.7799
 181        3.0585
 182        3.0585
 183        3.6537
 184        3.7775
 185        3.7775
 186        4.4773
 187        5.4750
 188        5.4750
 189        6.0079
 190        6.0079
 191        6.1520
 192        6.6515
 193        6.6700
 194        6.6700
 195        6.8897
 196        6.8897
 197        7.2486
 198        7.2487
 199        7.7278
 200        7.7280
 201        8.3483
 202        8.3675
 203        8.3906
 204        8.7838
 205        8.7878
 206        8.8152
 207        8.9288
 208        8.9962
 209        9.0324
 210        9.0699
 211        9.1478
 212        9.6186
 
  0.3125000E+00  0.1875000E+00  0.6250000E-01  0.9375000E-01
   1       -4.1055
   2       -3.3410
   3       -3.1400
   4       -3.1218
   5       -3.1209
   6       -3.1073
   7       -3.1029
   8       -3.0585
   9       -3.0504
  10       -3.0503
  11       -3.0255
  12       -2.9954
  13       -2.9642
  14       -2.8665
  15       -2.8210
  16       -2.8142
  17       -2.8033
  18       -2.7903
  19       -2.7757
  20       -2.7541
  21       -2.7380
  22       -2.7278
  23       -2.6869
  24       -2.6845
  25       -2.6793
  26       -2.6656
  27       -2.6545
  28       -2.6501
  29       -2.6183
  30       -2.6108
  31       -2.6078
  32       -2.6034
  33       -2.5962
  34       -2.5573
  35       -2.5407
  36       -2.5329
  37       -2.4784
  38       -2.4714
  39       -2.4592
  40       -2.4531
  41       -2.3921
  42       -2.3894
  43       -2.3780
  44       -2.3641
  45       -2.3268
  46       -2.3119
  47       -2.2861
  48       -2.2756
  49       -2.2696
  50       -2.2473
  51       -2.2428
  52       -2.2203
  53       -2.1821
  54       -2.1711
  55       -2.1030
  56       -2.1011
  57       -2.0733
  58       -2.0658
  59       -2.0646
  60       -2.0612
  61       -2.0529
  62       -2.0395
  63       -2.0380
  64       -2.0088
  65       -2.0050
  66       -2.0019
  67       -2.0017
  68       -1.9757
  69       -1.9607
  70       -1.9032
  71       -1.8898
  72       -1.8829
  73       -1.8777
  74       -1.8746
  75       -1.8707
  76       -1.8686
  77       -1.8671
  78       -1.8360
  79       -1.8319
  80       -1.8077
  81       -1.7951
  82       -1.7889
  83       -1.7328
  84       -1.7226
  85       -1.6942
  86       -1.6909
  87       -1.6688
  88       -1.6473
  89       -1.6404
  90       -1.6173
  91       -1.5708
  92       -1.5474
  93       -1.5093
  94       -1.5033
  95       -1.5000
  96       -1.4955
  97       -1.4863
  98       -1.4788
  99       -1.4781
 100       -1.4702
 101       -1.4645
 102       -1.4487
 103       -1.3979
 104       -1.3470
 105       -1.3436
 106       -1.3272
 107       -1.3087
 108       -1.3052
 109       -1.2554
 110       -1.2134
 111       -1.1657
 112       -1.1504
 113       -1.1380
 114       -1.1327
 115       -1.1277
 116       -1.1173
 117       -1.0867
 118       -1.0794
 119       -1.0768
 120       -1.0571
 121       -1.0318
 122       -0.9728
 123       -0.9717
 124       -0.9675
 125       -0.9672
 126       -0.9415
 127       -0.9408
 128       -0.9407
 129       -0.9353
 130       -0.9017
 131       -0.8976
 132       -0.8686
 133       -0.8506
 134       -0.8504
 135       -0.7952
 136       -0.7834
 137       -0.7815
 138       -0.7756
 139       -0.7752
 140       -0.7708
 141       -0.7697
 142       -0.7681
 143       -0.7657
 144       -0.7519
 145       -0.7370
 146       -0.6861
 147       -0.6691
 148       -0.6590
 149       -0.6065
 150       -0.5994
 151       -0.5758
 152       -0.5521
 153       -0.5420
 154       -0.5391
 155       -0.5378
 156       -0.4946
 157       -0.4939
 158       -0.4791
 159       -0.4767
 160       -0.4539
 161       -0.3992
 162       -0.3964
 163       -0.3927
 164       -0.3916
 165       -0.1680
 166       -0.0062
 167        0.2859
 168        0.3911
 169        0.6310
 170        0.8290
 171        0.8986
 172        1.1555
 173        1.3930
 174        1.4621
 175        1.7883
 176        2.5530
 177        2.6215
 178        2.8120
 179        3.0042
 180        3.1008
 181        3.1239
 182        3.1945
 183        3.7670
 184        4.0760
 185        4.3500
 186        4.7857
 187        5.1067
 188        5.4611
 189        5.5250
 190        5.7324
 191        5.7998
 192        6.2805
 193        6.2953
 194        6.7422
 195        6.8164
 196        6.8626
 197        7.1120
 198        7.2888
 199        7.4111
 200        7.4322
 201        7.8850
 202        7.9669
 203        8.2352
 204        8.2849
 205        8.4099
 206        8.4493
 207        9.0118
 208        9.0780
 209        9.1087
 210        9.1702
 211        9.4216
 212        9.6477
 
  0.4375000E+00  0.1875000E+00  0.6250000E-01  0.9375000E-01
   1       -3.8981
   2       -3.6363
   3       -3.0604
   4       -3.0462
   5       -3.0409
   6       -3.0166
   7       -3.0127
   8       -2.9907
   9       -2.9585
  10       -2.9578
  11       -2.9478
  12       -2.9449
  13       -2.9357
  14       -2.9286
  15       -2.9132
  16       -2.8998
  17       -2.8980
  18       -2.8887
  19       -2.8446
  20       -2.8324
  21       -2.8182
  22       -2.8026
  23       -2.7581
  24       -2.7489
  25       -2.7144
  26       -2.7060
  27       -2.7050
  28       -2.6708
  29       -2.6624
  30       -2.6540
  31       -2.6441
  32       -2.5680
  33       -2.5457
  34       -2.5343
  35       -2.5318
  36       -2.5228
  37       -2.4572
  38       -2.4348
  39       -2.4281
  40       -2.4255
  41       -2.4048
  42       -2.3754
  43       -2.3748
  44       -2.3668
  45       -2.3255
  46       -2.3246
  47       -2.3098
  48       -2.3040
  49       -2.2808
  50       -2.2728
  51       -2.2577
  52       -2.2018
  53       -2.1883
  54       -2.1687
  55       -2.1562
  56       -2.1385
  57       -2.1225
  58       -2.1169
  59       -2.1045
  60       -2.1016
  61       -2.0426
  62       -2.0349
  63       -2.0236
  64       -1.9784
  65       -1.9735
  66       -1.9650
  67       -1.9539
  68       -1.9353
  69       -1.9332
  70       -1.9258
  71       -1.9038
  72       -1.8872
  73       -1.8708
  74       -1.8485
  75       -1.8448
  76       -1.8357
  77       -1.8153
  78       -1.8119
  79       -1.8105
  80       -1.8050
  81       -1.8041
  82       -1.8018
  83       -1.7872
  84       -1.7737
  85       -1.7570
  86       -1.7492
  87       -1.7317
  88       -1.7266
  89       -1.7257
  90       -1.6880
  91       -1.6676
  92       -1.6517
  93       -1.4944
  94       -1.4860
  95       -1.4848
  96       -1.4684
  97       -1.3710
  98       -1.3496
  99       -1.3326
 100       -1.3233
 101       -1.3200
 102       -1.3142
 103       -1.2835
 104       -1.2750
 105       -1.2676
 106       -1.2643
 107       -1.2359
 108       -1.2290
 109       -1.2270
 110       -1.2085
 111       -1.1984
 112       -1.1857
 113       -1.1727
 114       -1.1316
 115       -1.1281
 116       -1.1257
 117       -1.1002
 118       -1.0863
 119       -1.0803
 120       -1.0673
 121       -1.0671
 122       -1.0374
 123       -1.0313
 124       -1.0091
 125       -1.0076
 126       -0.9788
 127       -0.9712
 128       -0.9334
 129       -0.9223
 130       -0.9055
 131       -0.8709
 132       -0.8585
 133       -0.8334
 134       -0.8288
 135       -0.8181
 136       -0.8018
 137       -0.7901
 138       -0.7551
 139       -0.7547
 140       -0.7201
 141       -0.7136
 142       -0.7061
 143       -0.7038
 144       -0.6922
 145       -0.6738
 146       -0.6731
 147       -0.6715
 148       -0.6710
 149       -0.6348
 150       -0.6122
 151       -0.5961
 152       -0.5915
 153       -0.5912
 154       -0.5856
 155       -0.5820
 156       -0.5779
 157       -0.5771
 158       -0.5762
 159       -0.5246
 160       -0.3985
 161       -0.3966
 162       -0.3954
 163       -0.3942
 164       -0.3173
 165       -0.2945
 166        0.0258
 167        0.1429
 168        0.4990
 169        0.6398
 170        0.8729
 171        0.9694
 172        1.0324
 173        1.3723
 174        1.4731
 175        1.6005
 176        2.1767
 177        2.6459
 178        2.7455
 179        3.1952
 180        3.2193
 181        3.3875
 182        3.9769
 183        4.2210
 184        4.4754
 185        4.5457
 186        4.8263
 187        4.9449
 188        5.1117
 189        5.2073
 190        5.3910
 191        5.7133
 192        5.9161
 193        5.9366
 194        6.3710
 195        6.5794
 196        7.1105
 197        7.1333
 198        7.4280
 199        7.4424
 200        7.4775
 201        7.6992
 202        7.8239
 203        8.0126
 204        8.0400
 205        8.2345
 206        8.4509
 207        8.4580
 208        8.8235
 209        9.2113
 210        9.3030
 211        9.3314
 212        9.4067
 
  0.3125000E+00  0.3125000E+00  0.6250000E-01  0.4687500E-01
   1       -3.9680
   2       -3.2372
   3       -3.2372
   4       -3.1081
   5       -3.0846
   6       -3.0630
   7       -3.0539
   8       -3.0539
   9       -2.9858
  10       -2.9858
  11       -2.9783
  12       -2.9783
  13       -2.9089
  14       -2.8233
  15       -2.8233
  16       -2.8172
  17       -2.8126
  18       -2.8126
  19       -2.8089
  20       -2.8089
  21       -2.7707
  22       -2.7707
  23       -2.7704
  24       -2.7514
  25       -2.7505
  26       -2.7505
  27       -2.7187
  28       -2.7187
  29       -2.6892
  30       -2.6388
  31       -2.6388
  32       -2.6247
  33       -2.6247
  34       -2.6211
  35       -2.6211
  36       -2.5242
  37       -2.5242
  38       -2.5202
  39       -2.5202
  40       -2.5137
  41       -2.5137
  42       -2.3793
  43       -2.3793
  44       -2.3664
  45       -2.3664
  46       -2.3216
  47       -2.2663
  48       -2.2663
  49       -2.2535
  50       -2.2535
  51       -2.2429
  52       -2.2429
  53       -2.2369
  54       -2.2295
  55       -2.1807
  56       -2.1190
  57       -2.1190
  58       -2.0583
  59       -2.0233
  60       -2.0233
  61       -2.0089
  62       -1.9707
  63       -1.9707
  64       -1.9657
  65       -1.9657
  66       -1.9554
  67       -1.9114
  68       -1.9114
  69       -1.8669
  70       -1.8603
  71       -1.8323
  72       -1.8258
  73       -1.7955
  74       -1.7955
  75       -1.7866
  76       -1.7726
  77       -1.7623
  78       -1.7623
  79       -1.7420
  80       -1.7399
  81       -1.7399
  82       -1.7161
  83       -1.7146
  84       -1.7146
  85       -1.6951
  86       -1.6951
  87       -1.6354
  88       -1.6354
  89       -1.6318
  90       -1.6318
  91       -1.6176
  92       -1.6176
  93       -1.5690
  94       -1.5690
  95       -1.5431
  96       -1.5393
  97       -1.5393
  98       -1.5249
  99       -1.5085
 100       -1.5085
 101       -1.4468
 102       -1.4468
 103       -1.4226
 104       -1.4119
 105       -1.4119
 106       -1.3955
 107       -1.3069
 108       -1.3069
 109       -1.2759
 110       -1.2759
 111       -1.2302
 112       -1.1955
 113       -1.1937
 114       -1.1937
 115       -1.1068
 116       -1.0989
 117       -1.0989
 118       -1.0670
 119       -1.0283
 120       -1.0283
 121       -1.0026
 122       -1.0026
 123       -0.9436
 124       -0.9220
 125       -0.9220
 126       -0.9205
 127       -0.9205
 128       -0.9090
 129       -0.9090
 130       -0.9054
 131       -0.9054
 132       -0.8760
 133       -0.8760
 134       -0.8581
 135       -0.8367
 136       -0.8367
 137       -0.7896
 138       -0.7896
 139       -0.7622
 140       -0.7394
 141       -0.7313
 142       -0.6899
 143       -0.6899
 144       -0.6876
 145       -0.6876
 146       -0.6815
 147       -0.6815
 148       -0.6763
 149       -0.6138
 150       -0.6138
 151       -0.5878
 152       -0.5350
 153       -0.5350
 154       -0.5289
 155       -0.5232
 156       -0.5232
 157       -0.4955
 158       -0.4765
 159       -0.4765
 160       -0.4743
 161       -0.4743
 162       -0.4603
 163       -0.4603
 164       -0.4317
 165       -0.3222
 166       -0.0168
 167        0.4024
 168        0.4024
 169        0.7876
 170        0.9241
 171        0.9241
 172        0.9482
 173        0.9482
 174        1.4507
 175        2.1376
 176        2.1376
 177        3.2808
 178        3.2808
 179        3.2897
 180        3.2897
 181        3.3901
 182        3.3901
 183        3.8409
 184        3.8409
 185        4.5907
 186        4.5907
 187        5.0365
 188        5.0768
 189        5.5739
 190        5.5739
 191        5.8523
 192        5.8523
 193        6.5165
 194        6.5165
 195        6.5262
 196        6.5262
 197        6.9592
 198        6.9592
 199        7.3843
 200        7.4338
 201        7.4338
 202        7.5055
 203        7.5055
 204        7.7522
 205        7.9548
 206        8.4251
 207        8.9834
 208        8.9983
 209        9.4958
 210        9.6545
 211        9.8003
 212       10.0972
 
  0.4375000E+00  0.3125000E+00  0.6250000E-01  0.9375000E-01
   1       -3.7687
   2       -3.5182
   3       -3.0932
   4       -3.0449
   5       -3.0195
   6       -2.9941
   7       -2.9804
   8       -2.9596
   9       -2.9500
  10       -2.9274
  11       -2.9261
  12       -2.9244
  13       -2.8965
  14       -2.8960
  15       -2.8901
  16       -2.8813
  17       -2.8766
  18       -2.8459
  19       -2.8443
  20       -2.8332
  21       -2.8318
  22       -2.7952
  23       -2.7928
  24       -2.7838
  25       -2.7821
  26       -2.7669
  27       -2.7622
  28       -2.7595
  29       -2.7521
  30       -2.7318
  31       -2.6633
  32       -2.6446
  33       -2.6431
  34       -2.6351
  35       -2.5890
  36       -2.5765
  37       -2.5715
  38       -2.5576
  39       -2.5371
  40       -2.5094
  41       -2.4973
  42       -2.4848
  43       -2.4161
  44       -2.4049
  45       -2.3684
  46       -2.3383
  47       -2.3103
  48       -2.2965
  49       -2.2446
  50       -2.2298
  51       -2.2185
  52       -2.2146
  53       -2.1783
  54       -2.1729
  55       -2.1679
  56       -2.1662
  57       -2.1064
  58       -2.0647
  59       -2.0281
  60       -2.0166
  61       -2.0116
  62       -1.9512
  63       -1.9508
  64       -1.9171
  65       -1.8827
  66       -1.8723
  67       -1.8580
  68       -1.8542
  69       -1.8411
  70       -1.8171
  71       -1.8161
  72       -1.8086
  73       -1.8053
  74       -1.7844
  75       -1.7696
  76       -1.7678
  77       -1.7654
  78       -1.7525
  79       -1.7429
  80       -1.7423
  81       -1.7403
  82       -1.7361
  83       -1.7226
  84       -1.7222
  85       -1.7055
  86       -1.6745
  87       -1.6709
  88       -1.6684
  89       -1.6095
  90       -1.5960
  91       -1.5923
  92       -1.5907
  93       -1.5852
  94       -1.5707
  95       -1.5698
  96       -1.5441
  97       -1.5019
  98       -1.4752
  99       -1.4700
 100       -1.4407
 101       -1.4347
 102       -1.3948
 103       -1.3776
 104       -1.3596
 105       -1.3595
 106       -1.3340
 107       -1.3019
 108       -1.3017
 109       -1.2883
 110       -1.2742
 111       -1.2708
 112       -1.2702
 113       -1.2682
 114       -1.2681
 115       -1.2570
 116       -1.1544
 117       -1.1485
 118       -1.1227
 119       -1.1174
 120       -1.0647
 121       -1.0556
 122       -1.0528
 123       -1.0033
 124       -0.9984
 125       -0.9588
 126       -0.9559
 127       -0.9258
 128       -0.9209
 129       -0.9035
 130       -0.8463
 131       -0.8095
 132       -0.8049
 133       -0.7967
 134       -0.7812
 135       -0.7719
 136       -0.7690
 137       -0.7674
 138       -0.7353
 139       -0.7233
 140       -0.7057
 141       -0.6985
 142       -0.6765
 143       -0.6638
 144       -0.6625
 145       -0.6597
 146       -0.6478
 147       -0.6210
 148       -0.6176
 149       -0.6168
 150       -0.6115
 151       -0.6103
 152       -0.5809
 153       -0.5742
 154       -0.5703
 155       -0.5687
 156       -0.5655
 157       -0.5638
 158       -0.5628
 159       -0.5587
 160       -0.5396
 161       -0.4710
 162       -0.4702
 163       -0.4665
 164       -0.4570
 165       -0.2662
 166        0.0391
 167        0.2358
 168        0.4441
 169        0.5565
 170        0.5623
 171        1.0427
 172        1.2039
 173        1.2852
 174        1.6583
 175        1.6922
 176        2.4593
 177        2.8945
 178        3.3854
 179        3.4567
 180        3.6671
 181        3.7192
 182        3.7859
 183        3.8917
 184        4.0799
 185        4.1072
 186        4.6225
 187        4.9432
 188        5.4392
 189        5.4788
 190        5.6635
 191        5.7833
 192        5.9661
 193        5.9846
 194        6.1714
 195        6.2811
 196        6.5720
 197        6.5867
 198        6.6654
 199        6.7733
 200        6.8531
 201        7.1053
 202        7.2699
 203        8.0283
 204        8.1095
 205        8.3796
 206        8.6952
 207        8.9124
 208        8.9430
 209        9.0822
 210        9.1949
 211        9.2648
 212        9.9300
 
  0.4375000E+00  0.4375000E+00  0.6250000E-01  0.4687500E-01
   1       -3.5822
   2       -3.3504
   3       -3.3504
   4       -3.1458
   5       -3.0024
   6       -2.9708
   7       -2.9478
   8       -2.9321
   9       -2.9321
  10       -2.8946
  11       -2.8946
  12       -2.8931
  13       -2.8888
  14       -2.8888
  15       -2.8772
  16       -2.8772
  17       -2.8404
  18       -2.8361
  19       -2.8297
  20       -2.8297
  21       -2.8112
  22       -2.8112
  23       -2.7879
  24       -2.7879
  25       -2.7750
  26       -2.7750
  27       -2.7445
  28       -2.7445
  29       -2.7078
  30       -2.7078
  31       -2.7043
  32       -2.7043
  33       -2.6851
  34       -2.6851
  35       -2.6807
  36       -2.6807
  37       -2.6782
  38       -2.6186
  39       -2.6186
  40       -2.5964
  41       -2.5964
  42       -2.5474
  43       -2.5474
  44       -2.4201
  45       -2.3514
  46       -2.3514
  47       -2.2899
  48       -2.2899
  49       -2.2862
  50       -2.2862
  51       -2.2327
  52       -2.2327
  53       -2.1926
  54       -2.1763
  55       -2.1763
  56       -2.1284
  57       -2.0345
  58       -2.0015
  59       -1.9982
  60       -1.9982
  61       -1.9376
  62       -1.9239
  63       -1.9239
  64       -1.9048
  65       -1.8267
  66       -1.7867
  67       -1.7701
  68       -1.7667
  69       -1.7556
  70       -1.7314
  71       -1.7314
  72       -1.7234
  73       -1.7166
  74       -1.7166
  75       -1.7073
  76       -1.7063
  77       -1.7063
  78       -1.7033
  79       -1.7033
  80       -1.7028
  81       -1.7028
  82       -1.6586
  83       -1.6480
  84       -1.6355
  85       -1.6355
  86       -1.6053
  87       -1.6053
  88       -1.6023
  89       -1.6023
  90       -1.5986
  91       -1.5986
  92       -1.5764
  93       -1.5764
  94       -1.5728
  95       -1.5728
  96       -1.5683
  97       -1.5069
  98       -1.5016
  99       -1.5016
 100       -1.4673
 101       -1.4673
 102       -1.4669
 103       -1.4452
 104       -1.4452
 105       -1.4216
 106       -1.4216
 107       -1.3936
 108       -1.3936
 109       -1.3775
 110       -1.3775
 111       -1.3750
 112       -1.3615
 113       -1.3602
 114       -1.3602
 115       -1.3244
 116       -1.3244
 117       -1.2976
 118       -1.2489
 119       -1.2489
 120       -1.1911
 121       -1.0438
 122       -1.0078
 123       -0.9674
 124       -0.9674
 125       -0.9101
 126       -0.9101
 127       -0.8824
 128       -0.8615
 129       -0.8615
 130       -0.8147
 131       -0.8147
 132       -0.7975
 133       -0.7975
 134       -0.7678
 135       -0.7230
 136       -0.7230
 137       -0.7086
 138       -0.7086
 139       -0.6977
 140       -0.6871
 141       -0.6871
 142       -0.6517
 143       -0.6517
 144       -0.6385
 145       -0.6149
 146       -0.6145
 147       -0.6145
 148       -0.6128
 149       -0.5788
 150       -0.5788
 151       -0.5755
 152       -0.5755
 153       -0.5731
 154       -0.5731
 155       -0.5632
 156       -0.5622
 157       -0.5622
 158       -0.5598
 159       -0.5598
 160       -0.5557
 161       -0.5557
 162       -0.5484
 163       -0.5484
 164       -0.5112
 165       -0.1459
 166        0.0999
 167        0.0999
 168        0.2626
 169        0.4152
 170        0.6876
 171        0.6876
 172        0.8984
 173        2.0221
 174        2.0221
 175        2.4381
 176        2.4381
 177        2.8269
 178        2.8269
 179        3.2521
 180        3.2521
 181        4.1463
 182        4.1463
 183        4.1821
 184        4.1821
 185        4.5835
 186        4.5835
 187        4.9872
 188        4.9872
 189        5.7513
 190        5.7513
 191        5.8580
 192        5.8995
 193        5.8995
 194        6.0470
 195        6.0470
 196        6.2949
 197        6.2949
 198        6.3222
 199        6.3222
 200        6.5052
 201        6.7660
 202        7.2756
 203        7.2756
 204        7.9549
 205        8.8453
 206        8.8854
 207        8.9279
 208        8.9374
 209        9.0551
 210        9.4859
 211        9.6624
 212       10.1696
 
  0.1875000E+00  0.1875000E+00  0.1875000E+00  0.1562500E-01
   1       -4.1770
   2       -3.1843
   3       -3.1491
   4       -3.1491
   5       -3.1491
   6       -3.1003
   7       -3.1003
   8       -3.1003
   9       -3.0501
  10       -3.0501
  11       -3.0501
  12       -3.0210
  13       -3.0210
  14       -3.0210
  15       -2.7910
  16       -2.7910
  17       -2.7910
  18       -2.6834
  19       -2.6834
  20       -2.6834
  21       -2.6690
  22       -2.6690
  23       -2.6690
  24       -2.6690
  25       -2.6690
  26       -2.6690
  27       -2.6568
  28       -2.6568
  29       -2.6568
  30       -2.5902
  31       -2.5902
  32       -2.5902
  33       -2.5450
  34       -2.5450
  35       -2.5450
  36       -2.5450
  37       -2.5450
  38       -2.5450
  39       -2.4429
  40       -2.4429
  41       -2.4429
  42       -2.4429
  43       -2.4429
  44       -2.4429
  45       -2.3618
  46       -2.3618
  47       -2.3618
  48       -2.1637
  49       -2.1637
  50       -2.1637
  51       -2.1637
  52       -2.1637
  53       -2.1637
  54       -2.1569
  55       -2.1569
  56       -2.1569
  57       -2.0511
  58       -2.0511
  59       -2.0511
  60       -2.0435
  61       -2.0435
  62       -2.0435
  63       -2.0047
  64       -1.9377
  65       -1.9377
  66       -1.9236
  67       -1.9236
  68       -1.9236
  69       -1.9236
  70       -1.9236
  71       -1.9236
  72       -1.9038
  73       -1.9038
  74       -1.8664
  75       -1.8664
  76       -1.8664
  77       -1.8053
  78       -1.8053
  79       -1.8053
  80       -1.8053
  81       -1.8053
  82       -1.8053
  83       -1.7421
  84       -1.7421
  85       -1.7421
  86       -1.6944
  87       -1.6944
  88       -1.6944
  89       -1.6733
  90       -1.6733
  91       -1.6733
  92       -1.6013
  93       -1.6013
  94       -1.6013
  95       -1.5341
  96       -1.5341
  97       -1.5341
  98       -1.3959
  99       -1.3959
 100       -1.3959
 101       -1.3348
 102       -1.3348
 103       -1.3348
 104       -1.3348
 105       -1.3348
 106       -1.3348
 107       -1.3219
 108       -1.3219
 109       -1.3219
 110       -1.1998
 111       -1.1998
 112       -1.1998
 113       -1.1604
 114       -1.1604
 115       -1.1562
 116       -1.1562
 117       -1.1562
 118       -1.0912
 119       -1.0912
 120       -1.0912
 121       -1.0612
 122       -1.0612
 123       -1.0612
 124       -1.0612
 125       -1.0612
 126       -1.0612
 127       -0.9002
 128       -0.9002
 129       -0.9002
 130       -0.8795
 131       -0.8795
 132       -0.8795
 133       -0.8675
 134       -0.8675
 135       -0.8675
 136       -0.8675
 137       -0.8675
 138       -0.8675
 139       -0.8136
 140       -0.8136
 141       -0.8136
 142       -0.6715
 143       -0.6715
 144       -0.6715
 145       -0.6440
 146       -0.6440
 147       -0.6440
 148       -0.6123
 149       -0.6123
 150       -0.6046
 151       -0.6046
 152       -0.6046
 153       -0.5018
 154       -0.5018
 155       -0.5018
 156       -0.4308
 157       -0.4308
 158       -0.4308
 159       -0.4308
 160       -0.4308
 161       -0.4308
 162       -0.3961
 163       -0.3961
 164       -0.3961
 165        0.1259
 166        0.1259
 167        0.1259
 168        0.3583
 169        0.3583
 170        0.3583
 171        0.9627
 172        1.9687
 173        1.9687
 174        1.9687
 175        1.9687
 176        1.9687
 177        1.9687
 178        2.6595
 179        2.6595
 180        2.6595
 181        3.6939
 182        3.6939
 183        3.6939
 184        3.9320
 185        3.9320
 186        3.9320
 187        5.7633
 188        5.7633
 189        5.7633
 190        6.1081
 191        6.1081
 192        6.1081
 193        6.1081
 194        6.1081
 195        6.1081
 196        7.2389
 197        7.8332
 198        7.8332
 199        7.8332
 200        7.8390
 201        7.8390
 202        7.8390
 203        7.8390
 204        7.8391
 205        7.8392
 206        9.0548
 207        9.1088
 208        9.1641
 209        9.5265
 210        9.5563
 211        9.6074
 212        9.7220
 
  0.3125000E+00  0.1875000E+00  0.1875000E+00  0.4687500E-01
   1       -4.0377
   2       -3.2957
   3       -3.1501
   4       -3.0986
   5       -3.0969
   6       -3.0969
   7       -3.0417
   8       -3.0417
   9       -3.0176
  10       -3.0073
  11       -2.9732
  12       -2.9732
  13       -2.9622
  14       -2.9622
  15       -2.8659
  16       -2.8481
  17       -2.7906
  18       -2.7906
  19       -2.7716
  20       -2.7716
  21       -2.7591
  22       -2.7444
  23       -2.7444
  24       -2.7037
  25       -2.7037
  26       -2.6812
  27       -2.6684
  28       -2.6684
  29       -2.6258
  30       -2.6258
  31       -2.6203
  32       -2.6203
  33       -2.6041
  34       -2.6041
  35       -2.5935
  36       -2.5935
  37       -2.5562
  38       -2.5562
  39       -2.5224
  40       -2.5224
  41       -2.4281
  42       -2.4281
  43       -2.3888
  44       -2.3888
  45       -2.2993
  46       -2.2993
  47       -2.2630
  48       -2.2515
  49       -2.2515
  50       -2.1915
  51       -2.1760
  52       -2.1760
  53       -2.1514
  54       -2.1514
  55       -2.1419
  56       -2.1419
  57       -2.0928
  58       -2.0640
  59       -2.0640
  60       -2.0589
  61       -2.0589
  62       -2.0354
  63       -1.9852
  64       -1.9852
  65       -1.9607
  66       -1.9546
  67       -1.9546
  68       -1.9234
  69       -1.9136
  70       -1.8694
  71       -1.8652
  72       -1.8523
  73       -1.8523
  74       -1.8122
  75       -1.8122
  76       -1.7987
  77       -1.7987
  78       -1.7978
  79       -1.7696
  80       -1.7696
  81       -1.7607
  82       -1.7607
  83       -1.7418
  84       -1.7418
  85       -1.7345
  86       -1.7345
  87       -1.7069
  88       -1.6904
  89       -1.6408
  90       -1.5901
  91       -1.5901
  92       -1.5625
  93       -1.5584
  94       -1.5584
  95       -1.5550
  96       -1.5550
  97       -1.5005
  98       -1.4992
  99       -1.4992
 100       -1.4794
 101       -1.4403
 102       -1.4403
 103       -1.3249
 104       -1.3249
 105       -1.2838
 106       -1.2838
 107       -1.2462
 108       -1.2372
 109       -1.2372
 110       -1.2074
 111       -1.2074
 112       -1.2021
 113       -1.1974
 114       -1.1974
 115       -1.1363
 116       -1.1312
 117       -1.1040
 118       -1.1040
 119       -1.0703
 120       -1.0703
 121       -1.0639
 122       -1.0399
 123       -1.0399
 124       -1.0377
 125       -1.0377
 126       -1.0350
 127       -1.0256
 128       -0.9710
 129       -0.9647
 130       -0.9647
 131       -0.8178
 132       -0.8178
 133       -0.8074
 134       -0.8074
 135       -0.7991
 136       -0.7991
 137       -0.7557
 138       -0.7557
 139       -0.7415
 140       -0.7415
 141       -0.7389
 142       -0.7389
 143       -0.7239
 144       -0.7057
 145       -0.7005
 146       -0.6902
 147       -0.6857
 148       -0.6836
 149       -0.6836
 150       -0.6614
 151       -0.6614
 152       -0.5990
 153       -0.5216
 154       -0.5100
 155       -0.5100
 156       -0.4915
 157       -0.4915
 158       -0.4893
 159       -0.4893
 160       -0.4291
 161       -0.4281
 162       -0.4281
 163       -0.4062
 164       -0.4062
 165       -0.0194
 166       -0.0194
 167        0.3524
 168        0.3790
 169        0.3790
 170        0.6083
 171        0.7768
 172        1.5026
 173        1.5026
 174        2.0423
 175        2.0423
 176        2.4822
 177        2.4822
 178        2.6724
 179        2.6724
 180        3.1519
 181        3.2471
 182        3.7569
 183        4.2183
 184        4.2183
 185        4.3946
 186        4.3946
 187        5.1947
 188        5.1947
 189        5.5458
 190        5.5688
 191        5.5688
 192        6.2718
 193        6.2718
 194        6.2947
 195        6.2947
 196        6.9102
 197        6.9102
 198        6.9115
 199        7.3665
 200        7.3665
 201        7.9043
 202        8.0279
 203        8.0281
 204        8.4264
 205        8.4322
 206        8.5780
 207        8.5943
 208        9.0510
 209        9.0603
 210        9.0921
 211        9.7227
 212       10.1167
 
  0.4375000E+00  0.1875000E+00  0.1875000E+00  0.4687500E-01
   1       -3.8353
   2       -3.5809
   3       -3.0829
   4       -3.0296
   5       -3.0173
   6       -3.0173
   7       -2.9821
   8       -2.9550
   9       -2.9550
  10       -2.9494
  11       -2.9429
  12       -2.9141
  13       -2.9129
  14       -2.9129
  15       -2.8890
  16       -2.8890
  17       -2.8663
  18       -2.8663
  19       -2.8582
  20       -2.8416
  21       -2.8416
  22       -2.8137
  23       -2.8137
  24       -2.7973
  25       -2.7368
  26       -2.7368
  27       -2.7302
  28       -2.7302
  29       -2.6715
  30       -2.6715
  31       -2.6633
  32       -2.6633
  33       -2.6501
  34       -2.6501
  35       -2.5632
  36       -2.5632
  37       -2.5255
  38       -2.5255
  39       -2.4277
  40       -2.4277
  41       -2.3991
  42       -2.3991
  43       -2.3401
  44       -2.3401
  45       -2.3161
  46       -2.3161
  47       -2.2818
  48       -2.2818
  49       -2.2376
  50       -2.2376
  51       -2.2100
  52       -2.2100
  53       -2.1785
  54       -2.1717
  55       -2.1408
  56       -2.1166
  57       -2.1166
  58       -2.1152
  59       -2.1152
  60       -2.0937
  61       -2.0895
  62       -2.0895
  63       -1.9427
  64       -1.9427
  65       -1.9297
  66       -1.9203
  67       -1.9034
  68       -1.9034
  69       -1.8661
  70       -1.8661
  71       -1.8659
  72       -1.8102
  73       -1.8102
  74       -1.8078
  75       -1.8076
  76       -1.7963
  77       -1.7962
  78       -1.7962
  79       -1.7918
  80       -1.7918
  81       -1.7842
  82       -1.7842
  83       -1.7386
  84       -1.7386
  85       -1.7371
  86       -1.7327
  87       -1.7108
  88       -1.6925
  89       -1.6925
  90       -1.6686
  91       -1.6686
  92       -1.6094
  93       -1.5809
  94       -1.5809
  95       -1.5723
  96       -1.5723
  97       -1.4059
  98       -1.4059
  99       -1.3814
 100       -1.2923
 101       -1.2923
 102       -1.2843
 103       -1.2520
 104       -1.2471
 105       -1.2471
 106       -1.2437
 107       -1.2437
 108       -1.2248
 109       -1.2248
 110       -1.2207
 111       -1.2207
 112       -1.2041
 113       -1.1860
 114       -1.1667
 115       -1.1667
 116       -1.1556
 117       -1.1556
 118       -1.1530
 119       -1.1530
 120       -1.0994
 121       -1.0994
 122       -1.0887
 123       -1.0848
 124       -1.0848
 125       -1.0346
 126       -1.0334
 127       -1.0334
 128       -0.9629
 129       -0.9314
 130       -0.9026
 131       -0.8944
 132       -0.8579
 133       -0.8579
 134       -0.8118
 135       -0.8085
 136       -0.7937
 137       -0.7603
 138       -0.7603
 139       -0.7542
 140       -0.7542
 141       -0.6959
 142       -0.6959
 143       -0.6561
 144       -0.6561
 145       -0.6544
 146       -0.6544
 147       -0.6380
 148       -0.6335
 149       -0.6335
 150       -0.5983
 151       -0.5983
 152       -0.5692
 153       -0.5692
 154       -0.5683
 155       -0.5667
 156       -0.5667
 157       -0.5542
 158       -0.5542
 159       -0.5329
 160       -0.4755
 161       -0.4234
 162       -0.4234
 163       -0.4161
 164       -0.4161
 165       -0.3347
 166       -0.3347
 167        0.3618
 168        0.4241
 169        0.7052
 170        0.7052
 171        1.0819
 172        1.0819
 173        1.5181
 174        2.1547
 175        2.1547
 176        2.3045
 177        2.3045
 178        2.3222
 179        3.4517
 180        3.4517
 181        3.6580
 182        3.7886
 183        4.2974
 184        4.2974
 185        4.6049
 186        4.6049
 187        5.0625
 188        5.0625
 189        5.1610
 190        5.1610
 191        5.6357
 192        5.9835
 193        5.9835
 194        6.1321
 195        6.6105
 196        6.6105
 197        6.9344
 198        6.9344
 199        6.9537
 200        6.9537
 201        7.7108
 202        7.7109
 203        8.2971
 204        8.2992
 205        8.6403
 206        8.6432
 207        8.6456
 208        8.9302
 209        8.9711
 210        9.1279
 211        9.1654
 212        9.7158
 
  0.3125000E+00  0.3125000E+00  0.1875000E+00  0.4687500E-01
   1       -3.9048
   2       -3.2107
   3       -3.2107
   4       -3.1311
   5       -3.0624
   6       -3.0500
   7       -3.0500
   8       -3.0002
   9       -2.9607
  10       -2.9607
  11       -2.9553
  12       -2.9282
  13       -2.9282
  14       -2.8866
  15       -2.8866
  16       -2.8851
  17       -2.8490
  18       -2.8389
  19       -2.8389
  20       -2.7959
  21       -2.7959
  22       -2.7900
  23       -2.7486
  24       -2.7486
  25       -2.7338
  26       -2.7338
  27       -2.6981
  28       -2.6812
  29       -2.6812
  30       -2.6646
  31       -2.6646
  32       -2.6577
  33       -2.6577
  34       -2.6397
  35       -2.6397
  36       -2.6179
  37       -2.6179
  38       -2.5564
  39       -2.5564
  40       -2.5069
  41       -2.5069
  42       -2.4339
  43       -2.3830
  44       -2.3830
  45       -2.2858
  46       -2.2858
  47       -2.2261
  48       -2.2261
  49       -2.2188
  50       -2.2188
  51       -2.2182
  52       -2.2182
  53       -2.2069
  54       -2.1790
  55       -2.1220
  56       -2.1220
  57       -2.1140
  58       -2.1140
  59       -2.0703
  60       -2.0693
  61       -2.0443
  62       -1.9305
  63       -1.9305
  64       -1.9146
  65       -1.9146
  66       -1.9120
  67       -1.8852
  68       -1.8507
  69       -1.8361
  70       -1.8217
  71       -1.8217
  72       -1.8116
  73       -1.8116
  74       -1.7791
  75       -1.7791
  76       -1.7777
  77       -1.7634
  78       -1.7358
  79       -1.7358
  80       -1.7258
  81       -1.7258
  82       -1.7203
  83       -1.7182
  84       -1.7182
  85       -1.7172
  86       -1.6544
  87       -1.6544
  88       -1.6411
  89       -1.6331
  90       -1.6331
  91       -1.6265
  92       -1.6265
  93       -1.6149
  94       -1.5786
  95       -1.5758
  96       -1.5758
  97       -1.5729
  98       -1.5729
  99       -1.4273
 100       -1.4273
 101       -1.4194
 102       -1.4194
 103       -1.3622
 104       -1.3622
 105       -1.3314
 106       -1.3314
 107       -1.3108
 108       -1.2762
 109       -1.2640
 110       -1.2073
 111       -1.1967
 112       -1.1967
 113       -1.1922
 114       -1.1815
 115       -1.1815
 116       -1.1722
 117       -1.1722
 118       -1.1414
 119       -1.1414
 120       -1.1274
 121       -1.0646
 122       -1.0646
 123       -1.0600
 124       -1.0600
 125       -1.0215
 126       -1.0215
 127       -0.9736
 128       -0.9736
 129       -0.9274
 130       -0.9274
 131       -0.9025
 132       -0.8974
 133       -0.8974
 134       -0.8574
 135       -0.8521
 136       -0.8322
 137       -0.7781
 138       -0.7350
 139       -0.7350
 140       -0.7137
 141       -0.7137
 142       -0.6873
 143       -0.6847
 144       -0.6847
 145       -0.6698
 146       -0.6629
 147       -0.6629
 148       -0.6560
 149       -0.6560
 150       -0.5984
 151       -0.5850
 152       -0.5850
 153       -0.5145
 154       -0.5145
 155       -0.5108
 156       -0.5108
 157       -0.4959
 158       -0.4836
 159       -0.4836
 160       -0.4806
 161       -0.4806
 162       -0.4328
 163       -0.4328
 164       -0.4277
 165       -0.3436
 166       -0.0412
 167       -0.0412
 168        0.1952
 169        0.5689
 170        1.0359
 171        1.0359
 172        1.5880
 173        1.5880
 174        2.1759
 175        2.1956
 176        2.1956
 177        2.7713
 178        2.7713
 179        3.2109
 180        3.2109
 181        3.4232
 182        3.4232
 183        4.4477
 184        4.4477
 185        4.4852
 186        4.6866
 187        4.6866
 188        5.0800
 189        5.3567
 190        5.3567
 191        5.7744
 192        5.7744
 193        5.8969
 194        5.8969
 195        6.4752
 196        6.4752
 197        6.8767
 198        6.8939
 199        7.0926
 200        7.0926
 201        7.5361
 202        7.5361
 203        8.1073
 204        8.1078
 205        8.5886
 206        8.6451
 207        8.6542
 208        9.1054
 209        9.2651
 210        9.3021
 211        9.7500
 212        9.8691
 
  0.4375000E+00  0.3125000E+00  0.1875000E+00  0.9375000E-01
   1       -3.7130
   2       -3.4743
   3       -3.0973
   4       -3.0814
   5       -2.9999
   6       -2.9997
   7       -2.9868
   8       -2.9737
   9       -2.9711
  10       -2.9408
  11       -2.9344
  12       -2.9177
  13       -2.9141
  14       -2.9096
  15       -2.8805
  16       -2.8714
  17       -2.8659
  18       -2.8599
  19       -2.8451
  20       -2.8204
  21       -2.7860
  22       -2.7859
  23       -2.7834
  24       -2.7787
  25       -2.7712
  26       -2.7698
  27       -2.7673
  28       -2.7647
  29       -2.7510
  30       -2.7104
  31       -2.6982
  32       -2.6924
  33       -2.6742
  34       -2.6594
  35       -2.6517
  36       -2.6407
  37       -2.6256
  38       -2.6192
  39       -2.5444
  40       -2.4943
  41       -2.4092
  42       -2.4035
  43       -2.4031
  44       -2.3590
  45       -2.3254
  46       -2.3044
  47       -2.2970
  48       -2.2959
  49       -2.2661
  50       -2.2129
  51       -2.1934
  52       -2.1754
  53       -2.1691
  54       -2.1604
  55       -2.1571
  56       -2.1433
  57       -2.1043
  58       -2.0944
  59       -2.0818
  60       -2.0797
  61       -2.0247
  62       -1.9223
  63       -1.8999
  64       -1.8988
  65       -1.8457
  66       -1.8253
  67       -1.8174
  68       -1.8121
  69       -1.8087
  70       -1.8079
  71       -1.8041
  72       -1.7909
  73       -1.7881
  74       -1.7764
  75       -1.7573
  76       -1.7545
  77       -1.7469
  78       -1.7430
  79       -1.7392
  80       -1.7363
  81       -1.7277
  82       -1.7015
  83       -1.6961
  84       -1.6942
  85       -1.6719
  86       -1.6619
  87       -1.6591
  88       -1.6576
  89       -1.6567
  90       -1.6543
  91       -1.6506
  92       -1.6427
  93       -1.6338
  94       -1.6059
  95       -1.5506
  96       -1.5378
  97       -1.4944
  98       -1.4778
  99       -1.4444
 100       -1.3970
 101       -1.3873
 102       -1.3707
 103       -1.3670
 104       -1.3457
 105       -1.3347
 106       -1.3329
 107       -1.3291
 108       -1.3132
 109       -1.2774
 110       -1.2613
 111       -1.2575
 112       -1.2418
 113       -1.2343
 114       -1.2145
 115       -1.2005
 116       -1.1842
 117       -1.1690
 118       -1.1356
 119       -1.1232
 120       -1.0997
 121       -1.0988
 122       -1.0894
 123       -1.0821
 124       -1.0764
 125       -1.0382
 126       -1.0224
 127       -1.0140
 128       -1.0086
 129       -0.9944
 130       -0.9364
 131       -0.9307
 132       -0.9189
 133       -0.9070
 134       -0.8751
 135       -0.8495
 136       -0.8226
 137       -0.7962
 138       -0.7930
 139       -0.7575
 140       -0.6602
 141       -0.6314
 142       -0.6282
 143       -0.6257
 144       -0.6223
 145       -0.6114
 146       -0.6028
 147       -0.5985
 148       -0.5929
 149       -0.5928
 150       -0.5924
 151       -0.5815
 152       -0.5772
 153       -0.5524
 154       -0.5516
 155       -0.5483
 156       -0.5474
 157       -0.5395
 158       -0.5279
 159       -0.5214
 160       -0.5176
 161       -0.4708
 162       -0.4701
 163       -0.4671
 164       -0.4507
 165       -0.4495
 166       -0.3640
 167       -0.0556
 168       -0.0129
 169        0.8445
 170        1.1879
 171        1.3716
 172        1.7253
 173        1.7614
 174        1.7797
 175        1.9207
 176        2.5867
 177        2.9103
 178        2.9670
 179        3.0710
 180        3.5730
 181        3.7860
 182        3.8039
 183        3.9071
 184        4.2134
 185        4.3651
 186        4.4390
 187        4.8499
 188        5.1586
 189        5.2867
 190        5.5150
 191        5.6818
 192        5.8109
 193        5.8299
 194        6.0489
 195        6.1434
 196        6.2945
 197        6.4869
 198        6.4938
 199        6.6923
 200        7.2468
 201        7.3580
 202        7.5835
 203        7.6988
 204        8.1859
 205        8.3764
 206        8.7962
 207        8.9432
 208        9.2960
 209        9.3305
 210        9.5426
 211        9.7865
 212       10.0074
 
  0.4375000E+00  0.4375000E+00  0.1875000E+00  0.4687500E-01
   1       -3.5386
   2       -3.3258
   3       -3.3258
   4       -3.1508
   5       -3.0540
   6       -2.9994
   7       -2.9994
   8       -2.9795
   9       -2.9545
  10       -2.9159
  11       -2.9159
  12       -2.8962
  13       -2.8819
  14       -2.8819
  15       -2.8511
  16       -2.8511
  17       -2.8399
  18       -2.8399
  19       -2.8288
  20       -2.8215
  21       -2.8186
  22       -2.8186
  23       -2.8006
  24       -2.8006
  25       -2.7625
  26       -2.7625
  27       -2.7498
  28       -2.7498
  29       -2.7267
  30       -2.7267
  31       -2.7195
  32       -2.7195
  33       -2.6762
  34       -2.6762
  35       -2.6558
  36       -2.6558
  37       -2.6543
  38       -2.6224
  39       -2.6224
  40       -2.5264
  41       -2.5264
  42       -2.5262
  43       -2.5262
  44       -2.4047
  45       -2.3102
  46       -2.3102
  47       -2.2627
  48       -2.2627
  49       -2.2590
  50       -2.2590
  51       -2.2178
  52       -2.2178
  53       -2.1755
  54       -2.1145
  55       -2.1145
  56       -2.1019
  57       -2.1019
  58       -2.1001
  59       -2.0857
  60       -2.0789
  61       -1.8867
  62       -1.8768
  63       -1.8768
  64       -1.8651
  65       -1.8057
  66       -1.7793
  67       -1.7679
  68       -1.7642
  69       -1.7569
  70       -1.7569
  71       -1.7386
  72       -1.7386
  73       -1.7286
  74       -1.7286
  75       -1.7253
  76       -1.7113
  77       -1.7113
  78       -1.7108
  79       -1.7095
  80       -1.7026
  81       -1.6965
  82       -1.6965
  83       -1.6610
  84       -1.6610
  85       -1.6295
  86       -1.6295
  87       -1.6292
  88       -1.5964
  89       -1.5964
  90       -1.5714
  91       -1.5714
  92       -1.5360
  93       -1.5360
  94       -1.5339
  95       -1.5234
  96       -1.5234
  97       -1.5205
  98       -1.5037
  99       -1.5037
 100       -1.4740
 101       -1.4515
 102       -1.4515
 103       -1.4331
 104       -1.4331
 105       -1.4072
 106       -1.4072
 107       -1.4030
 108       -1.4030
 109       -1.3998
 110       -1.3998
 111       -1.3177
 112       -1.3177
 113       -1.2914
 114       -1.2726
 115       -1.2690
 116       -1.2690
 117       -1.2619
 118       -1.2619
 119       -1.2587
 120       -1.2276
 121       -1.1073
 122       -1.0287
 123       -1.0201
 124       -1.0201
 125       -1.0116
 126       -1.0116
 127       -0.9662
 128       -0.9662
 129       -0.9394
 130       -0.9324
 131       -0.9324
 132       -0.9257
 133       -0.9257
 134       -0.8633
 135       -0.8633
 136       -0.8315
 137       -0.8315
 138       -0.7939
 139       -0.7923
 140       -0.7317
 141       -0.6047
 142       -0.5848
 143       -0.5848
 144       -0.5772
 145       -0.5577
 146       -0.5577
 147       -0.5485
 148       -0.5485
 149       -0.5446
 150       -0.5446
 151       -0.5444
 152       -0.5444
 153       -0.5432
 154       -0.5424
 155       -0.5424
 156       -0.5305
 157       -0.5305
 158       -0.5242
 159       -0.5242
 160       -0.5218
 161       -0.5218
 162       -0.5092
 163       -0.4920
 164       -0.4920
 165       -0.4890
 166       -0.3819
 167       -0.3819
 168       -0.2974
 169        1.0639
 170        1.3600
 171        1.3600
 172        1.6043
 173        2.1224
 174        2.1224
 175        2.5224
 176        2.5224
 177        2.9371
 178        2.9371
 179        3.3480
 180        3.3480
 181        3.7326
 182        3.7326
 183        3.8836
 184        3.8836
 185        4.6115
 186        4.6115
 187        4.6847
 188        4.6847
 189        5.1890
 190        5.5986
 191        5.5986
 192        5.9136
 193        5.9136
 194        5.9628
 195        6.1346
 196        6.1346
 197        6.5202
 198        6.5202
 199        6.6185
 200        6.8471
 201        6.8471
 202        7.3752
 203        7.3752
 204        8.1030
 205        8.3087
 206        9.1060
 207        9.1529
 208        9.6057
 209        9.6496
 210        9.7607
 211        9.8612
 212        9.9238
 
  0.3125000E+00  0.3125000E+00  0.3125000E+00  0.1562500E-01
   1       -3.7815
   2       -3.1623
   3       -3.1623
   4       -3.1623
   5       -3.1291
   6       -3.0210
   7       -3.0210
   8       -3.0210
   9       -2.9562
  10       -2.9562
  11       -2.9562
  12       -2.9254
  13       -2.9254
  14       -2.9254
  15       -2.8414
  16       -2.8414
  17       -2.8414
  18       -2.8370
  19       -2.8370
  20       -2.8370
  21       -2.7680
  22       -2.7680
  23       -2.7680
  24       -2.7680
  25       -2.7680
  26       -2.7680
  27       -2.7245
  28       -2.7245
  29       -2.7245
  30       -2.7163
  31       -2.7163
  32       -2.7163
  33       -2.7163
  34       -2.7163
  35       -2.7163
  36       -2.5547
  37       -2.5547
  38       -2.5547
  39       -2.4701
  40       -2.4701
  41       -2.4701
  42       -2.4701
  43       -2.4701
  44       -2.4701
  45       -2.2283
  46       -2.2283
  47       -2.2283
  48       -2.2224
  49       -2.2224
  50       -2.2224
  51       -2.2224
  52       -2.2224
  53       -2.2224
  54       -2.1312
  55       -2.1312
  56       -2.1312
  57       -2.1267
  58       -2.1267
  59       -2.1267
  60       -2.0301
  61       -1.9107
  62       -1.9107
  63       -1.9107
  64       -1.8801
  65       -1.8801
  66       -1.8305
  67       -1.8305
  68       -1.8064
  69       -1.8064
  70       -1.8064
  71       -1.8064
  72       -1.8064
  73       -1.8064
  74       -1.7459
  75       -1.7459
  76       -1.7459
  77       -1.7299
  78       -1.7299
  79       -1.7299
  80       -1.6908
  81       -1.6908
  82       -1.6908
  83       -1.6820
  84       -1.6820
  85       -1.6820
  86       -1.6371
  87       -1.6371
  88       -1.6371
  89       -1.6305
  90       -1.6305
  91       -1.6305
  92       -1.6305
  93       -1.6305
  94       -1.6305
  95       -1.5989
  96       -1.5989
  97       -1.5989
  98       -1.4156
  99       -1.4156
 100       -1.4156
 101       -1.3661
 102       -1.3661
 103       -1.3661
 104       -1.3193
 105       -1.3193
 106       -1.3193
 107       -1.3193
 108       -1.3193
 109       -1.3193
 110       -1.3141
 111       -1.3141
 112       -1.3141
 113       -1.1933
 114       -1.1933
 115       -1.1933
 116       -1.1633
 117       -1.1633
 118       -1.1456
 119       -1.1456
 120       -1.1456
 121       -1.0933
 122       -1.0933
 123       -1.0933
 124       -1.0638
 125       -1.0638
 126       -1.0638
 127       -1.0638
 128       -1.0638
 129       -1.0638
 130       -0.9876
 131       -0.9876
 132       -0.9876
 133       -0.9415
 134       -0.9415
 135       -0.9415
 136       -0.8589
 137       -0.8589
 138       -0.8589
 139       -0.7713
 140       -0.7713
 141       -0.6179
 142       -0.6179
 143       -0.6179
 144       -0.6071
 145       -0.6071
 146       -0.6071
 147       -0.6071
 148       -0.6071
 149       -0.6071
 150       -0.5322
 151       -0.5322
 152       -0.5322
 153       -0.4972
 154       -0.4972
 155       -0.4972
 156       -0.4972
 157       -0.4972
 158       -0.4972
 159       -0.4899
 160       -0.4899
 161       -0.4899
 162       -0.4300
 163       -0.4300
 164       -0.4300
 165       -0.3848
 166       -0.3848
 167       -0.3848
 168       -0.2915
 169        1.2482
 170        1.2482
 171        1.2482
 172        2.3111
 173        2.3111
 174        2.3111
 175        2.3111
 176        2.3111
 177        2.3111
 178        2.9563
 179        2.9563
 180        2.9563
 181        3.6721
 182        3.6721
 183        3.6721
 184        4.8686
 185        4.8686
 186        4.8686
 187        4.8686
 188        4.8686
 189        4.8686
 190        5.0598
 191        5.0598
 192        5.0598
 193        6.0986
 194        6.0986
 195        6.0986
 196        6.4377
 197        6.4377
 198        6.4377
 199        7.7251
 200        7.7251
 201        7.7251
 202        7.7251
 203        7.7251
 204        7.7251
 205        8.7641
 206        8.7642
 207        8.7642
 208        8.7652
 209        8.7677
 210        8.7861
 211        9.3178
 212       10.6834
 
  0.4375000E+00  0.3125000E+00  0.3125000E+00  0.4687500E-01
   1       -3.6058
   2       -3.3916
   3       -3.0999
   4       -3.0990
   5       -3.0990
   6       -3.0420
   7       -3.0285
   8       -3.0285
   9       -2.9659
  10       -2.9634
  11       -2.9634
  12       -2.9036
  13       -2.8781
  14       -2.8781
  15       -2.8725
  16       -2.8725
  17       -2.8468
  18       -2.8186
  19       -2.8186
  20       -2.8024
  21       -2.8024
  22       -2.7757
  23       -2.7746
  24       -2.7746
  25       -2.7707
  26       -2.7707
  27       -2.7641
  28       -2.7558
  29       -2.7558
  30       -2.7388
  31       -2.7388
  32       -2.7222
  33       -2.7222
  34       -2.7191
  35       -2.7191
  36       -2.6682
  37       -2.5941
  38       -2.5941
  39       -2.4287
  40       -2.4287
  41       -2.4101
  42       -2.4101
  43       -2.3755
  44       -2.3755
  45       -2.3257
  46       -2.3257
  47       -2.3041
  48       -2.3041
  49       -2.2874
  50       -2.2874
  51       -2.2219
  52       -2.1860
  53       -2.1793
  54       -2.1793
  55       -2.1498
  56       -2.1498
  57       -2.0766
  58       -2.0396
  59       -2.0071
  60       -2.0071
  61       -1.9218
  62       -1.9218
  63       -1.8613
  64       -1.8612
  65       -1.8517
  66       -1.8011
  67       -1.7980
  68       -1.7972
  69       -1.7610
  70       -1.7610
  71       -1.7557
  72       -1.7557
  73       -1.7529
  74       -1.7518
  75       -1.7356
  76       -1.7356
  77       -1.7205
  78       -1.7205
  79       -1.7133
  80       -1.7133
  81       -1.6979
  82       -1.6979
  83       -1.6920
  84       -1.6920
  85       -1.6699
  86       -1.6699
  87       -1.6349
  88       -1.6349
  89       -1.6305
  90       -1.6305
  91       -1.6140
  92       -1.6140
  93       -1.5850
  94       -1.5689
  95       -1.5689
  96       -1.5383
  97       -1.4773
  98       -1.4541
  99       -1.4541
 100       -1.4455
 101       -1.4455
 102       -1.4300
 103       -1.4118
 104       -1.4118
 105       -1.3135
 106       -1.2844
 107       -1.2844
 108       -1.2792
 109       -1.2792
 110       -1.2535
 111       -1.2505
 112       -1.2505
 113       -1.2197
 114       -1.2197
 115       -1.1989
 116       -1.1963
 117       -1.1856
 118       -1.1856
 119       -1.1728
 120       -1.1728
 121       -1.1319
 122       -1.1319
 123       -1.1315
 124       -1.1315
 125       -1.1074
 126       -1.1016
 127       -1.0827
 128       -1.0827
 129       -1.0747
 130       -1.0262
 131       -1.0142
 132       -0.9870
 133       -0.9870
 134       -0.9609
 135       -0.9582
 136       -0.9226
 137       -0.9226
 138       -0.8877
 139       -0.8431
 140       -0.8431
 141       -0.6461
 142       -0.6461
 143       -0.5689
 144       -0.5689
 145       -0.5584
 146       -0.5584
 147       -0.5551
 148       -0.5535
 149       -0.5535
 150       -0.5323
 151       -0.5323
 152       -0.5279
 153       -0.5279
 154       -0.5269
 155       -0.5269
 156       -0.5189
 157       -0.5189
 158       -0.5105
 159       -0.4938
 160       -0.4938
 161       -0.4810
 162       -0.4777
 163       -0.4730
 164       -0.4730
 165       -0.4473
 166       -0.4473
 167       -0.4468
 168       -0.4396
 169        1.5422
 170        1.5422
 171        1.9001
 172        1.9001
 173        2.0060
 174        2.4820
 175        2.4820
 176        2.7019
 177        2.7019
 178        2.8238
 179        3.1073
 180        3.1073
 181        3.7766
 182        3.9656
 183        3.9656
 184        4.0108
 185        4.0108
 186        4.4156
 187        4.4156
 188        4.5779
 189        5.1138
 190        5.1138
 191        5.3308
 192        5.3308
 193        5.8705
 194        6.0826
 195        6.1807
 196        6.1807
 197        6.8742
 198        6.8742
 199        7.1178
 200        7.1178
 201        7.8998
 202        7.8999
 203        7.9976
 204        7.9978
 205        8.3467
 206        8.3483
 207        8.4002
 208        8.4061
 209        9.1127
 210        9.1877
 211        9.5439
 212       10.0319
 
  0.4375000E+00  0.4375000E+00  0.3125000E+00  0.4687500E-01
   1       -3.4565
   2       -3.2802
   3       -3.2802
   4       -3.1540
   5       -3.0976
   6       -3.0922
   7       -3.0733
   8       -3.0733
   9       -2.9256
  10       -2.9164
  11       -2.9164
  12       -2.8656
  13       -2.8656
  14       -2.8607
  15       -2.8607
  16       -2.8542
  17       -2.8397
  18       -2.8397
  19       -2.8297
  20       -2.8224
  21       -2.8224
  22       -2.8194
  23       -2.8170
  24       -2.8170
  25       -2.8026
  26       -2.8026
  27       -2.7765
  28       -2.7765
  29       -2.7745
  30       -2.7745
  31       -2.7648
  32       -2.7648
  33       -2.6475
  34       -2.6475
  35       -2.6056
  36       -2.5482
  37       -2.5482
  38       -2.5217
  39       -2.5217
  40       -2.4826
  41       -2.4826
  42       -2.4239
  43       -2.4239
  44       -2.3719
  45       -2.3282
  46       -2.3282
  47       -2.3109
  48       -2.2612
  49       -2.2612
  50       -2.2608
  51       -2.2608
  52       -2.2167
  53       -2.2167
  54       -2.2136
  55       -2.2136
  56       -2.1646
  57       -2.0016
  58       -1.9934
  59       -1.9934
  60       -1.9353
  61       -1.8574
  62       -1.8472
  63       -1.8424
  64       -1.8424
  65       -1.8233
  66       -1.7897
  67       -1.7861
  68       -1.7861
  69       -1.7795
  70       -1.7602
  71       -1.7602
  72       -1.7557
  73       -1.7544
  74       -1.7502
  75       -1.7502
  76       -1.7174
  77       -1.7078
  78       -1.6692
  79       -1.6692
  80       -1.6599
  81       -1.6599
  82       -1.6548
  83       -1.6548
  84       -1.6176
  85       -1.6176
  86       -1.6091
  87       -1.5999
  88       -1.5999
  89       -1.5701
  90       -1.5641
  91       -1.5641
  92       -1.5428
  93       -1.5354
  94       -1.5109
  95       -1.5109
  96       -1.4977
  97       -1.4977
  98       -1.4747
  99       -1.4747
 100       -1.4612
 101       -1.4612
 102       -1.4306
 103       -1.4306
 104       -1.4261
 105       -1.4261
 106       -1.3846
 107       -1.3846
 108       -1.3682
 109       -1.3593
 110       -1.3593
 111       -1.2995
 112       -1.2995
 113       -1.2965
 114       -1.2637
 115       -1.2637
 116       -1.2057
 117       -1.1915
 118       -1.1896
 119       -1.1884
 120       -1.1792
 121       -1.1792
 122       -1.1723
 123       -1.1723
 124       -1.1321
 125       -1.1321
 126       -1.1066
 127       -1.1066
 128       -1.0700
 129       -1.0700
 130       -1.0652
 131       -1.0314
 132       -1.0199
 133       -1.0199
 134       -0.9849
 135       -0.9849
 136       -0.9722
 137       -0.9722
 138       -0.9323
 139       -0.8966
 140       -0.8396
 141       -0.8384
 142       -0.7600
 143       -0.7139
 144       -0.7139
 145       -0.5294
 146       -0.5235
 147       -0.5235
 148       -0.5116
 149       -0.5116
 150       -0.5097
 151       -0.5097
 152       -0.5095
 153       -0.5095
 154       -0.4981
 155       -0.4981
 156       -0.4966
 157       -0.4966
 158       -0.4947
 159       -0.4947
 160       -0.4922
 161       -0.4847
 162       -0.4847
 163       -0.4823
 164       -0.4823
 165       -0.4790
 166       -0.4648
 167       -0.4561
 168       -0.4561
 169        1.7903
 170        2.1065
 171        2.1065
 172        2.3145
 173        2.3145
 174        2.3763
 175        2.6858
 176        2.6858
 177        3.1459
 178        3.1459
 179        3.3053
 180        3.3053
 181        3.5315
 182        3.5315
 183        3.5421
 184        3.5421
 185        4.1871
 186        4.1871
 187        4.3212
 188        4.4314
 189        4.4314
 190        4.6962
 191        4.6962
 192        5.0290
 193        6.3938
 194        6.3938
 195        6.7180
 196        6.7180
 197        6.8001
 198        7.1417
 199        7.1417
 200        7.4861
 201        7.4862
 202        7.5657
 203        7.5657
 204        7.8303
 205        8.3181
 206        8.6197
 207        8.6348
 208        8.6894
 209        8.7267
 210        9.0639
 211        9.1038
 212        9.4340
 
  0.4375000E+00  0.4375000E+00  0.4375000E+00  0.1562500E-01
   1       -3.3454
   2       -3.2189
   3       -3.2189
   4       -3.2189
   5       -3.1482
   6       -3.1482
   7       -3.1482
   8       -3.1296
   9       -2.8901
  10       -2.8901
  11       -2.8901
  12       -2.8555
  13       -2.8555
  14       -2.8555
  15       -2.8385
  16       -2.8385
  17       -2.8385
  18       -2.8385
  19       -2.8385
  20       -2.8385
  21       -2.8269
  22       -2.8269
  23       -2.8269
  24       -2.8234
  25       -2.8234
  26       -2.8234
  27       -2.8234
  28       -2.8234
  29       -2.8234
  30       -2.8163
  31       -2.8163
  32       -2.8163
  33       -2.5310
  34       -2.5310
  35       -2.5310
  36       -2.4315
  37       -2.4315
  38       -2.4315
  39       -2.4151
  40       -2.4151
  41       -2.4151
  42       -2.4151
  43       -2.4151
  44       -2.4151
  45       -2.3247
  46       -2.3247
  47       -2.3247
  48       -2.3247
  49       -2.3247
  50       -2.3247
  51       -2.3194
  52       -2.3194
  53       -2.3194
  54       -2.2483
  55       -2.2483
  56       -2.2483
  57       -1.8898
  58       -1.8447
  59       -1.8447
  60       -1.8447
  61       -1.8196
  62       -1.8196
  63       -1.8179
  64       -1.8179
  65       -1.8179
  66       -1.7956
  67       -1.7956
  68       -1.7956
  69       -1.7928
  70       -1.7928
  71       -1.7825
  72       -1.7825
  73       -1.7825
  74       -1.7415
  75       -1.7415
  76       -1.7415
  77       -1.6001
  78       -1.6001
  79       -1.6001
  80       -1.6001
  81       -1.6001
  82       -1.6001
  83       -1.5916
  84       -1.5916
  85       -1.5916
  86       -1.5780
  87       -1.5780
  88       -1.5780
  89       -1.5655
  90       -1.5655
  91       -1.5655
  92       -1.5295
  93       -1.5295
  94       -1.5295
  95       -1.5295
  96       -1.5295
  97       -1.5295
  98       -1.4983
  99       -1.4983
 100       -1.4983
 101       -1.4296
 102       -1.4296
 103       -1.4296
 104       -1.3901
 105       -1.3901
 106       -1.3901
 107       -1.3192
 108       -1.3192
 109       -1.3192
 110       -1.3192
 111       -1.3192
 112       -1.3192
 113       -1.3172
 114       -1.3172
 115       -1.3172
 116       -1.3090
 117       -1.2552
 118       -1.2552
 119       -1.2552
 120       -1.2100
 121       -1.2100
 122       -1.2100
 123       -1.2100
 124       -1.2100
 125       -1.2100
 126       -1.1404
 127       -1.1404
 128       -1.1404
 129       -1.1007
 130       -1.1007
 131       -1.0871
 132       -1.0871
 133       -1.0871
 134       -1.0727
 135       -1.0727
 136       -1.0727
 137       -1.0008
 138       -1.0008
 139       -1.0008
 140       -0.9539
 141       -0.9539
 142       -0.9035
 143       -0.9035
 144       -0.9035
 145       -0.4916
 146       -0.4916
 147       -0.4916
 148       -0.4757
 149       -0.4757
 150       -0.4757
 151       -0.4757
 152       -0.4757
 153       -0.4757
 154       -0.4755
 155       -0.4755
 156       -0.4755
 157       -0.4755
 158       -0.4755
 159       -0.4755
 160       -0.4735
 161       -0.4735
 162       -0.4735
 163       -0.4622
 164       -0.4622
 165       -0.4622
 166       -0.4537
 167       -0.4537
 168       -0.4537
 169        2.5848
 170        2.5848
 171        2.5848
 172        2.9191
 173        2.9191
 174        2.9191
 175        2.9191
 176        2.9191
 177        2.9191
 178        3.2101
 179        3.2101
 180        3.2101
 181        3.4355
 182        3.4355
 183        3.4355
 184        3.7881
 185        3.7881
 186        3.7881
 187        3.7881
 188        3.7881
 189        3.7881
 190        4.0988
 191        4.0988
 192        4.0988
 193        7.0686
 194        7.0686
 195        7.0689
 196        7.4146
 197        7.4152
 198        7.4162
 199        7.8418
 200        7.8418
 201        7.8420
 202        7.8430
 203        7.8680
 204        7.8937
 205        8.1957
 206        8.1957
 207        8.1975
 208        8.2136
 209        8.2730
 210        8.4944
 211        8.6350
 212        8.7967
