2.5000000000000002e-08 1.1398734084139897e+22 1.8876991526042419e+21 9.511034931535654e+21
2.5020000000000002e-08 1.1273203372449484e+22 1.8683732761060516e+21 9.404830096343432e+21
2.504e-08 1.114912744095995e+22 1.8492609840709734e+21 9.299866456888978e+21
2.506e-08 1.1026488474833902e+22 1.830359744245458e+21 9.196128730588444e+21
2.508e-08 1.0905268889859287e+22 1.81166705641781e+21 9.093601833441477e+21
2.5100000000000003e-08 1.0785451329296557e+22 1.793180451987352e+21 8.992270877309205e+21
2.5120000000000003e-08 1.0667018660771292e+22 1.774897493539725e+21 8.892121167231568e+21
2.5140000000000002e-08 1.0549953973211458e+22 1.7568157744282093e+21 8.793138198783249e+21
2.516e-08 1.043424057382889e+22 1.7389329183610254e+21 8.695307655467864e+21
2.518e-08 1.0319861985144031e+22 1.7212465789944665e+21 8.598615406149565e+21
2.52e-08 1.0206801942053615e+22 1.7037544395318362e+21 8.503047502521778e+21
2.522e-08 1.0095044388940197e+22 1.686454212328039e+21 8.408590176612158e+21
2.524e-08 9.984573476823382e+21 1.6693436384998056e+21 8.315229838323576e+21
2.5260000000000003e-08 9.875373560551715e+21 1.652420487541399e+21 8.222953073010317e+21
2.5280000000000002e-08 9.767429196034953e+21 1.6356825569457977e+21 8.131746639089155e+21
2.53e-08 9.66072513751575e+21 1.6191276718311935e+21 8.041597465684557e+21
2.532e-08 9.555246334880562e+21 1.6027536845727872e+21 7.952492650307774e+21
2.534e-08 9.450977931008925e+21 1.5865584744397844e+21 7.864419456569141e+21
2.536e-08 9.347905259160492e+21 1.5705399472374877e+21 7.777365311923004e+21
2.538e-08 9.246013840399504e+21 1.5546960349544514e+21 7.691317805445052e+21
2.54e-08 9.145289381055843e+21 1.5390246954145892e+21 7.606264685641254e+21
2.5420000000000002e-08 9.045717770222384e+21 1.523523911934187e+21 7.522193858288197e+21
2.544e-08 8.947285077287999e+21 1.5081916929837428e+21 7.439093384304256e+21
2.546e-08 8.849977549505379e+21 1.4930260718545126e+21 7.356951477650867e+21
2.548e-08 8.753781609593902e+21 1.4780251063298087e+21 7.275756503264093e+21
2.55e-08 8.658683853376061e+21 1.4631868783608264e+21 7.195496975015235e+21
2.552e-08 8.564671047447899e+21 1.448509493747091e+21 7.116161553700808e+21
2.554e-08 8.471730126882104e+21 1.433991081821311e+21 7.037739045060793e+21
2.556e-08 8.379848192963896e+21 1.4196297951386827e+21 6.960218397825213e+21
2.5579999999999998e-08 8.289012510958938e+21 1.4054238091705264e+21 6.883588701788411e+21
2.56e-08 8.199210507912716e+21 1.391371322002185e+21 6.807839185910531e+21
2.562e-08 8.110429770481314e+21 1.3774705540351824e+21 6.732959216446131e+21
2.564e-08 8.02265804279247e+21 1.363719747693475e+21 6.658938295098995e+21
2.566e-08 7.935883224337166e+21 1.3501171671338488e+21 6.585766057203317e+21
2.568e-08 7.850093367890786e+21 1.336661097960317e+21 6.513432269930469e+21
2.57e-08 7.765276677463684e+21 1.3233498469425152e+21 6.441926830521168e+21
2.5719999999999998e-08 7.681421506280551e+21 1.3101817417379873e+21 6.371239764542564e+21
2.5739999999999998e-08 7.598516354788253e+21 1.2971551306183428e+21 6.30136122416991e+21
2.576e-08 7.516549868691757e+21 1.284268382199217e+21 6.23228148649254e+21
2.578e-08 7.43551083701762e+21 1.2715198851739757e+21 6.163990951843645e+21
2.58e-08 7.355388190204642e+21 1.258908048051096e+21 6.096480142153545e+21
2.582e-08 7.276170998221392e+21 1.2464312988952046e+21 6.029739699326188e+21
2.584e-08 7.197848468710135e+21 1.2340880850716878e+21 5.963760383638447e+21
2.5859999999999998e-08 7.120409945156723e+21 1.2218768729948325e+21 5.898533072161891e+21
2.5879999999999997e-08 7.043844905086184e+21 1.2097961478794523e+21 5.834048757206731e+21
2.5899999999999997e-08 6.96814295828353e+21 1.1978444134959415e+21 5.770298544787589e+21
2.592e-08 6.893293845039436e+21 1.1860201919286985e+21 5.707273653110738e+21
2.594e-08 6.819287434420517e+21 1.1743220233378978e+21 5.644965411082619e+21
2.596e-08 6.746113722563614e+21 1.1627484657245171e+21 5.583365256839097e+21
2.598e-08 6.673762830994062e+21 1.1512980946986285e+21 5.522464736295433e+21
2.5999999999999998e-08 6.602225004967268e+21 1.139969503250848e+21 5.46225550171642e+21
