2.5000000000000002e-08 114263.60195362974 120351.52178462793 -4004.8565614259305 -3535.937418376391 1452.874148804148
2.5020000000000002e-08 112891.20089261133 118779.84449888938 -3810.505490724892 -3524.2072928036473 1446.0691772504874
2.504e-08 111534.12135135927 117226.26285850168 -3618.9610703505105 -3512.474253705633 1439.293816913727
2.506e-08 110192.18998616074 115690.56895655165 -3430.1878630157926 -3500.7391082765093 1432.5480009013786
2.508e-08 108865.23549426462 114172.55735595859 -3244.1508740876707 -3489.002648865114 1425.831661258807
2.5100000000000003e-08 107553.08858863858 112672.02505875425 -3060.815545911967 -3477.2656532006463 1419.144728996931
2.5120000000000003e-08 106255.58197305573 111188.77147576546 -2880.1477522141226 -3465.528884615058 1412.4871341194564
2.5140000000000002e-08 104972.55031750357 109722.59839669055 -2702.1137925744383 -3453.7930922621576 1405.858805649606
2.516e-08 103703.83023391533 108273.30996056952 -2526.6803869770733 -3442.059011333518 1399.259671656387
2.518e-08 102449.26025221507 106840.7126266374 -2353.81467043152 -3430.327363271213 1392.689659280389
2.52e-08 101208.68079667637 105424.61514556057 -2183.4841876658734 -3418.5988559774446 1386.1486947591334
2.522e-08 99981.93416258467 104024.8285310441 -2015.65688789031 -3406.874184021075 1379.6367034519556
2.524e-08 98768.8644932054 102641.16603181257 -1850.3011196304733 -3395.1540288411697 1373.1536098644644
2.5260000000000003e-08 97569.31775704923 101273.44310395356 -1687.385625629369 -3383.439058947488 1366.6993376725352
2.5280000000000002e-08 96383.1417254325 99921.4773836217 -1526.8795378169823 -3371.729930118145 1360.2738097459182
2.53e-08 95210.18595032672 98585.088660096 -1368.752372346379 -3360.0272855942635 1353.8769481713794
2.532e-08 94050.30174249712 97264.09884918954 -1212.974024696055 -3348.3317562718375 1347.5086742754552
2.534e-08 92903.34214992252 95958.33196700343 -1059.5147648369132 -3336.643960890785 1341.1689086467877
2.536e-08 91769.16193649312 94667.61410401942 -908.3452324631453 -3324.964506221202 1334.8575711580652
2.538e-08 90647.61756098572 93391.77339953162 -759.4364322865456 -3313.2939872469174 1328.5745809875557
2.54e-08 89538.56715630712 92130.64001640587 -612.7597293926731 -3301.6329873463387 1322.3198566402648
2.5420000000000002e-08 88441.87050900795 90884.04611616861 -468.28684465871686 -3289.9820784706617 1316.0933159687045
2.544e-08 87357.38903906016 89651.82583441827 -325.9898502319181 -3278.3418213194677 1309.8948761932843
2.546e-08 86284.98577989134 88433.81525654986 -185.84116506711206 -3266.712765513756 1303.7244539223407
2.548e-08 85224.52535868181 87229.8523938005 -47.81355052406371 -3255.0954497664184 1297.5819651717889
2.55e-08 84175.8739769089 86039.77715959668 88.11989397807123 -3243.490402050255 1291.4673253844323
2.552e-08 83138.89939114689 84863.43134621327 221.98573524821475 -3231.898139763505 1285.3804494489086
2.554e-08 82113.47089410885 83700.65860172852 353.8102105550019 -3220.3191698929513 1279.3212517182917
2.556e-08 81099.4592959343 82551.30440727825 483.6192318023543 -3208.7539891746633 1273.2896460283591
2.5579999999999998e-08 80096.7369057163 81415.21605460293 611.438389650203 -3197.2030842523614 1267.2855457155142
2.56e-08 79105.17751326464 80292.24262388257 737.2929575811592 -3185.6669318334743 1261.3088636343848
2.562e-08 78124.65637110393 79182.23496185825 861.2078959134959 -3174.1459988429174 1255.359512175104
2.564e-08 77155.05017669979 78085.04566023237 983.2078557617813 -3162.640742574604 1249.4374032802527
2.566e-08 76196.23705491438 77000.52903434838 1103.3171829452558 -3151.151610840755 1243.5424484615066
2.568e-08 75248.09654068509 75928.54110214308 1221.559921845071 -3139.6790421190267 1237.6745588159722
2.57e-08 74310.50956192492 74868.93956336923 1337.9598192109322 -3128.2234656974624 1231.8336450422069
2.5719999999999998e-08 73383.35842264055 73821.58377908407 1452.5403279178827 -3116.7853018173514 1226.019617455957
2.5739999999999998e-08 72466.52678626576 72786.33475140017 1565.3246106739794 -3105.3649618139657 1220.2323860055849
2.576e-08 71559.89965920776 71763.05510349652 1676.3355436793095 -3093.9628482552807 1214.4718602872265
2.578e-08 70663.36337460262 70751.60905988436 1785.5957202372424 -3082.57935507862 1208.7379495596495
2.58e-08 69776.80557627737 69751.86242692536 1893.1274543184973 -3071.2148677253285 1203.030562758836
2.582e-08 68900.11520291583 68763.6825735983 1998.9527840786986 -3059.869763273464 1197.3496085122931
2.584e-08 68033.18247242649 67786.9384125121 2103.093475329862 -3048.5444105685515 1191.694995153091
2.5859999999999998e-08 67175.8988665083 66821.50038116037 2205.571024966737 -3037.239170352427 1186.0666307336369
2.5879999999999997e-08 66328.15711541228 65867.24042341487 2306.4066643484016 -3025.9543953901903 1180.4644230391875
2.5899999999999997e-08 65489.851182896826 64924.031971255194 2405.6213626358117 -3014.690430595283 1174.8882796010942
2.592e-08 64660.87625137287 63991.749926729906 2503.235830085919 -3003.44761315278 1169.3381077098168
2.594e-08 63841.128707238735 63070.27064414912 2599.2705213027884 -2992.2262726408408 1163.8138144276675
2.596e-08 63030.50612639829 62159.47191250072 2693.745638446632 -2981.026731150382 1158.3153066013201
2.598e-08 62228.90725996466 61259.2329380927 2786.6811344008975 -2969.8493034030175 1152.842490874077
2.5999999999999998e-08 61436.232020142925 60369.43432741395 2878.096715898344 -2958.6942968672615 1147.395273697899
