   32   32  100    1
  0.1921076E+02  0.8502857E-09  0.8502857E-09  0.8502857E-09  0.5000000E-15
  1.000000000000000E-004
  CAR 
 No title                                
  352    1  212
 
  0.2500000E+00  0.2500000E+00  0.2500000E+00  0.1000000E+01
   1       -3.8654
   2       -2.7216
   3       -2.7216
   4       -2.7216
   5       -2.0509
   6       -1.9686
   7       -1.9686
   8       -1.9686
   9       -1.6783
  10       -1.6783
  11       -1.6783
  12       -1.5276
  13       -1.5276
  14       -1.5276
  15       -1.4572
  16       -1.4572
  17       -1.4572
  18       -1.2544
  19       -1.2544
  20       -1.2544
  21       -1.1241
  22       -1.1241
  23       -1.1241
  24       -1.1241
  25       -1.1241
  26       -1.1241
  27       -1.0278
  28       -1.0278
  29       -1.0278
  30       -0.9775
  31       -0.9775
  32       -0.9775
  33       -0.9775
  34       -0.9775
  35       -0.9775
  36       -0.8597
  37       -0.8597
  38       -0.8597
  39       -0.6046
  40       -0.6046
  41       -0.6046
  42       -0.6046
  43       -0.6046
  44       -0.6046
  45       -0.3086
  46       -0.3086
  47       -0.3086
  48       -0.2436
  49       -0.2436
  50       -0.2436
  51       -0.1740
  52       -0.1740
  53       -0.1740
  54       -0.1740
  55       -0.1740
  56       -0.1740
  57       -0.0453
  58       -0.0453
  59       -0.0453
  60       -0.0157
  61       -0.0157
  62       -0.0157
  63       -0.0105
  64       -0.0105
  65       -0.0105
  66       -0.0105
  67       -0.0105
  68       -0.0105
  69        0.0707
  70        0.2541
  71        0.2541
  72        0.3241
  73        0.3241
  74        0.3677
  75        0.3677
  76        0.3677
  77        0.3911
  78        0.3911
  79        0.3911
  80        0.3911
  81        0.3911
  82        0.3911
  83        0.4335
  84        0.4335
  85        0.4335
  86        0.4504
  87        0.4504
  88        0.4504
  89        0.5162
  90        0.5162
  91        0.5162
  92        0.6025
  93        0.6025
  94        0.6025
  95        0.6342
  96        0.6342
  97        0.6342
  98        0.6767
  99        0.6767
 100        0.6767
 101        1.0168
 102        1.0168
 103        1.0168
 104        1.0556
 105        1.0556
 106        1.0556
 107        1.0556
 108        1.0556
 109        1.0556
 110        1.2506
 111        1.2506
 112        1.2506
 113        1.2541
 114        1.2541
 115        1.2541
 116        1.3406
 117        1.3406
 118        1.3406
 119        1.3444
 120        1.3444
 121        1.3444
 122        1.3735
 123        1.3735
 124        1.5019
 125        1.5019
 126        1.5019
 127        1.5019
 128        1.5019
 129        1.5019
 130        1.6650
 131        1.7485
 132        1.7485
 133        1.7485
 134        1.7703
 135        1.7703
 136        1.7703
 137        2.0111
 138        2.0111
 139        2.0111
 140        2.0111
 141        2.0111
 142        2.0111
 143        2.0151
 144        2.0151
 145        2.0151
 146        2.0667
 147        2.0667
 148        2.0667
 149        2.1037
 150        2.1037
 151        2.2497
 152        2.2497
 153        2.2497
 154        2.4098
 155        2.4098
 156        2.4098
 157        2.4316
 158        2.4316
 159        2.4316
 160        2.4316
 161        2.4316
 162        2.4316
 163        2.4686
 164        2.4686
 165        2.4686
 166        2.5386
 167        2.5386
 168        2.5386
 169        2.5722
 170        2.5722
 171        2.5722
 172        4.0957
 173        4.0957
 174        4.0957
 175        4.0957
 176        4.0957
 177        4.0957
 178        4.7050
 179        4.7050
 180        4.7050
 181        5.4411
 182        5.4411
 183        5.4411
 184        6.0101
 185        6.0101
 186        6.0101
 187        7.1078
 188        7.1078
 189        7.1078
 190        7.1078
 191        7.1078
 192        7.1078
 193        7.5004
 194        7.5004
 195        7.5004
 196        8.7441
 197        8.7441
 198        8.7441
 199        9.1783
 200        9.1783
 201        9.1783
 202        9.1783
 203        9.1783
 204        9.1783
 205       10.0012
 206       10.3362
 207       10.3362
 208       10.3362
 209       10.7999
 210       10.7999
 211       10.7999
 212       10.7999
