   32   32    1    1
  0.2035171E+02  0.8667961E-09  0.8667961E-09  0.8667961E-09  0.5000000E-15
  1.000000000000000E-004
  CAR 
 No title                                
  352    6  212
 
  0.0000000E+00  0.0000000E+00  0.0000000E+00  0.3703704E-01
   1       -4.4497
   2       -2.3511
   3       -2.3451
   4       -2.3451
   5       -2.3451
   6       -2.3451
   7       -2.3394
   8       -2.2185
   9       -2.2185
  10       -2.2185
  11       -2.2185
  12       -1.9682
  13       -1.9682
  14       -1.9681
  15       -1.7480
  16       -1.7480
  17       -1.7480
  18       -1.2472
  19       -1.2445
  20       -1.2445
  21       -1.2415
  22       -1.2413
  23       -1.2411
  24       -1.2410
  25       -1.2410
  26       -1.2407
  27       -1.2378
  28       -1.2378
  29       -1.2351
  30       -1.1096
  31       -1.1061
  32       -1.1061
  33       -1.1060
  34       -1.1060
  35       -1.1026
  36       -1.0439
  37       -1.0404
  38       -1.0404
  39       -1.0403
  40       -1.0403
  41       -1.0369
  42       -0.5859
  43       -0.5816
  44       -0.5816
  45       -0.5794
  46       -0.5793
  47       -0.5793
  48       -0.5793
  49       -0.5793
  50       -0.5792
  51       -0.5775
  52       -0.5775
  53       -0.5735
  54       -0.5265
  55       -0.5265
  56       -0.5227
  57       -0.5227
  58       -0.5227
  59       -0.5227
  60       -0.5226
  61       -0.5226
  62       -0.5226
  63       -0.5220
  64       -0.5184
  65       -0.5184
  66       -0.2956
  67       -0.2896
  68       -0.2893
  69       -0.2893
  70       -0.2889
  71       -0.2889
  72       -0.2889
  73       -0.2889
  74       -0.2885
  75       -0.2885
  76       -0.2884
  77       -0.2826
  78       -0.2445
  79       -0.2443
  80       -0.2443
  81       -0.2443
  82       -0.2442
  83       -0.2442
  84       -0.2442
  85       -0.2438
  86       -0.2265
  87       -0.2265
  88       -0.2264
  89        0.3461
  90        0.3493
  91        0.3496
  92        0.3496
  93        0.3497
  94        0.3531
  95        0.4677
  96        0.4693
  97        0.4711
  98        0.4711
  99        0.4720
 100        0.4720
 101        0.4720
 102        0.4720
 103        0.4730
 104        0.4730
 105        0.4752
 106        0.4761
 107        0.6919
 108        0.6919
 109        0.6963
 110        0.6963
 111        0.6965
 112        0.6966
 113        0.6966
 114        0.6967
 115        0.6969
 116        0.6969
 117        0.7010
 118        0.7010
 119        0.8127
 120        0.8156
 121        0.8156
 122        0.8157
 123        0.8157
 124        0.8187
 125        0.8784
 126        0.8792
 127        0.8865
 128        0.8865
 129        0.8906
 130        0.8912
 131        0.8913
 132        0.8913
 133        0.8913
 134        0.8915
 135        0.8921
 136        0.8924
 137        0.8966
 138        0.8966
 139        1.2831
 140        1.2852
 141        1.2853
 142        1.2853
 143        1.2853
 144        1.2873
 145        1.7196
 146        1.7196
 147        1.7197
 148        1.7552
 149        1.7553
 150        1.7553
 151        1.7553
 152        1.7553
 153        1.7553
 154        1.7553
 155        1.7554
 156        1.9862
 157        1.9869
 158        1.9871
 159        1.9871
 160        1.9871
 161        1.9871
 162        1.9880
 163        1.9882
 164        1.9882
 165        1.9883
 166        1.9883
 167        1.9891
 168        3.2184
 169        3.2201
 170        3.2201
 171        3.2214
 172        3.2221
 173        3.2221
 174        3.2222
 175        3.2222
 176        3.2231
 177        3.2243
 178        3.2243
 179        3.2259
 180        3.4806
 181        3.4806
 182        3.4807
 183        3.4807
 184        5.1697
 185        5.1697
 186        5.1699
 187        5.9100
 188        5.9100
 189        5.9100
 190        5.9101
 191        7.5657
 192        7.5659
 193        7.5660
 194        7.5661
 195        7.5661
 196        7.5664
 197        8.1896
 198        8.1897
 199        8.1898
 200        9.4475
 201        9.4475
 202        9.4533
 203        9.4533
 204        9.4540
 205        9.4540
 206        9.4541
 207        9.4542
 208        9.4547
 209        9.4547
 210        9.4604
 211        9.4604
 212       11.3154
 
  0.3333333E+00  0.1654361E-23  0.8271806E-24  0.7407407E-01
   1       -4.1744
   2       -3.3915
   3       -2.1525
   4       -2.1523
   5       -2.1523
   6       -2.1523
   7       -2.0737
   8       -2.0737
   9       -2.0737
  10       -2.0737
  11       -1.8922
  12       -1.8183
  13       -1.8015
  14       -1.8013
  15       -1.6760
  16       -1.6760
  17       -1.6757
  18       -1.6757
  19       -1.6628
  20       -1.6623
  21       -1.6622
  22       -1.6622
  23       -1.6579
  24       -1.6098
  25       -1.6098
  26       -1.4054
  27       -1.3884
  28       -1.3884
  29       -1.1980
  30       -1.1980
  31       -1.0012
  32       -1.0006
  33       -1.0005
  34       -1.0005
  35       -0.9898
  36       -0.9898
  37       -0.9898
  38       -0.9892
  39       -0.9643
  40       -0.9643
  41       -0.9643
  42       -0.9642
  43       -0.7715
  44       -0.7715
  45       -0.7715
  46       -0.7714
  47       -0.6492
  48       -0.6332
  49       -0.6332
  50       -0.6332
  51       -0.6331
  52       -0.5678
  53       -0.5678
  54       -0.5678
  55       -0.5678
  56       -0.5130
  57       -0.5111
  58       -0.5111
  59       -0.5110
  60       -0.5039
  61       -0.5037
  62       -0.5037
  63       -0.5019
  64       -0.4014
  65       -0.4014
  66       -0.4014
  67       -0.4014
  68       -0.3431
  69       -0.2930
  70       -0.2929
  71       -0.2929
  72       -0.2929
  73       -0.2568
  74       -0.2567
  75       -0.2567
  76       -0.2565
  77       -0.1336
  78       -0.1335
  79       -0.1335
  80       -0.1334
  81       -0.1164
  82       -0.1164
  83       -0.0038
  84       -0.0037
  85       -0.0037
  86       -0.0037
  87        0.1711
  88        0.1712
  89        0.1712
  90        0.1713
  91        0.2039
  92        0.2039
  93        0.2295
  94        0.2296
  95        0.2296
  96        0.2296
  97        0.3826
  98        0.3826
  99        0.4706
 100        0.6476
 101        0.6477
 102        0.6478
 103        0.6478
 104        0.6919
 105        0.6919
 106        0.6919
 107        0.6920
 108        0.7175
 109        0.7175
 110        0.7175
 111        0.7176
 112        0.7280
 113        0.7281
 114        0.7281
 115        0.7281
 116        0.7581
 117        0.8436
 118        0.8437
 119        0.8438
 120        0.8438
 121        0.8634
 122        0.8634
 123        0.8635
 124        0.8635
 125        0.9319
 126        1.0787
 127        1.1139
 128        1.1141
 129        1.2111
 130        1.2112
 131        1.2112
 132        1.2112
 133        1.2284
 134        1.2284
 135        1.2285
 136        1.2286
 137        1.2758
 138        1.2758
 139        1.2842
 140        1.2949
 141        1.2949
 142        1.2949
 143        1.2950
 144        1.3961
 145        1.3961
 146        1.4985
 147        1.5390
 148        1.5393
 149        1.5393
 150        1.5393
 151        1.5477
 152        1.5481
 153        1.6070
 154        1.6070
 155        1.6070
 156        1.6071
 157        1.6596
 158        1.7680
 159        1.7680
 160        1.7680
 161        1.7680
 162        1.7795
 163        1.7795
 164        1.9863
 165        1.9872
 166        1.9878
 167        1.9890
 168        2.2800
 169        2.2800
 170        2.2800
 171        2.2800
 172        3.2494
 173        3.2498
 174        3.2499
 175        3.2499
 176        3.3476
 177        3.3479
 178        3.3479
 179        3.3479
 180        3.3809
 181        4.5254
 182        4.5254
 183        4.5255
 184        4.5255
 185        5.9737
 186        5.9737
 187        6.2923
 188        6.2923
 189        6.2923
 190        6.2923
 191        6.9679
 192        6.9679
 193        6.9679
 194        6.9679
 195        7.6035
 196        7.6035
 197        7.7145
 198        7.7146
 199        8.0274
 200        8.0275
 201        9.1782
 202        9.1782
 203        9.1782
 204        9.1782
 205        9.7366
 206        9.7366
 207        9.7366
 208        9.7366
 209        9.9193
 210        9.9194
 211        9.9194
 212        9.9194
 
  0.0000000E+00  0.3333333E+00  0.1654361E-23  0.1481481E+00
   1       -4.1743
   2       -3.3915
   3       -2.1569
   4       -2.1523
   5       -2.1523
   6       -2.1480
   7       -2.0741
   8       -2.0739
   9       -2.0735
  10       -2.0733
  11       -1.8922
  12       -1.8181
  13       -1.8015
  14       -1.8014
  15       -1.6802
  16       -1.6761
  17       -1.6759
  18       -1.6721
  19       -1.6630
  20       -1.6627
  21       -1.6620
  22       -1.6608
  23       -1.6579
  24       -1.6099
  25       -1.6098
  26       -1.4053
  27       -1.3885
  28       -1.3884
  29       -1.1981
  30       -1.1980
  31       -1.0030
  32       -1.0010
  33       -1.0006
  34       -0.9984
  35       -0.9918
  36       -0.9901
  37       -0.9896
  38       -0.9876
  39       -0.9669
  40       -0.9642
  41       -0.9641
  42       -0.9614
  43       -0.7741
  44       -0.7714
  45       -0.7714
  46       -0.7688
  47       -0.6491
  48       -0.6359
  49       -0.6332
  50       -0.6332
  51       -0.6305
  52       -0.5705
  53       -0.5680
  54       -0.5678
  55       -0.5653
  56       -0.5154
  57       -0.5110
  58       -0.5109
  59       -0.5080
  60       -0.5065
  61       -0.5039
  62       -0.5038
  63       -0.4998
  64       -0.4031
  65       -0.4016
  66       -0.4014
  67       -0.4000
  68       -0.3432
  69       -0.2940
  70       -0.2932
  71       -0.2927
  72       -0.2921
  73       -0.2590
  74       -0.2566
  75       -0.2565
  76       -0.2542
  77       -0.1340
  78       -0.1333
  79       -0.1333
  80       -0.1327
  81       -0.1164
  82       -0.1163
  83       -0.0066
  84       -0.0037
  85       -0.0037
  86       -0.0008
  87        0.1703
  88        0.1713
  89        0.1713
  90        0.1722
  91        0.2038
  92        0.2039
  93        0.2281
  94        0.2289
  95        0.2303
  96        0.2310
  97        0.3825
  98        0.3825
  99        0.4704
 100        0.6457
 101        0.6476
 102        0.6476
 103        0.6494
 104        0.6884
 105        0.6920
 106        0.6921
 107        0.6947
 108        0.7146
 109        0.7168
 110        0.7175
 111        0.7206
 112        0.7266
 113        0.7281
 114        0.7289
 115        0.7301
 116        0.7581
 117        0.8420
 118        0.8438
 119        0.8440
 120        0.8458
 121        0.8616
 122        0.8634
 123        0.8634
 124        0.8652
 125        0.9321
 126        1.0789
 127        1.1138
 128        1.1139
 129        1.2098
 130        1.2105
 131        1.2118
 132        1.2126
 133        1.2262
 134        1.2285
 135        1.2285
 136        1.2308
 137        1.2758
 138        1.2760
 139        1.2840
 140        1.2932
 141        1.2950
 142        1.2950
 143        1.2966
 144        1.3959
 145        1.3960
 146        1.4986
 147        1.5377
 148        1.5393
 149        1.5393
 150        1.5410
 151        1.5478
 152        1.5478
 153        1.6057
 154        1.6069
 155        1.6070
 156        1.6083
 157        1.6596
 158        1.7674
 159        1.7680
 160        1.7681
 161        1.7685
 162        1.7794
 163        1.7795
 164        1.9874
 165        1.9874
 166        1.9880
 167        1.9880
 168        2.2782
 169        2.2800
 170        2.2800
 171        2.2817
 172        3.2479
 173        3.2491
 174        3.2507
 175        3.2519
 176        3.3461
 177        3.3464
 178        3.3493
 179        3.3498
 180        3.3803
 181        4.5231
 182        4.5254
 183        4.5254
 184        4.5278
 185        5.9737
 186        5.9738
 187        6.2905
 188        6.2923
 189        6.2923
 190        6.2941
 191        6.9652
 192        6.9677
 193        6.9681
 194        6.9706
 195        7.6034
 196        7.6035
 197        7.7145
 198        7.7146
 199        8.0274
 200        8.0275
 201        9.1760
 202        9.1781
 203        9.1788
 204        9.1805
 205        9.7339
 206        9.7364
 207        9.7366
 208        9.7392
 209        9.9195
 210        9.9213
 211       10.3011
 212       10.3018
 
  0.3333333E+00  0.3333333E+00  0.1654361E-23  0.2962963E+00
   1       -3.9101
   2       -3.1630
   3       -3.1587
   4       -2.5223
   5       -2.0985
   6       -2.0984
   7       -2.0781
   8       -2.0779
   9       -1.9002
  10       -1.8989
  11       -1.8982
  12       -1.8967
  13       -1.8139
  14       -1.8139
  15       -1.7182
  16       -1.7180
  17       -1.7162
  18       -1.6264
  19       -1.6241
  20       -1.5276
  21       -1.5270
  22       -1.4199
  23       -1.4102
  24       -1.4074
  25       -1.3632
  26       -1.3621
  27       -1.3597
  28       -1.3585
  29       -1.2967
  30       -1.2965
  31       -1.2948
  32       -1.2796
  33       -1.2777
  34       -1.1395
  35       -1.1382
  36       -1.1240
  37       -1.1224
  38       -0.9954
  39       -0.9928
  40       -0.9864
  41       -0.9861
  42       -0.9789
  43       -0.9778
  44       -0.8910
  45       -0.8909
  46       -0.7719
  47       -0.7718
  48       -0.6356
  49       -0.6341
  50       -0.6335
  51       -0.6322
  52       -0.6307
  53       -0.6214
  54       -0.6176
  55       -0.6156
  56       -0.4616
  57       -0.4616
  58       -0.4123
  59       -0.4107
  60       -0.3770
  61       -0.3088
  62       -0.3069
  63       -0.3064
  64       -0.3047
  65       -0.2545
  66       -0.2544
  67       -0.2186
  68       -0.2185
  69       -0.2156
  70       -0.2155
  71       -0.2054
  72       -0.2054
  73       -0.1037
  74       -0.1037
  75       -0.0771
  76       -0.0591
  77       -0.0590
  78       -0.0476
  79       -0.0082
  80       -0.0004
  81        0.0629
  82        0.0635
  83        0.0665
  84        0.0704
  85        0.0752
  86        0.0762
  87        0.0766
  88        0.0776
  89        0.0823
  90        0.0826
  91        0.2054
  92        0.2085
  93        0.2255
  94        0.2265
  95        0.2276
  96        0.2286
  97        0.2986
  98        0.2993
  99        0.3323
 100        0.3426
 101        0.3470
 102        0.3814
 103        0.3815
 104        0.4421
 105        0.4436
 106        0.4454
 107        0.4469
 108        0.4913
 109        0.5861
 110        0.5877
 111        0.6794
 112        0.6794
 113        0.7324
 114        0.7327
 115        0.7360
 116        0.7445
 117        0.7446
 118        0.8308
 119        0.9359
 120        1.0308
 121        1.0320
 122        1.0455
 123        1.0462
 124        1.0482
 125        1.0494
 126        1.0929
 127        1.1522
 128        1.1549
 129        1.1837
 130        1.1859
 131        1.2519
 132        1.2525
 133        1.2538
 134        1.2548
 135        1.2637
 136        1.2664
 137        1.2702
 138        1.2721
 139        1.3560
 140        1.3583
 141        1.4088
 142        1.4096
 143        1.4102
 144        1.4454
 145        1.4741
 146        1.4741
 147        1.5212
 148        1.5218
 149        1.5218
 150        1.5223
 151        1.5809
 152        1.5820
 153        1.5827
 154        1.6796
 155        1.6796
 156        1.7003
 157        1.7003
 158        1.7038
 159        1.7039
 160        1.7716
 161        1.7728
 162        1.7746
 163        1.7758
 164        1.7771
 165        1.7787
 166        1.8436
 167        2.2260
 168        2.2265
 169        2.2280
 170        2.2284
 171        2.2983
 172        2.2983
 173        2.3524
 174        2.3534
 175        3.4331
 176        3.4338
 177        4.1434
 178        4.1449
 179        4.7706
 180        4.7722
 181        4.7722
 182        4.7738
 183        5.0156
 184        5.0156
 185        5.3078
 186        5.3103
 187        5.7594
 188        5.9382
 189        5.9382
 190        6.3648
 191        6.3648
 192        6.6384
 193        7.0914
 194        7.0925
 195        7.4961
 196        7.4961
 197        7.7568
 198        7.8481
 199        7.8493
 200        7.8500
 201        7.8512
 202        8.1294
 203        8.1334
 204        8.7178
 205        8.7178
 206        9.4398
 207        9.8036
 208        9.8047
 209        9.9048
 210       10.2058
 211       10.2346
 212       10.2412
 
  0.0000000E+00  0.3333333E+00  0.3333333E+00  0.1481481E+00
   1       -3.9101
   2       -3.1609
   3       -3.1608
   4       -2.5224
   5       -2.0989
   6       -2.0982
   7       -2.0797
   8       -2.0762
   9       -1.9009
  10       -1.8991
  11       -1.8979
  12       -1.8960
  13       -1.8140
  14       -1.8139
  15       -1.7181
  16       -1.7181
  17       -1.7162
  18       -1.6253
  19       -1.6253
  20       -1.5273
  21       -1.5273
  22       -1.4195
  23       -1.4091
  24       -1.4090
  25       -1.3611
  26       -1.3610
  27       -1.3607
  28       -1.3606
  29       -1.2966
  30       -1.2956
  31       -1.2955
  32       -1.2788
  33       -1.2787
  34       -1.1388
  35       -1.1388
  36       -1.1232
  37       -1.1232
  38       -0.9942
  39       -0.9941
  40       -0.9863
  41       -0.9862
  42       -0.9784
  43       -0.9783
  44       -0.8911
  45       -0.8910
  46       -0.7735
  47       -0.7703
  48       -0.6346
  49       -0.6339
  50       -0.6338
  51       -0.6336
  52       -0.6304
  53       -0.6207
  54       -0.6170
  55       -0.6169
  56       -0.4617
  57       -0.4617
  58       -0.4116
  59       -0.4115
  60       -0.3770
  61       -0.3085
  62       -0.3069
  63       -0.3064
  64       -0.3047
  65       -0.2557
  66       -0.2532
  67       -0.2203
  68       -0.2173
  69       -0.2168
  70       -0.2137
  71       -0.2054
  72       -0.2052
  73       -0.1056
  74       -0.1013
  75       -0.0772
  76       -0.0593
  77       -0.0590
  78       -0.0475
  79       -0.0085
  80       -0.0001
  81        0.0635
  82        0.0636
  83        0.0679
  84        0.0685
  85        0.0758
  86        0.0763
  87        0.0764
  88        0.0769
  89        0.0826
  90        0.0827
  91        0.2069
  92        0.2069
  93        0.2258
  94        0.2265
  95        0.2276
  96        0.2283
  97        0.2989
  98        0.2990
  99        0.3321
 100        0.3448
 101        0.3449
 102        0.3806
 103        0.3821
 104        0.4439
 105        0.4440
 106        0.4451
 107        0.4451
 108        0.4912
 109        0.5868
 110        0.5868
 111        0.6784
 112        0.6802
 113        0.7324
 114        0.7328
 115        0.7360
 116        0.7446
 117        0.7446
 118        0.8307
 119        0.9361
 120        1.0314
 121        1.0316
 122        1.0460
 123        1.0461
 124        1.0484
 125        1.0484
 126        1.0930
 127        1.1536
 128        1.1537
 129        1.1846
 130        1.1847
 131        1.2521
 132        1.2532
 133        1.2535
 134        1.2544
 135        1.2653
 136        1.2654
 137        1.2709
 138        1.2710
 139        1.3571
 140        1.3571
 141        1.4085
 142        1.4093
 143        1.4108
 144        1.4455
 145        1.4739
 146        1.4743
 147        1.5205
 148        1.5215
 149        1.5220
 150        1.5229
 151        1.5810
 152        1.5822
 153        1.5823
 154        1.6794
 155        1.6799
 156        1.7002
 157        1.7004
 158        1.7037
 159        1.7039
 160        1.7726
 161        1.7726
 162        1.7753
 163        1.7753
 164        1.7776
 165        1.7776
 166        1.8436
 167        2.2271
 168        2.2271
 169        2.2274
 170        2.2274
 171        2.2975
 172        2.2991
 173        2.3528
 174        2.3528
 175        3.4334
 176        3.4334
 177        4.1441
 178        4.1441
 179        4.7686
 180        4.7717
 181        4.7727
 182        4.7757
 183        5.0156
 184        5.0156
 185        5.3090
 186        5.3090
 187        5.7594
 188        5.9382
 189        5.9382
 190        6.3647
 191        6.3648
 192        6.6385
 193        7.0919
 194        7.0920
 195        7.4961
 196        7.4961
 197        7.7568
 198        7.8467
 199        7.8495
 200        7.8497
 201        7.8525
 202        8.1314
 203        8.1316
 204        8.7163
 205        8.7192
 206        9.4397
 207        9.8041
 208        9.8042
 209        9.9684
 210       10.2042
 211       10.2342
 212       10.2413
 
  0.3333333E+00  0.3333333E+00  0.3333333E+00  0.2962963E+00
   1       -3.6642
   2       -2.9796
   3       -2.9766
   4       -2.9738
   5       -2.4933
   6       -2.4910
   7       -2.4887
   8       -2.3620
   9       -1.7295
  10       -1.7292
  11       -1.7290
  12       -1.6534
  13       -1.6532
  14       -1.6530
  15       -1.6068
  16       -1.6048
  17       -1.6028
  18       -1.4771
  19       -1.4763
  20       -1.4743
  21       -1.4743
  22       -1.4725
  23       -1.4717
  24       -1.4003
  25       -1.3982
  26       -1.3964
  27       -1.3839
  28       -1.3831
  29       -1.3818
  30       -1.3817
  31       -1.3805
  32       -1.3797
  33       -1.3243
  34       -1.3236
  35       -1.3229
  36       -1.0636
  37       -1.0627
  38       -1.0618
  39       -0.9104
  40       -0.9089
  41       -0.9077
  42       -0.9077
  43       -0.9066
  44       -0.9052
  45       -0.6436
  46       -0.6420
  47       -0.6407
  48       -0.6227
  49       -0.6214
  50       -0.6203
  51       -0.6203
  52       -0.6194
  53       -0.6177
  54       -0.5138
  55       -0.5123
  56       -0.5107
  57       -0.4839
  58       -0.4837
  59       -0.4832
  60       -0.3672
  61       -0.3236
  62       -0.3216
  63       -0.3197
  64       -0.2233
  65       -0.2229
  66       -0.2213
  67       -0.2212
  68       -0.2198
  69       -0.2194
  70       -0.1056
  71       -0.1055
  72       -0.0414
  73       -0.0413
  74       -0.0060
  75       -0.0046
  76       -0.0031
  77        0.0372
  78        0.0382
  79        0.0392
  80        0.0566
  81        0.0570
  82        0.0574
  83        0.0859
  84        0.0861
  85        0.0882
  86        0.0883
  87        0.0903
  88        0.0906
  89        0.0995
  90        0.1003
  91        0.1012
  92        0.1133
  93        0.1146
  94        0.1160
  95        0.1441
  96        0.1465
  97        0.1490
  98        0.1872
  99        0.1873
 100        0.1873
 101        0.3683
 102        0.3700
 103        0.3715
 104        0.5248
 105        0.5625
 106        0.5649
 107        0.5670
 108        0.5805
 109        0.5808
 110        0.5827
 111        0.5827
 112        0.5848
 113        0.5849
 114        0.7744
 115        0.7767
 116        0.7792
 117        0.7958
 118        0.7964
 119        0.7972
 120        0.8060
 121        0.8077
 122        0.8096
 123        0.8510
 124        0.8511
 125        0.8760
 126        0.8781
 127        0.8801
 128        0.9322
 129        0.9332
 130        0.9342
 131        0.9343
 132        0.9352
 133        0.9364
 134        1.1347
 135        1.1364
 136        1.1379
 137        1.1904
 138        1.1904
 139        1.1905
 140        1.3391
 141        1.3391
 142        1.4926
 143        1.4938
 144        1.4950
 145        1.6353
 146        1.6355
 147        1.6361
 148        1.6483
 149        1.6496
 150        1.6499
 151        1.6500
 152        1.6503
 153        1.6515
 154        1.7464
 155        1.7467
 156        1.7470
 157        1.7596
 158        1.7606
 159        1.7610
 160        1.7611
 161        1.7615
 162        1.7625
 163        1.7856
 164        1.7857
 165        1.7860
 166        1.8602
 167        1.8602
 168        1.8604
 169        2.7031
 170        2.7046
 171        2.7061
 172        3.6306
 173        3.6321
 174        3.6333
 175        3.6334
 176        3.6346
 177        3.6361
 178        4.2638
 179        4.2648
 180        4.2657
 181        4.6672
 182        4.6686
 183        4.6699
 184        5.6686
 185        5.6710
 186        5.6719
 187        5.6719
 188        5.6728
 189        5.6752
 190        6.0938
 191        6.0939
 192        6.0939
 193        6.8234
 194        6.8257
 195        6.8281
 196        7.2174
 197        7.2190
 198        7.2206
 199        8.2744
 200        8.2749
 201        8.2768
 202        8.2768
 203        8.2787
 204        8.2793
 205        9.3672
 206        9.3674
 207        9.3693
 208        9.3693
 209        9.3713
 210        9.3715
 211        9.5565
 212        9.5565
