   32   32  100    1
  0.2035171E+02  0.8667961E-09  0.8667961E-09  0.8667961E-09  0.5000000E-15
  1.000000000000000E-004
  CAR 
 No title                                
  352    4  212
 
  0.0000000E+00  0.0000000E+00  0.0000000E+00  0.3703704E-01
   1       -4.4496
   2       -2.3451
   3       -2.3451
   4       -2.3451
   5       -2.3451
   6       -2.3451
   7       -2.3451
   8       -2.2185
   9       -2.2185
  10       -2.2185
  11       -2.2185
  12       -1.9682
  13       -1.9682
  14       -1.9682
  15       -1.7480
  16       -1.7480
  17       -1.7480
  18       -1.2411
  19       -1.2411
  20       -1.2411
  21       -1.2411
  22       -1.2411
  23       -1.2411
  24       -1.2411
  25       -1.2411
  26       -1.2411
  27       -1.2411
  28       -1.2411
  29       -1.2411
  30       -1.1061
  31       -1.1061
  32       -1.1061
  33       -1.1061
  34       -1.1061
  35       -1.1061
  36       -1.0404
  37       -1.0404
  38       -1.0404
  39       -1.0404
  40       -1.0404
  41       -1.0404
  42       -0.5794
  43       -0.5794
  44       -0.5794
  45       -0.5794
  46       -0.5794
  47       -0.5794
  48       -0.5794
  49       -0.5794
  50       -0.5794
  51       -0.5794
  52       -0.5794
  53       -0.5794
  54       -0.5227
  55       -0.5227
  56       -0.5227
  57       -0.5227
  58       -0.5227
  59       -0.5227
  60       -0.5227
  61       -0.5227
  62       -0.5227
  63       -0.5227
  64       -0.5227
  65       -0.5227
  66       -0.2890
  67       -0.2890
  68       -0.2890
  69       -0.2890
  70       -0.2890
  71       -0.2890
  72       -0.2890
  73       -0.2890
  74       -0.2890
  75       -0.2890
  76       -0.2890
  77       -0.2890
  78       -0.2444
  79       -0.2444
  80       -0.2444
  81       -0.2444
  82       -0.2444
  83       -0.2444
  84       -0.2444
  85       -0.2444
  86       -0.2265
  87       -0.2265
  88       -0.2265
  89        0.3496
  90        0.3496
  91        0.3496
  92        0.3496
  93        0.3496
  94        0.3496
  95        0.4719
  96        0.4719
  97        0.4719
  98        0.4719
  99        0.4719
 100        0.4719
 101        0.4719
 102        0.4719
 103        0.4719
 104        0.4719
 105        0.4719
 106        0.4719
 107        0.6965
 108        0.6965
 109        0.6965
 110        0.6965
 111        0.6965
 112        0.6965
 113        0.6965
 114        0.6965
 115        0.6965
 116        0.6965
 117        0.6965
 118        0.6965
 119        0.8156
 120        0.8156
 121        0.8156
 122        0.8156
 123        0.8156
 124        0.8156
 125        0.8790
 126        0.8790
 127        0.8912
 128        0.8912
 129        0.8912
 130        0.8912
 131        0.8912
 132        0.8912
 133        0.8912
 134        0.8912
 135        0.8912
 136        0.8912
 137        0.8912
 138        0.8912
 139        1.2851
 140        1.2851
 141        1.2851
 142        1.2851
 143        1.2851
 144        1.2851
 145        1.7195
 146        1.7195
 147        1.7195
 148        1.7552
 149        1.7552
 150        1.7552
 151        1.7552
 152        1.7552
 153        1.7552
 154        1.7552
 155        1.7552
 156        1.9869
 157        1.9869
 158        1.9869
 159        1.9869
 160        1.9869
 161        1.9869
 162        1.9881
 163        1.9881
 164        1.9881
 165        1.9881
 166        1.9881
 167        1.9881
 168        3.2221
 169        3.2221
 170        3.2221
 171        3.2221
 172        3.2221
 173        3.2221
 174        3.2221
 175        3.2221
 176        3.2221
 177        3.2221
 178        3.2221
 179        3.2221
 180        3.4806
 181        3.4806
 182        3.4806
 183        3.4806
 184        5.1698
 185        5.1698
 186        5.1698
 187        5.9099
 188        5.9099
 189        5.9099
 190        5.9099
 191        7.5659
 192        7.5659
 193        7.5659
 194        7.5659
 195        7.5659
 196        7.5659
 197        8.1896
 198        8.1896
 199        8.1896
 200        9.4540
 201        9.4540
 202        9.4540
 203        9.4540
 204        9.4540
 205        9.4540
 206        9.4540
 207        9.4540
 208        9.4540
 209        9.4540
 210        9.4540
 211        9.4540
 212       11.3163
 
  0.3333333E+00  0.1902671E-23  0.8535932E-24  0.2222222E+00
   1       -4.1743
   2       -3.3914
   3       -2.1523
   4       -2.1523
   5       -2.1523
   6       -2.1523
   7       -2.0737
   8       -2.0737
   9       -2.0737
  10       -2.0737
  11       -1.8922
  12       -1.8181
  13       -1.8014
  14       -1.8014
  15       -1.6757
  16       -1.6757
  17       -1.6757
  18       -1.6757
  19       -1.6624
  20       -1.6624
  21       -1.6624
  22       -1.6624
  23       -1.6582
  24       -1.6099
  25       -1.6099
  26       -1.4054
  27       -1.3884
  28       -1.3884
  29       -1.1980
  30       -1.1980
  31       -1.0006
  32       -1.0006
  33       -1.0006
  34       -1.0006
  35       -0.9898
  36       -0.9898
  37       -0.9898
  38       -0.9898
  39       -0.9642
  40       -0.9642
  41       -0.9642
  42       -0.9642
  43       -0.7715
  44       -0.7715
  45       -0.7715
  46       -0.7715
  47       -0.6492
  48       -0.6332
  49       -0.6332
  50       -0.6332
  51       -0.6332
  52       -0.5679
  53       -0.5679
  54       -0.5679
  55       -0.5679
  56       -0.5110
  57       -0.5110
  58       -0.5110
  59       -0.5110
  60       -0.5039
  61       -0.5039
  62       -0.5039
  63       -0.5039
  64       -0.4016
  65       -0.4016
  66       -0.4016
  67       -0.4016
  68       -0.3432
  69       -0.2930
  70       -0.2930
  71       -0.2930
  72       -0.2930
  73       -0.2567
  74       -0.2567
  75       -0.2567
  76       -0.2567
  77       -0.1334
  78       -0.1334
  79       -0.1334
  80       -0.1334
  81       -0.1164
  82       -0.1164
  83       -0.0038
  84       -0.0038
  85       -0.0038
  86       -0.0038
  87        0.1712
  88        0.1712
  89        0.1712
  90        0.1712
  91        0.2038
  92        0.2038
  93        0.2295
  94        0.2295
  95        0.2295
  96        0.2295
  97        0.3825
  98        0.3825
  99        0.4704
 100        0.6476
 101        0.6476
 102        0.6476
 103        0.6476
 104        0.6919
 105        0.6919
 106        0.6919
 107        0.6919
 108        0.7175
 109        0.7175
 110        0.7175
 111        0.7175
 112        0.7280
 113        0.7280
 114        0.7280
 115        0.7280
 116        0.7579
 117        0.8438
 118        0.8438
 119        0.8438
 120        0.8438
 121        0.8632
 122        0.8632
 123        0.8632
 124        0.8632
 125        0.9319
 126        1.0788
 127        1.1138
 128        1.1138
 129        1.2112
 130        1.2112
 131        1.2112
 132        1.2112
 133        1.2284
 134        1.2284
 135        1.2284
 136        1.2284
 137        1.2757
 138        1.2757
 139        1.2839
 140        1.2948
 141        1.2948
 142        1.2948
 143        1.2948
 144        1.3959
 145        1.3959
 146        1.4985
 147        1.5392
 148        1.5392
 149        1.5392
 150        1.5392
 151        1.5476
 152        1.5476
 153        1.6068
 154        1.6068
 155        1.6068
 156        1.6068
 157        1.6595
 158        1.7679
 159        1.7679
 160        1.7679
 161        1.7679
 162        1.7793
 163        1.7793
 164        1.9872
 165        1.9872
 166        1.9878
 167        1.9878
 168        2.2799
 169        2.2799
 170        2.2799
 171        2.2799
 172        3.2498
 173        3.2498
 174        3.2498
 175        3.2498
 176        3.3478
 177        3.3478
 178        3.3478
 179        3.3478
 180        3.3802
 181        4.5254
 182        4.5254
 183        4.5254
 184        4.5254
 185        5.9738
 186        5.9738
 187        6.2922
 188        6.2922
 189        6.2922
 190        6.2922
 191        6.9678
 192        6.9678
 193        6.9678
 194        6.9678
 195        7.6035
 196        7.6035
 197        7.7144
 198        7.7144
 199        8.0274
 200        8.0274
 201        9.1782
 202        9.1782
 203        9.1782
 204        9.1782
 205        9.7366
 206        9.7366
 207        9.7366
 208        9.7366
 209        9.9193
 210        9.9194
 211        9.9194
 212        9.9203
 
  0.3333333E+00  0.3333333E+00  0.2963901E-23  0.4444444E+00
   1       -3.9100
   2       -3.1608
   3       -3.1608
   4       -2.5223
   5       -2.0984
   6       -2.0984
   7       -2.0779
   8       -2.0779
   9       -1.8985
  10       -1.8985
  11       -1.8985
  12       -1.8985
  13       -1.8139
  14       -1.8139
  15       -1.7181
  16       -1.7181
  17       -1.7162
  18       -1.6253
  19       -1.6253
  20       -1.5273
  21       -1.5273
  22       -1.4194
  23       -1.4090
  24       -1.4090
  25       -1.3608
  26       -1.3608
  27       -1.3608
  28       -1.3608
  29       -1.2966
  30       -1.2956
  31       -1.2956
  32       -1.2788
  33       -1.2788
  34       -1.1388
  35       -1.1388
  36       -1.1232
  37       -1.1232
  38       -0.9941
  39       -0.9941
  40       -0.9863
  41       -0.9863
  42       -0.9784
  43       -0.9784
  44       -0.8910
  45       -0.8910
  46       -0.7719
  47       -0.7719
  48       -0.6338
  49       -0.6338
  50       -0.6338
  51       -0.6338
  52       -0.6309
  53       -0.6208
  54       -0.6170
  55       -0.6170
  56       -0.4617
  57       -0.4617
  58       -0.4115
  59       -0.4115
  60       -0.3770
  61       -0.3067
  62       -0.3067
  63       -0.3067
  64       -0.3067
  65       -0.2544
  66       -0.2544
  67       -0.2171
  68       -0.2171
  69       -0.2171
  70       -0.2171
  71       -0.2054
  72       -0.2054
  73       -0.1037
  74       -0.1037
  75       -0.0772
  76       -0.0591
  77       -0.0591
  78       -0.0476
  79       -0.0082
  80       -0.0005
  81        0.0634
  82        0.0634
  83        0.0684
  84        0.0684
  85        0.0763
  86        0.0763
  87        0.0763
  88        0.0763
  89        0.0821
  90        0.0821
  91        0.2070
  92        0.2070
  93        0.2269
  94        0.2269
  95        0.2269
  96        0.2269
  97        0.2989
  98        0.2989
  99        0.3321
 100        0.3448
 101        0.3448
 102        0.3813
 103        0.3813
 104        0.4444
 105        0.4444
 106        0.4444
 107        0.4444
 108        0.4911
 109        0.5868
 110        0.5868
 111        0.6793
 112        0.6793
 113        0.7327
 114        0.7327
 115        0.7355
 116        0.7444
 117        0.7444
 118        0.8306
 119        0.9359
 120        1.0315
 121        1.0315
 122        1.0460
 123        1.0460
 124        1.0483
 125        1.0483
 126        1.0928
 127        1.1535
 128        1.1535
 129        1.1847
 130        1.1847
 131        1.2532
 132        1.2532
 133        1.2532
 134        1.2532
 135        1.2651
 136        1.2651
 137        1.2707
 138        1.2707
 139        1.3570
 140        1.3570
 141        1.4092
 142        1.4095
 143        1.4095
 144        1.4453
 145        1.4740
 146        1.4740
 147        1.5216
 148        1.5216
 149        1.5216
 150        1.5216
 151        1.5809
 152        1.5821
 153        1.5821
 154        1.6795
 155        1.6795
 156        1.7002
 157        1.7002
 158        1.7037
 159        1.7037
 160        1.7724
 161        1.7724
 162        1.7752
 163        1.7752
 164        1.7774
 165        1.7774
 166        1.8435
 167        2.2271
 168        2.2271
 169        2.2271
 170        2.2271
 171        2.2982
 172        2.2982
 173        2.3528
 174        2.3528
 175        3.4334
 176        3.4334
 177        4.1441
 178        4.1441
 179        4.7721
 180        4.7721
 181        4.7721
 182        4.7721
 183        5.0156
 184        5.0156
 185        5.3090
 186        5.3090
 187        5.7594
 188        5.9381
 189        5.9381
 190        6.3647
 191        6.3647
 192        6.6385
 193        7.0919
 194        7.0919
 195        7.4961
 196        7.4961
 197        7.7567
 198        7.8496
 199        7.8496
 200        7.8496
 201        7.8496
 202        8.1314
 203        8.1314
 204        8.7177
 205        8.7177
 206        9.4398
 207        9.8041
 208        9.8041
 209        9.9049
 210       10.2032
 211       10.2046
 212       10.2413
 
  0.3333333E+00  0.3333333E+00  0.3333333E+00  0.2962963E+00
   1       -3.6641
   2       -2.9766
   3       -2.9766
   4       -2.9766
   5       -2.4909
   6       -2.4909
   7       -2.4909
   8       -2.3620
   9       -1.7292
  10       -1.7292
  11       -1.7292
  12       -1.6532
  13       -1.6532
  14       -1.6532
  15       -1.6048
  16       -1.6048
  17       -1.6048
  18       -1.4743
  19       -1.4743
  20       -1.4743
  21       -1.4743
  22       -1.4743
  23       -1.4743
  24       -1.3982
  25       -1.3982
  26       -1.3982
  27       -1.3818
  28       -1.3818
  29       -1.3818
  30       -1.3818
  31       -1.3818
  32       -1.3818
  33       -1.3237
  34       -1.3237
  35       -1.3237
  36       -1.0627
  37       -1.0627
  38       -1.0627
  39       -0.9078
  40       -0.9078
  41       -0.9078
  42       -0.9078
  43       -0.9078
  44       -0.9078
  45       -0.6420
  46       -0.6420
  47       -0.6420
  48       -0.6204
  49       -0.6204
  50       -0.6204
  51       -0.6204
  52       -0.6204
  53       -0.6204
  54       -0.5123
  55       -0.5123
  56       -0.5123
  57       -0.4837
  58       -0.4837
  59       -0.4837
  60       -0.3672
  61       -0.3217
  62       -0.3217
  63       -0.3217
  64       -0.2213
  65       -0.2213
  66       -0.2213
  67       -0.2213
  68       -0.2213
  69       -0.2213
  70       -0.1056
  71       -0.1056
  72       -0.0413
  73       -0.0413
  74       -0.0046
  75       -0.0046
  76       -0.0046
  77        0.0382
  78        0.0382
  79        0.0382
  80        0.0569
  81        0.0569
  82        0.0569
  83        0.0883
  84        0.0883
  85        0.0883
  86        0.0883
  87        0.0883
  88        0.0883
  89        0.1002
  90        0.1002
  91        0.1002
  92        0.1144
  93        0.1144
  94        0.1144
  95        0.1464
  96        0.1464
  97        0.1464
  98        0.1871
  99        0.1871
 100        0.1871
 101        0.3698
 102        0.3698
 103        0.3698
 104        0.5247
 105        0.5648
 106        0.5648
 107        0.5648
 108        0.5826
 109        0.5826
 110        0.5826
 111        0.5826
 112        0.5826
 113        0.5826
 114        0.7768
 115        0.7768
 116        0.7768
 117        0.7964
 118        0.7964
 119        0.7964
 120        0.8076
 121        0.8076
 122        0.8076
 123        0.8510
 124        0.8510
 125        0.8779
 126        0.8779
 127        0.8779
 128        0.9341
 129        0.9341
 130        0.9341
 131        0.9341
 132        0.9341
 133        0.9341
 134        1.1362
 135        1.1362
 136        1.1362
 137        1.1903
 138        1.1903
 139        1.1903
 140        1.3390
 141        1.3390
 142        1.4937
 143        1.4937
 144        1.4937
 145        1.6356
 146        1.6356
 147        1.6356
 148        1.6498
 149        1.6498
 150        1.6498
 151        1.6498
 152        1.6498
 153        1.6498
 154        1.7466
 155        1.7466
 156        1.7466
 157        1.7609
 158        1.7609
 159        1.7609
 160        1.7609
 161        1.7609
 162        1.7609
 163        1.7856
 164        1.7856
 165        1.7856
 166        1.8601
 167        1.8601
 168        1.8601
 169        2.7045
 170        2.7045
 171        2.7045
 172        3.6333
 173        3.6333
 174        3.6333
 175        3.6333
 176        3.6333
 177        3.6333
 178        4.2648
 179        4.2648
 180        4.2648
 181        4.6685
 182        4.6685
 183        4.6685
 184        5.6718
 185        5.6718
 186        5.6718
 187        5.6718
 188        5.6718
 189        5.6718
 190        6.0938
 191        6.0938
 192        6.0938
 193        6.8257
 194        6.8257
 195        6.8257
 196        7.2190
 197        7.2190
 198        7.2190
 199        8.2768
 200        8.2768
 201        8.2768
 202        8.2768
 203        8.2768
 204        8.2768
 205        9.3693
 206        9.3693
 207        9.3693
 208        9.3693
 209        9.3693
 210        9.3698
 211        9.5564
 212        9.5564
