   1   4   1   0  0.1202561E+02  0.1000000E-03
  CAR 
 unknown system                          
   0   0   0
   1   1
 256 256 256
 256
  0.1000000E-09
  0.6250000E-11
   0
  0.5000000E-15  0.3636824E-09  0.3636824E-09  0.3636824E-09
  0.0000000E+00  0.0000000E+00
  0.000
  0.000
  0.000
  0.000
  0.000
  0.000
  0.000
  0.000
  0.000
  0.000
  0.000
  0.000
  0.000
  0.000
  0.000
  0.000
  0.000
  0.000
  0.000
  0.000
  0.000
  0.000
  0.000
  0.000
  0.000
  0.000
  0.000
  0.000
  0.000
  0.000
  0.000
  0.000
  0.000
  0.000
  0.000
  0.000
  0.000
  0.000
  0.000
  0.000
  0.000
 27.310
  0.000
  0.000
  0.000
  0.000
  0.000
  0.000
  0.000
  0.000
  0.000
  0.000
  0.000
  0.000
  0.000
  0.000
  0.000
  0.000
  0.000
  0.000
  0.000
  0.000
  0.000
  0.000
  0.000
  0.000
  0.000
  0.000
  0.000
  0.000
  0.000
 18.401
  0.000
  0.000
  0.000
  0.000
  0.000
  0.000
  0.000
  0.000
  0.000
  0.000
  0.000
  0.000
  0.000
  0.000
  0.000
  0.000
  0.000
  0.000
  0.000
  0.000
 10.995
  0.000
  0.000
  0.000
  0.000
  0.000
  0.000
  0.000
  0.000
  0.000
  0.000
  0.000
  0.000
  0.000
  0.000
  0.000
 15.982
  0.000
  0.000
  0.000
  0.000
  0.000
  0.000
  0.000
  0.000
  0.000
  0.000
  0.000
  0.000
  0.000
  0.000
  9.252
  0.000
  0.000
  0.000
  0.000
  0.000
  0.000
  0.000
  0.000
  0.000
  0.000
  0.000
  0.000
  5.049
  0.000
  0.000
  0.000
  0.000
  0.000
  0.000
  0.000
  0.000
  0.000
  0.000
  0.000
 12.798
  0.000
  0.000
  0.000
  0.000
  0.000
  0.000
  0.000
  0.000
  0.000
  0.000
  7.396
  0.000
  0.000
  0.000
  0.000
  0.000
  0.000
  0.000
  0.000
  0.000
  6.549
  0.000
  0.000
  0.000
  0.000
  0.000
  0.000
  0.000
  0.000
  0.000
  8.759
  0.000
  0.000
  0.000
  0.000
  0.000
  0.000
  0.000
  0.000
  5.295
  0.000
  0.000
  0.000
  0.000
  0.000
  0.000
  0.000
  0.000
  4.824
  0.000
  0.000
  0.000
  0.000
  0.000
  0.000
  0.000
  7.797
  0.000
  0.000
  0.000
  0.000
  0.000
  0.000
  0.000
  8.255
  0.000
  0.000
  0.000
  0.000
  0.000
  0.000
  0.000
  1.917
  0.000
  0.000
  0.000
  0.000
  0.000
  0.000
  0.000
  7.144
  0.000
  0.000
  0.000
  0.000
  0.000
  0.000
  6.728
  0.000
  0.000
  0.000
  0.000
  0.000
  0.000
  3.173
  0.000
  0.000
  0.000
  0.000
  0.000
  0.000
  7.496
  0.000
  0.000
  0.000
  0.000
  0.000
