   32   32    1    1
  0.1778233E+02  0.8286660E-09  0.8286660E-09  0.8286660E-09  0.5000000E-15
  1.000000000000000E-004
  CAR 
 No title                                
  352    1  212
 
  0.2500000E+00  0.2500000E+00  0.2500000E+00  0.1000000E+01
   1       -3.8487
   2       -2.9025
   3       -2.8766
   4       -2.8745
   5       -2.8725
   6       -2.8300
   7       -2.8298
   8       -2.8295
   9       -2.7394
  10       -2.7392
  11       -2.7391
  12       -2.6744
  13       -2.6739
  14       -2.6734
  15       -2.5439
  16       -2.5425
  17       -2.5413
  18       -2.5203
  19       -2.5190
  20       -2.5174
  21       -2.3999
  22       -2.3982
  23       -2.3975
  24       -2.3974
  25       -2.3968
  26       -2.3952
  27       -2.3309
  28       -2.3295
  29       -2.3280
  30       -2.3074
  31       -2.3067
  32       -2.3051
  33       -2.3051
  34       -2.3036
  35       -2.3031
  36       -2.2839
  37       -2.2829
  38       -2.2820
  39       -2.1210
  40       -2.1199
  41       -2.1190
  42       -2.1190
  43       -2.1180
  44       -2.1170
  45       -1.8570
  46       -1.8555
  47       -1.8539
  48       -1.7965
  49       -1.7950
  50       -1.7938
  51       -1.7759
  52       -1.7744
  53       -1.7736
  54       -1.7735
  55       -1.7729
  56       -1.7711
  57       -1.6545
  58       -1.6542
  59       -1.6539
  60       -1.5759
  61       -1.5350
  62       -1.5337
  63       -1.5324
  64       -1.4505
  65       -1.4504
  66       -1.4487
  67       -1.4486
  68       -1.4473
  69       -1.4472
  70       -1.4417
  71       -1.4417
  72       -1.3869
  73       -1.3868
  74       -1.2957
  75       -1.2956
  76       -1.2955
  77       -1.2332
  78       -1.2327
  79       -1.2313
  80       -1.2311
  81       -1.2304
  82       -1.2295
  83       -1.2267
  84       -1.2263
  85       -1.2257
  86       -1.2119
  87       -1.2109
  88       -1.2100
  89       -1.1910
  90       -1.1894
  91       -1.1877
  92       -1.1624
  93       -1.1622
  94       -1.1621
  95       -1.1004
  96       -1.0997
  97       -1.0990
  98       -0.8424
  99       -0.8407
 100       -0.8385
 101       -0.8300
 102       -0.8281
 103       -0.8264
 104       -0.7654
 105       -0.7654
 106       -0.7637
 107       -0.7637
 108       -0.7620
 109       -0.7620
 110       -0.5849
 111       -0.5826
 112       -0.5811
 113       -0.5764
 114       -0.5748
 115       -0.5724
 116       -0.5662
 117       -0.5662
 118       -0.5280
 119       -0.5268
 120       -0.5257
 121       -0.5154
 122       -0.5136
 123       -0.5118
 124       -0.4375
 125       -0.4358
 126       -0.4354
 127       -0.4354
 128       -0.4349
 129       -0.4332
 130       -0.2760
 131       -0.2748
 132       -0.2736
 133       -0.1418
 134       -0.1416
 135       -0.1413
 136       -0.0669
 137       -0.0666
 138       -0.0665
 139       -0.0564
 140       -0.0546
 141       -0.0544
 142       -0.0544
 143       -0.0541
 144       -0.0525
 145       -0.0297
 146       -0.0293
 147       -0.0290
 148       -0.0004
 149       -0.0003
 150        0.1051
 151        0.1051
 152        0.1052
 153        0.2239
 154        0.2240
 155        0.2243
 156        0.2472
 157        0.2480
 158        0.2483
 159        0.2483
 160        0.2487
 161        0.2495
 162        0.3211
 163        0.3211
 164        0.3211
 165        0.6463
 166        0.6477
 167        0.6490
 168        0.8103
 169        1.2938
 170        1.2952
 171        1.2967
 172        2.8714
 173        2.8720
 174        2.8736
 175        2.8736
 176        2.8752
 177        2.8758
 178        3.4848
 179        3.4850
 180        3.4851
 181        4.5542
 182        4.5549
 183        4.5556
 184        5.2768
 185        5.2782
 186        5.2795
 187        6.4090
 188        6.4105
 189        6.4116
 190        6.4116
 191        6.4127
 192        6.4142
 193        7.1856
 194        7.1863
 195        7.1871
 196        7.9928
 197        7.9933
 198        7.9937
 199        8.8520
 200        8.8530
 201        8.8555
 202        8.8555
 203        8.8581
 204        8.8590
 205        9.4299
 206       10.3279
 207       10.3280
 208       10.3300
 209       10.3301
 210       10.3321
 211       10.3321
 212       10.8821
