   32   32  100    1
  0.1778233E+02  0.8286660E-09  0.8286660E-09  0.8286660E-09  0.5000000E-15
  1.000000000000000E-004
  CAR 
 No title                                
  352    1  212
 
  0.2500000E+00  0.2500000E+00  0.2500000E+00  0.1000000E+01
   1       -3.8487
   2       -2.9024
   3       -2.8745
   4       -2.8745
   5       -2.8745
   6       -2.8298
   7       -2.8298
   8       -2.8298
   9       -2.7392
  10       -2.7392
  11       -2.7392
  12       -2.6739
  13       -2.6739
  14       -2.6739
  15       -2.5425
  16       -2.5425
  17       -2.5425
  18       -2.5189
  19       -2.5189
  20       -2.5189
  21       -2.3975
  22       -2.3975
  23       -2.3975
  24       -2.3975
  25       -2.3975
  26       -2.3975
  27       -2.3294
  28       -2.3294
  29       -2.3294
  30       -2.3051
  31       -2.3051
  32       -2.3051
  33       -2.3051
  34       -2.3051
  35       -2.3051
  36       -2.2831
  37       -2.2831
  38       -2.2831
  39       -2.1190
  40       -2.1190
  41       -2.1190
  42       -2.1190
  43       -2.1190
  44       -2.1190
  45       -1.8554
  46       -1.8554
  47       -1.8554
  48       -1.7950
  49       -1.7950
  50       -1.7950
  51       -1.7736
  52       -1.7736
  53       -1.7736
  54       -1.7736
  55       -1.7736
  56       -1.7736
  57       -1.6542
  58       -1.6542
  59       -1.6542
  60       -1.5758
  61       -1.5337
  62       -1.5337
  63       -1.5337
  64       -1.4487
  65       -1.4487
  66       -1.4487
  67       -1.4487
  68       -1.4487
  69       -1.4487
  70       -1.4418
  71       -1.4418
  72       -1.3869
  73       -1.3869
  74       -1.2956
  75       -1.2956
  76       -1.2956
  77       -1.2311
  78       -1.2311
  79       -1.2311
  80       -1.2311
  81       -1.2311
  82       -1.2311
  83       -1.2267
  84       -1.2267
  85       -1.2267
  86       -1.2110
  87       -1.2110
  88       -1.2110
  89       -1.1894
  90       -1.1894
  91       -1.1894
  92       -1.1623
  93       -1.1623
  94       -1.1623
  95       -1.0997
  96       -1.0997
  97       -1.0997
  98       -0.8404
  99       -0.8404
 100       -0.8404
 101       -0.8282
 102       -0.8282
 103       -0.8282
 104       -0.7637
 105       -0.7637
 106       -0.7637
 107       -0.7637
 108       -0.7637
 109       -0.7637
 110       -0.5825
 111       -0.5825
 112       -0.5825
 113       -0.5748
 114       -0.5748
 115       -0.5748
 116       -0.5663
 117       -0.5663
 118       -0.5268
 119       -0.5268
 120       -0.5268
 121       -0.5137
 122       -0.5137
 123       -0.5137
 124       -0.4354
 125       -0.4354
 126       -0.4354
 127       -0.4354
 128       -0.4354
 129       -0.4354
 130       -0.2748
 131       -0.2748
 132       -0.2748
 133       -0.1416
 134       -0.1416
 135       -0.1416
 136       -0.0666
 137       -0.0666
 138       -0.0666
 139       -0.0544
 140       -0.0544
 141       -0.0544
 142       -0.0544
 143       -0.0544
 144       -0.0544
 145       -0.0294
 146       -0.0294
 147       -0.0294
 148       -0.0004
 149       -0.0004
 150        0.1051
 151        0.1051
 152        0.1051
 153        0.2241
 154        0.2241
 155        0.2241
 156        0.2483
 157        0.2483
 158        0.2483
 159        0.2483
 160        0.2483
 161        0.2483
 162        0.3211
 163        0.3211
 164        0.3211
 165        0.6477
 166        0.6477
 167        0.6477
 168        0.8102
 169        1.2952
 170        1.2952
 171        1.2952
 172        2.8736
 173        2.8736
 174        2.8736
 175        2.8736
 176        2.8736
 177        2.8736
 178        3.4850
 179        3.4850
 180        3.4850
 181        4.5549
 182        4.5549
 183        4.5549
 184        5.2782
 185        5.2782
 186        5.2782
 187        6.4116
 188        6.4116
 189        6.4116
 190        6.4116
 191        6.4116
 192        6.4116
 193        7.1864
 194        7.1864
 195        7.1864
 196        7.9933
 197        7.9933
 198        7.9933
 199        8.8555
 200        8.8555
 201        8.8555
 202        8.8555
 203        8.8555
 204        8.8555
 205        9.4299
 206       10.3301
 207       10.3301
 208       10.3301
 209       10.3301
 210       10.3301
 211       10.3301
 212       10.8824
