   32   32    1    1
  0.2153695E+02  0.8833065E-09  0.8833065E-09  0.8833065E-09  0.5000000E-15
  1.000000000000000E-004
  CAR 
 No title                                
  352    1  212
 
  0.2500000E+00  0.2500000E+00  0.2500000E+00  0.1000000E+01
   1       -4.0942
   2       -3.0544
   3       -3.0516
   4       -3.0490
   5       -2.4229
   6       -2.3650
   7       -2.3630
   8       -2.3611
   9       -2.0928
  10       -2.0925
  11       -2.0923
  12       -1.9388
  13       -1.9385
  14       -1.9385
  15       -1.8920
  16       -1.8902
  17       -1.8883
  18       -1.7165
  19       -1.7160
  20       -1.7156
  21       -1.6138
  22       -1.6129
  23       -1.6110
  24       -1.6110
  25       -1.6091
  26       -1.6083
  27       -1.5364
  28       -1.5346
  29       -1.5328
  30       -1.4802
  31       -1.4788
  32       -1.4780
  33       -1.4779
  34       -1.4771
  35       -1.4758
  36       -1.3883
  37       -1.3873
  38       -1.3864
  39       -1.1619
  40       -1.1606
  41       -1.1597
  42       -1.1597
  43       -1.1586
  44       -1.1576
  45       -0.9391
  46       -0.9377
  47       -0.9364
  48       -0.8585
  49       -0.8570
  50       -0.8556
  51       -0.8115
  52       -0.8099
  53       -0.8092
  54       -0.8091
  55       -0.8085
  56       -0.8068
  57       -0.7056
  58       -0.7037
  59       -0.7022
  60       -0.6962
  61       -0.6960
  62       -0.6957
  63       -0.6703
  64       -0.6698
  65       -0.6682
  66       -0.6679
  67       -0.6665
  68       -0.6660
  69       -0.6336
  70       -0.4836
  71       -0.4835
  72       -0.4323
  73       -0.4322
  74       -0.3691
  75       -0.3679
  76       -0.3664
  77       -0.3381
  78       -0.3379
  79       -0.3359
  80       -0.3358
  81       -0.3349
  82       -0.3340
  83       -0.3335
  84       -0.3332
  85       -0.3320
  86       -0.2734
  87       -0.2726
  88       -0.2715
  89       -0.2653
  90       -0.2646
  91       -0.2640
  92       -0.1964
  93       -0.1962
  94       -0.1959
  95       -0.1381
  96       -0.1377
  97       -0.1366
  98       -0.1358
  99       -0.1338
 100       -0.1316
 101        0.1451
 102        0.1470
 103        0.1488
 104        0.1819
 105        0.1821
 106        0.1839
 107        0.1839
 108        0.1856
 109        0.1858
 110        0.3426
 111        0.3444
 112        0.3463
 113        0.3982
 114        0.3995
 115        0.4007
 116        0.4036
 117        0.4069
 118        0.4076
 119        0.4080
 120        0.4089
 121        0.4120
 122        0.4210
 123        0.4210
 124        0.5450
 125        0.5468
 126        0.5471
 127        0.5472
 128        0.5478
 129        0.5494
 130        0.7273
 131        0.7286
 132        0.7299
 133        0.7995
 134        0.7997
 135        0.8003
 136        0.8876
 137        0.9498
 138        0.9501
 139        0.9506
 140        0.9515
 141        0.9530
 142        0.9531
 143        0.9531
 144        0.9539
 145        0.9552
 146        0.9908
 147        0.9912
 148        0.9916
 149        1.0239
 150        1.0240
 151        1.1385
 152        1.1386
 153        1.1388
 154        1.2653
 155        1.2655
 156        1.2656
 157        1.2876
 158        1.2883
 159        1.2886
 160        1.2887
 161        1.2892
 162        1.2901
 163        1.3450
 164        1.3461
 165        1.3471
 166        1.3683
 167        1.3685
 168        1.3685
 169        1.5051
 170        1.5063
 171        1.5075
 172        2.8325
 173        2.8334
 174        2.8345
 175        2.8347
 176        2.8359
 177        2.8369
 178        3.5697
 179        3.5706
 180        3.5716
 181        4.2280
 182        4.2294
 183        4.2310
 184        4.6067
 185        4.6072
 186        4.6076
 187        5.5723
 188        5.5742
 189        5.5749
 190        5.5750
 191        5.5756
 192        5.5777
 193        5.9294
 194        5.9310
 195        5.9327
 196        7.2013
 197        7.2030
 198        7.2046
 199        7.6922
 200        7.6922
 201        7.6943
 202        7.6943
 203        7.6964
 204        7.6964
 205        8.2969
 206        8.5482
 207        8.5488
 208        8.5494
 209        9.1038
 210        9.1052
 211        9.1062
 212        9.1067
