   32   32  100    1
  0.2153695E+02  0.8833065E-09  0.8833065E-09  0.8833065E-09  0.5000000E-15
  1.000000000000000E-004
  CAR 
 No title                                
  352    1  212
 
  0.2500000E+00  0.2500000E+00  0.2500000E+00  0.1000000E+01
   1       -4.0942
   2       -3.0516
   3       -3.0516
   4       -3.0516
   5       -2.4228
   6       -2.3630
   7       -2.3630
   8       -2.3630
   9       -2.0925
  10       -2.0925
  11       -2.0925
  12       -1.9385
  13       -1.9385
  14       -1.9385
  15       -1.8901
  16       -1.8901
  17       -1.8901
  18       -1.7159
  19       -1.7159
  20       -1.7159
  21       -1.6110
  22       -1.6110
  23       -1.6110
  24       -1.6110
  25       -1.6110
  26       -1.6110
  27       -1.5345
  28       -1.5345
  29       -1.5345
  30       -1.4779
  31       -1.4779
  32       -1.4779
  33       -1.4779
  34       -1.4779
  35       -1.4779
  36       -1.3873
  37       -1.3873
  38       -1.3873
  39       -1.1596
  40       -1.1596
  41       -1.1596
  42       -1.1596
  43       -1.1596
  44       -1.1596
  45       -0.9377
  46       -0.9377
  47       -0.9377
  48       -0.8570
  49       -0.8570
  50       -0.8570
  51       -0.8091
  52       -0.8091
  53       -0.8091
  54       -0.8091
  55       -0.8091
  56       -0.8091
  57       -0.7037
  58       -0.7037
  59       -0.7037
  60       -0.6959
  61       -0.6959
  62       -0.6959
  63       -0.6681
  64       -0.6681
  65       -0.6681
  66       -0.6681
  67       -0.6681
  68       -0.6681
  69       -0.6336
  70       -0.4835
  71       -0.4835
  72       -0.4321
  73       -0.4321
  74       -0.3677
  75       -0.3677
  76       -0.3677
  77       -0.3358
  78       -0.3358
  79       -0.3358
  80       -0.3358
  81       -0.3358
  82       -0.3358
  83       -0.3333
  84       -0.3333
  85       -0.3333
  86       -0.2724
  87       -0.2724
  88       -0.2724
  89       -0.2647
  90       -0.2647
  91       -0.2647
  92       -0.1961
  93       -0.1961
  94       -0.1961
  95       -0.1372
  96       -0.1372
  97       -0.1372
  98       -0.1340
  99       -0.1340
 100       -0.1340
 101        0.1471
 102        0.1471
 103        0.1471
 104        0.1839
 105        0.1839
 106        0.1839
 107        0.1839
 108        0.1839
 109        0.1839
 110        0.3445
 111        0.3445
 112        0.3445
 113        0.3996
 114        0.3996
 115        0.3996
 116        0.4068
 117        0.4068
 118        0.4068
 119        0.4089
 120        0.4089
 121        0.4089
 122        0.4209
 123        0.4209
 124        0.5472
 125        0.5472
 126        0.5472
 127        0.5472
 128        0.5472
 129        0.5472
 130        0.7286
 131        0.7286
 132        0.7286
 133        0.7999
 134        0.7999
 135        0.7999
 136        0.8876
 137        0.9508
 138        0.9508
 139        0.9508
 140        0.9531
 141        0.9531
 142        0.9531
 143        0.9531
 144        0.9531
 145        0.9531
 146        0.9912
 147        0.9912
 148        0.9912
 149        1.0239
 150        1.0239
 151        1.1387
 152        1.1387
 153        1.1387
 154        1.2655
 155        1.2655
 156        1.2655
 157        1.2888
 158        1.2888
 159        1.2888
 160        1.2888
 161        1.2888
 162        1.2888
 163        1.3461
 164        1.3461
 165        1.3461
 166        1.3685
 167        1.3685
 168        1.3685
 169        1.5063
 170        1.5063
 171        1.5063
 172        2.8347
 173        2.8347
 174        2.8347
 175        2.8347
 176        2.8347
 177        2.8347
 178        3.5707
 179        3.5707
 180        3.5707
 181        4.2295
 182        4.2295
 183        4.2295
 184        4.6072
 185        4.6072
 186        4.6072
 187        5.5750
 188        5.5750
 189        5.5750
 190        5.5750
 191        5.5750
 192        5.5750
 193        5.9311
 194        5.9311
 195        5.9311
 196        7.2030
 197        7.2030
 198        7.2030
 199        7.6943
 200        7.6943
 201        7.6943
 202        7.6943
 203        7.6943
 204        7.6943
 205        8.2970
 206        8.5488
 207        8.5488
 208        8.5488
 209        9.1056
 210        9.1056
 211        9.1056
 212        9.1056
