   32   32    1    1
  0.2153695E+02  0.8833065E-09  0.8833065E-09  0.8833065E-09  0.5000000E-15
  1.000000000000000E-004
  CAR 
 No title                                
  352    6  212
 
  0.0000000E+00  0.0000000E+00  0.0000000E+00  0.3703704E-01
   1       -4.5330
   2       -2.5257
   3       -2.5201
   4       -2.5201
   5       -2.5200
   6       -2.5200
   7       -2.5146
   8       -2.3919
   9       -2.3919
  10       -2.3919
  11       -2.3918
  12       -2.1442
  13       -2.1442
  14       -2.1441
  15       -1.9470
  16       -1.9470
  17       -1.9470
  18       -1.4888
  19       -1.4863
  20       -1.4863
  21       -1.4836
  22       -1.4833
  23       -1.4832
  24       -1.4831
  25       -1.4831
  26       -1.4828
  27       -1.4802
  28       -1.4802
  29       -1.4777
  30       -1.3512
  31       -1.3481
  32       -1.3481
  33       -1.3480
  34       -1.3480
  35       -1.3450
  36       -1.3056
  37       -1.3025
  38       -1.3025
  39       -1.3024
  40       -1.3024
  41       -1.2994
  42       -0.8813
  43       -0.8775
  44       -0.8775
  45       -0.8756
  46       -0.8755
  47       -0.8755
  48       -0.8754
  49       -0.8754
  50       -0.8754
  51       -0.8738
  52       -0.8738
  53       -0.8703
  54       -0.8255
  55       -0.8255
  56       -0.8221
  57       -0.8221
  58       -0.8221
  59       -0.8221
  60       -0.8220
  61       -0.8220
  62       -0.8220
  63       -0.8215
  64       -0.8183
  65       -0.8183
  66       -0.6076
  67       -0.6022
  68       -0.6018
  69       -0.6018
  70       -0.6015
  71       -0.6015
  72       -0.6015
  73       -0.6014
  74       -0.6011
  75       -0.6011
  76       -0.6009
  77       -0.5961
  78       -0.5829
  79       -0.5828
  80       -0.5828
  81       -0.5828
  82       -0.5827
  83       -0.5827
  84       -0.5827
  85       -0.5820
  86       -0.5688
  87       -0.5688
  88       -0.5688
  89       -0.0331
  90       -0.0302
  91       -0.0299
  92       -0.0299
  93       -0.0299
  94       -0.0268
  95        0.0647
  96        0.0661
  97        0.0678
  98        0.0678
  99        0.0685
 100        0.0685
 101        0.0686
 102        0.0686
 103        0.0694
 104        0.0694
 105        0.0714
 106        0.0722
 107        0.2669
 108        0.2669
 109        0.2708
 110        0.2708
 111        0.2710
 112        0.2711
 113        0.2711
 114        0.2711
 115        0.2713
 116        0.2713
 117        0.2749
 118        0.2749
 119        0.3789
 120        0.3814
 121        0.3814
 122        0.3815
 123        0.3816
 124        0.3841
 125        0.4282
 126        0.4287
 127        0.4406
 128        0.4406
 129        0.4443
 130        0.4448
 131        0.4449
 132        0.4449
 133        0.4449
 134        0.4450
 135        0.4455
 136        0.4457
 137        0.4496
 138        0.4496
 139        0.7942
 140        0.7960
 141        0.7961
 142        0.7961
 143        0.7961
 144        0.7979
 145        1.1872
 146        1.1872
 147        1.1873
 148        1.2209
 149        1.2210
 150        1.2210
 151        1.2210
 152        1.2210
 153        1.2210
 154        1.2210
 155        1.2211
 156        1.4291
 157        1.4298
 158        1.4299
 159        1.4299
 160        1.4299
 161        1.4299
 162        1.4308
 163        1.4310
 164        1.4310
 165        1.4310
 166        1.4310
 167        1.4317
 168        2.6177
 169        2.6197
 170        2.6197
 171        2.6208
 172        2.6215
 173        2.6215
 174        2.6216
 175        2.6216
 176        2.6224
 177        2.6235
 178        2.6235
 179        2.6254
 180        3.1308
 181        3.1308
 182        3.1308
 183        3.1308
 184        4.7324
 185        4.7324
 186        4.7325
 187        5.1099
 188        5.1099
 189        5.1099
 190        5.1100
 191        6.7223
 192        6.7225
 193        6.7226
 194        6.7226
 195        6.7227
 196        6.7229
 197        7.2586
 198        7.2587
 199        7.2587
 200        8.7295
 201        8.7295
 202        8.7351
 203        8.7351
 204        8.7357
 205        8.7357
 206        8.7357
 207        8.7359
 208        8.7363
 209        8.7363
 210        8.7417
 211        8.7417
 212       10.4549
 
  0.3333333E+00  0.3543540E-24  0.7147168E-24  0.7407407E-01
   1       -4.2709
   2       -3.5240
   3       -2.3375
   4       -2.3374
   5       -2.3374
   6       -2.3374
   7       -2.2573
   8       -2.2573
   9       -2.2573
  10       -2.2573
  11       -2.0751
  12       -2.0109
  13       -1.9900
  14       -1.9900
  15       -1.8875
  16       -1.8875
  17       -1.8873
  18       -1.8872
  19       -1.8750
  20       -1.8747
  21       -1.8747
  22       -1.8747
  23       -1.8648
  24       -1.8201
  25       -1.8201
  26       -1.6343
  27       -1.6087
  28       -1.6086
  29       -1.4419
  30       -1.4419
  31       -1.2569
  32       -1.2548
  33       -1.2548
  34       -1.2547
  35       -1.2546
  36       -1.2544
  37       -1.2544
  38       -1.2524
  39       -1.2322
  40       -1.2322
  41       -1.2322
  42       -1.2321
  43       -1.0539
  44       -1.0539
  45       -1.0539
  46       -1.0538
  47       -0.9487
  48       -0.9203
  49       -0.9203
  50       -0.9203
  51       -0.9202
  52       -0.8516
  53       -0.8516
  54       -0.8516
  55       -0.8516
  56       -0.8132
  57       -0.8116
  58       -0.8116
  59       -0.8115
  60       -0.8052
  61       -0.8051
  62       -0.8051
  63       -0.8035
  64       -0.7204
  65       -0.7204
  66       -0.7204
  67       -0.7204
  68       -0.6734
  69       -0.6253
  70       -0.6252
  71       -0.6252
  72       -0.6252
  73       -0.5872
  74       -0.5871
  75       -0.5871
  76       -0.5870
  77       -0.4820
  78       -0.4819
  79       -0.4819
  80       -0.4818
  81       -0.4683
  82       -0.4683
  83       -0.3594
  84       -0.3594
  85       -0.3593
  86       -0.3593
  87       -0.2049
  88       -0.2048
  89       -0.2048
  90       -0.2048
  91       -0.1765
  92       -0.1765
  93       -0.1148
  94       -0.1147
  95       -0.1147
  96       -0.1147
  97        0.0053
  98        0.0053
  99        0.0656
 100        0.2309
 101        0.2310
 102        0.2311
 103        0.2311
 104        0.2665
 105        0.2665
 106        0.2665
 107        0.2666
 108        0.2887
 109        0.2887
 110        0.2887
 111        0.2887
 112        0.3029
 113        0.3030
 114        0.3030
 115        0.3030
 116        0.3209
 117        0.4067
 118        0.4068
 119        0.4069
 120        0.4069
 121        0.4285
 122        0.4285
 123        0.4285
 124        0.4286
 125        0.4765
 126        0.6094
 127        0.6490
 128        0.6492
 129        0.7490
 130        0.7490
 131        0.7491
 132        0.7492
 133        0.7689
 134        0.7690
 135        0.7690
 136        0.7690
 137        0.7942
 138        0.7942
 139        0.8095
 140        0.8095
 141        0.8095
 142        0.8096
 143        0.8838
 144        0.9175
 145        0.9175
 146        0.9884
 147        1.0332
 148        1.0342
 149        1.0342
 150        1.0342
 151        1.0351
 152        1.0361
 153        1.0885
 154        1.0885
 155        1.0885
 156        1.0886
 157        1.1334
 158        1.2346
 159        1.2346
 160        1.2346
 161        1.2346
 162        1.2453
 163        1.2453
 164        1.4292
 165        1.4300
 166        1.4306
 167        1.4316
 168        1.7261
 169        1.7261
 170        1.7261
 171        1.7261
 172        2.6667
 173        2.6668
 174        2.6669
 175        2.6669
 176        2.8513
 177        2.8515
 178        2.8515
 179        2.8515
 180        2.9202
 181        3.8813
 182        3.8813
 183        3.8813
 184        3.8813
 185        5.4538
 186        5.4538
 187        5.5650
 188        5.5650
 189        5.5650
 190        5.5650
 191        6.2129
 192        6.2129
 193        6.2129
 194        6.2129
 195        6.8528
 196        6.8528
 197        6.9722
 198        6.9722
 199        7.1218
 200        7.1218
 201        8.3838
 202        8.3839
 203        8.3839
 204        8.3839
 205        8.9353
 206        8.9353
 207        8.9353
 208        8.9353
 209        9.1686
 210        9.1686
 211        9.1686
 212        9.1686
 
  0.0000000E+00  0.3333333E+00  0.3358525E-24  0.1481481E+00
   1       -4.2709
   2       -3.5240
   3       -2.3416
   4       -2.3374
   5       -2.3374
   6       -2.3334
   7       -2.2577
   8       -2.2575
   9       -2.2571
  10       -2.2569
  11       -2.0751
  12       -2.0108
  13       -1.9900
  14       -1.9900
  15       -1.8914
  16       -1.8876
  17       -1.8874
  18       -1.8839
  19       -1.8754
  20       -1.8750
  21       -1.8744
  22       -1.8733
  23       -1.8648
  24       -1.8202
  25       -1.8201
  26       -1.6342
  27       -1.6087
  28       -1.6086
  29       -1.4419
  30       -1.4419
  31       -1.2576
  32       -1.2568
  33       -1.2549
  34       -1.2547
  35       -1.2547
  36       -1.2546
  37       -1.2525
  38       -1.2519
  39       -1.2346
  40       -1.2321
  41       -1.2320
  42       -1.2297
  43       -1.0562
  44       -1.0538
  45       -1.0538
  46       -1.0515
  47       -0.9487
  48       -0.9227
  49       -0.9203
  50       -0.9202
  51       -0.9178
  52       -0.8539
  53       -0.8517
  54       -0.8516
  55       -0.8493
  56       -0.8154
  57       -0.8114
  58       -0.8114
  59       -0.8088
  60       -0.8075
  61       -0.8052
  62       -0.8051
  63       -0.8015
  64       -0.7220
  65       -0.7206
  66       -0.7204
  67       -0.7192
  68       -0.6734
  69       -0.6262
  70       -0.6255
  71       -0.6251
  72       -0.6245
  73       -0.5892
  74       -0.5871
  75       -0.5870
  76       -0.5849
  77       -0.4824
  78       -0.4818
  79       -0.4818
  80       -0.4812
  81       -0.4683
  82       -0.4683
  83       -0.3619
  84       -0.3593
  85       -0.3593
  86       -0.3568
  87       -0.2056
  88       -0.2048
  89       -0.2047
  90       -0.2039
  91       -0.1765
  92       -0.1765
  93       -0.1160
  94       -0.1154
  95       -0.1141
  96       -0.1135
  97        0.0052
  98        0.0052
  99        0.0655
 100        0.2292
 101        0.2309
 102        0.2309
 103        0.2325
 104        0.2634
 105        0.2666
 106        0.2667
 107        0.2690
 108        0.2862
 109        0.2883
 110        0.2887
 111        0.2916
 112        0.3016
 113        0.3030
 114        0.3035
 115        0.3047
 116        0.3209
 117        0.4052
 118        0.4069
 119        0.4070
 120        0.4086
 121        0.4269
 122        0.4284
 123        0.4285
 124        0.4301
 125        0.4766
 126        0.6096
 127        0.6489
 128        0.6490
 129        0.7470
 130        0.7490
 131        0.7491
 132        0.7511
 133        0.7678
 134        0.7685
 135        0.7696
 136        0.7703
 137        0.7941
 138        0.7943
 139        0.8081
 140        0.8096
 141        0.8096
 142        0.8110
 143        0.8836
 144        0.9173
 145        0.9175
 146        0.9885
 147        1.0327
 148        1.0341
 149        1.0342
 150        1.0350
 151        1.0351
 152        1.0359
 153        1.0873
 154        1.0884
 155        1.0885
 156        1.0896
 157        1.1334
 158        1.2341
 159        1.2346
 160        1.2347
 161        1.2350
 162        1.2452
 163        1.2453
 164        1.4302
 165        1.4302
 166        1.4307
 167        1.4307
 168        1.7244
 169        1.7260
 170        1.7261
 171        1.7276
 172        2.6651
 173        2.6660
 174        2.6679
 175        2.6688
 176        2.8497
 177        2.8499
 178        2.8531
 179        2.8532
 180        2.9200
 181        3.8790
 182        3.8812
 183        3.8812
 184        3.8836
 185        5.4538
 186        5.4539
 187        5.5633
 188        5.5649
 189        5.5650
 190        5.5667
 191        6.2101
 192        6.2126
 193        6.2131
 194        6.2157
 195        6.8528
 196        6.8528
 197        6.9722
 198        6.9722
 199        7.1217
 200        7.1218
 201        8.3815
 202        8.3836
 203        8.3841
 204        8.3862
 205        8.9331
 206        8.9354
 207        8.9354
 208        8.9383
 209        9.1668
 210        9.1749
 211        9.2823
 212        9.4676
 
  0.3333333E+00  0.3333333E+00  0.9644324E-24  0.2962963E+00
   1       -4.0190
   2       -3.3057
   3       -3.3017
   4       -2.6938
   5       -2.2819
   6       -2.2819
   7       -2.2665
   8       -2.2663
   9       -2.0979
  10       -2.0968
  11       -2.0961
  12       -2.0948
  13       -2.0147
  14       -2.0146
  15       -1.9145
  16       -1.9140
  17       -1.9138
  18       -1.8322
  19       -1.8301
  20       -1.7450
  21       -1.7444
  22       -1.6424
  23       -1.6349
  24       -1.6325
  25       -1.5963
  26       -1.5953
  27       -1.5932
  28       -1.5921
  29       -1.5351
  30       -1.5341
  31       -1.5326
  32       -1.5090
  33       -1.5073
  34       -1.3884
  35       -1.3873
  36       -1.3654
  37       -1.3638
  38       -1.2496
  39       -1.2480
  40       -1.2479
  41       -1.2466
  42       -1.2422
  43       -1.2412
  44       -1.1559
  45       -1.1558
  46       -1.0519
  47       -1.0518
  48       -0.9278
  49       -0.9267
  50       -0.9260
  51       -0.9248
  52       -0.9198
  53       -0.9181
  54       -0.9164
  55       -0.9097
  56       -0.7749
  57       -0.7749
  58       -0.7262
  59       -0.7248
  60       -0.7024
  61       -0.6328
  62       -0.6313
  63       -0.6308
  64       -0.6295
  65       -0.5905
  66       -0.5904
  67       -0.5407
  68       -0.5402
  69       -0.5378
  70       -0.5373
  71       -0.5275
  72       -0.5275
  73       -0.4511
  74       -0.4511
  75       -0.4328
  76       -0.4147
  77       -0.4146
  78       -0.4052
  79       -0.3567
  80       -0.3497
  81       -0.3027
  82       -0.3023
  83       -0.2861
  84       -0.2855
  85       -0.2835
  86       -0.2799
  87       -0.2666
  88       -0.2655
  89       -0.2654
  90       -0.2645
  91       -0.1754
  92       -0.1726
  93       -0.1543
  94       -0.1534
  95       -0.1524
  96       -0.1515
  97       -0.0703
  98       -0.0697
  99       -0.0608
 100       -0.0315
 101       -0.0275
 102       -0.0152
 103       -0.0151
 104        0.0439
 105        0.0453
 106        0.0468
 107        0.0481
 108        0.0837
 109        0.1700
 110        0.1714
 111        0.2944
 112        0.2945
 113        0.3010
 114        0.3062
 115        0.3063
 116        0.3452
 117        0.3452
 118        0.3933
 119        0.4811
 120        0.5876
 121        0.5888
 122        0.5902
 123        0.5909
 124        0.5934
 125        0.5941
 126        0.6497
 127        0.6779
 128        0.6803
 129        0.7141
 130        0.7160
 131        0.7755
 132        0.7759
 133        0.7771
 134        0.7780
 135        0.7825
 136        0.7849
 137        0.7889
 138        0.7906
 139        0.8727
 140        0.8746
 141        0.9118
 142        0.9367
 143        0.9367
 144        0.9440
 145        0.9677
 146        0.9677
 147        1.0128
 148        1.0132
 149        1.0133
 150        1.0137
 151        1.0704
 152        1.0710
 153        1.0728
 154        1.1530
 155        1.1530
 156        1.1736
 157        1.1737
 158        1.1753
 159        1.1755
 160        1.2381
 161        1.2391
 162        1.2403
 163        1.2413
 164        1.2430
 165        1.2445
 166        1.3015
 167        1.6863
 168        1.6868
 169        1.6881
 170        1.6885
 171        1.8041
 172        1.8041
 173        1.8250
 174        1.8261
 175        2.8372
 176        2.8376
 177        3.5866
 178        3.5883
 179        4.1293
 180        4.1307
 181        4.1309
 182        4.1323
 183        4.5097
 184        4.5097
 185        4.6489
 186        4.6513
 187        5.0694
 188        5.1525
 189        5.1526
 190        5.5973
 191        5.5973
 192        6.0634
 193        6.3062
 194        6.3069
 195        6.8532
 196        6.8533
 197        6.8925
 198        7.1167
 199        7.1178
 200        7.1187
 201        7.1198
 202        7.4608
 203        7.4646
 204        7.9272
 205        7.9272
 206        8.6936
 207        8.9864
 208        8.9875
 209        9.0753
 210        9.3561
 211        9.3973
 212        9.4033
 
  0.0000000E+00  0.3333333E+00  0.3333333E+00  0.1481481E+00
   1       -4.0190
   2       -3.3037
   3       -3.3037
   4       -2.6938
   5       -2.2823
   6       -2.2817
   7       -2.2680
   8       -2.2647
   9       -2.0986
  10       -2.0969
  11       -2.0958
  12       -2.0940
  13       -2.0147
  14       -2.0147
  15       -1.9143
  16       -1.9140
  17       -1.9140
  18       -1.8312
  19       -1.8312
  20       -1.7447
  21       -1.7447
  22       -1.6420
  23       -1.6340
  24       -1.6339
  25       -1.5945
  26       -1.5944
  27       -1.5941
  28       -1.5940
  29       -1.5351
  30       -1.5333
  31       -1.5333
  32       -1.5082
  33       -1.5081
  34       -1.3878
  35       -1.3878
  36       -1.3646
  37       -1.3646
  38       -1.2483
  39       -1.2482
  40       -1.2478
  41       -1.2478
  42       -1.2417
  43       -1.2416
  44       -1.1559
  45       -1.1558
  46       -1.0533
  47       -1.0505
  48       -0.9268
  49       -0.9264
  50       -0.9264
  51       -0.9260
  52       -0.9184
  53       -0.9180
  54       -0.9180
  55       -0.9096
  56       -0.7750
  57       -0.7750
  58       -0.7256
  59       -0.7255
  60       -0.7024
  61       -0.6328
  62       -0.6313
  63       -0.6308
  64       -0.6293
  65       -0.5915
  66       -0.5893
  67       -0.5419
  68       -0.5392
  69       -0.5388
  70       -0.5361
  71       -0.5275
  72       -0.5274
  73       -0.4528
  74       -0.4490
  75       -0.4329
  76       -0.4148
  77       -0.4146
  78       -0.4051
  79       -0.3568
  80       -0.3496
  81       -0.3023
  82       -0.3023
  83       -0.2859
  84       -0.2857
  85       -0.2821
  86       -0.2819
  87       -0.2657
  88       -0.2656
  89       -0.2653
  90       -0.2651
  91       -0.1741
  92       -0.1741
  93       -0.1540
  94       -0.1534
  95       -0.1524
  96       -0.1518
  97       -0.0699
  98       -0.0699
  99       -0.0611
 100       -0.0295
 101       -0.0294
 102       -0.0159
 103       -0.0146
 104        0.0455
 105        0.0456
 106        0.0466
 107        0.0466
 108        0.0836
 109        0.1706
 110        0.1706
 111        0.2936
 112        0.2953
 113        0.3008
 114        0.3063
 115        0.3064
 116        0.3452
 117        0.3453
 118        0.3932
 119        0.4812
 120        0.5894
 121        0.5895
 122        0.5895
 123        0.5895
 124        0.5934
 125        0.5934
 126        0.6497
 127        0.6791
 128        0.6792
 129        0.7148
 130        0.7149
 131        0.7756
 132        0.7766
 133        0.7768
 134        0.7776
 135        0.7840
 136        0.7840
 137        0.7895
 138        0.7896
 139        0.8736
 140        0.8737
 141        0.9117
 142        0.9358
 143        0.9377
 144        0.9441
 145        0.9675
 146        0.9679
 147        1.0122
 148        1.0130
 149        1.0135
 150        1.0143
 151        1.0707
 152        1.0708
 153        1.0726
 154        1.1529
 155        1.1533
 156        1.1736
 157        1.1737
 158        1.1752
 159        1.1753
 160        1.2389
 161        1.2390
 162        1.2408
 163        1.2408
 164        1.2435
 165        1.2436
 166        1.3015
 167        1.6871
 168        1.6874
 169        1.6875
 170        1.6878
 171        1.8032
 172        1.8050
 173        1.8255
 174        1.8255
 175        2.8373
 176        2.8374
 177        3.5874
 178        3.5874
 179        4.1274
 180        4.1304
 181        4.1313
 182        4.1342
 183        4.5097
 184        4.5097
 185        4.6501
 186        4.6501
 187        5.0694
 188        5.1525
 189        5.1525
 190        5.5973
 191        5.5973
 192        6.0635
 193        6.3065
 194        6.3065
 195        6.8532
 196        6.8533
 197        6.8925
 198        7.1153
 199        7.1182
 200        7.1183
 201        7.1212
 202        7.4626
 203        7.4628
 204        7.9257
 205        7.9287
 206        8.6936
 207        8.9869
 208        8.9870
 209        9.0753
 210        9.3562
 211        9.3962
 212        9.4010
 
  0.3333333E+00  0.3333333E+00  0.3333333E+00  0.2962963E+00
   1       -3.7842
   2       -3.1294
   3       -3.1267
   4       -3.1240
   5       -2.6628
   6       -2.6607
   7       -2.6586
   8       -2.5331
   9       -1.9358
  10       -1.9356
  11       -1.9354
  12       -1.8577
  13       -1.8574
  14       -1.8573
  15       -1.8171
  16       -1.8154
  17       -1.8135
  18       -1.6999
  19       -1.6992
  20       -1.6974
  21       -1.6974
  22       -1.6957
  23       -1.6950
  24       -1.6304
  25       -1.6286
  26       -1.6269
  27       -1.6120
  28       -1.6113
  29       -1.6101
  30       -1.6101
  31       -1.6090
  32       -1.6083
  33       -1.5544
  34       -1.5538
  35       -1.5532
  36       -1.3157
  37       -1.3149
  38       -1.3141
  39       -1.1712
  40       -1.1699
  41       -1.1688
  42       -1.1688
  43       -1.1678
  44       -1.1666
  45       -0.9275
  46       -0.9260
  47       -0.9249
  48       -0.9105
  49       -0.9093
  50       -0.9084
  51       -0.9084
  52       -0.9076
  53       -0.9061
  54       -0.8204
  55       -0.8190
  56       -0.8176
  57       -0.7921
  58       -0.7919
  59       -0.7915
  60       -0.6905
  61       -0.6406
  62       -0.6388
  63       -0.6370
  64       -0.5488
  65       -0.5485
  66       -0.5470
  67       -0.5469
  68       -0.5456
  69       -0.5453
  70       -0.4575
  71       -0.4574
  72       -0.4002
  73       -0.4001
  74       -0.3591
  75       -0.3579
  76       -0.3565
  77       -0.3264
  78       -0.3256
  79       -0.3247
  80       -0.3106
  81       -0.3102
  82       -0.3099
  83       -0.2718
  84       -0.2711
  85       -0.2704
  86       -0.2649
  87       -0.2648
  88       -0.2630
  89       -0.2629
  90       -0.2611
  91       -0.2606
  92       -0.2360
  93       -0.2348
  94       -0.2336
  95       -0.2124
  96       -0.2103
  97       -0.2080
  98       -0.1904
  99       -0.1903
 100       -0.1902
 101        0.0017
 102        0.0032
 103        0.0045
 104        0.1504
 105        0.1525
 106        0.1544
 107        0.1687
 108        0.1690
 109        0.1708
 110        0.1708
 111        0.1726
 112        0.1726
 113        0.1789
 114        0.3409
 115        0.3431
 116        0.3451
 117        0.3701
 118        0.3717
 119        0.3734
 120        0.3836
 121        0.3842
 122        0.3848
 123        0.4055
 124        0.4056
 125        0.4309
 126        0.4328
 127        0.4346
 128        0.4864
 129        0.4874
 130        0.4883
 131        0.4883
 132        0.4891
 133        0.4902
 134        0.6619
 135        0.6634
 136        0.6647
 137        0.7157
 138        0.7157
 139        0.7158
 140        0.8477
 141        0.8477
 142        0.9923
 143        0.9934
 144        0.9945
 145        1.1142
 146        1.1144
 147        1.1149
 148        1.1276
 149        1.1287
 150        1.1290
 151        1.1291
 152        1.1293
 153        1.1304
 154        1.2127
 155        1.2129
 156        1.2131
 157        1.2262
 158        1.2271
 159        1.2275
 160        1.2275
 161        1.2279
 162        1.2288
 163        1.2481
 164        1.2482
 165        1.2485
 166        1.3153
 167        1.3154
 168        1.3155
 169        2.1652
 170        2.1666
 171        2.1680
 172        3.0374
 173        3.0390
 174        3.0401
 175        3.0402
 176        3.0413
 177        3.0429
 178        3.6764
 179        3.6774
 180        3.6784
 181        4.0609
 182        4.0622
 183        4.0636
 184        4.9767
 185        4.9791
 186        4.9799
 187        4.9799
 188        4.9807
 189        4.9831
 190        5.3468
 191        5.3468
 192        5.3468
 193        6.1985
 194        6.2008
 195        6.2030
 196        6.4936
 197        6.4953
 198        6.4969
 199        7.5684
 200        7.5689
 201        7.5706
 202        7.5706
 203        7.5723
 204        7.5729
 205        8.5872
 206        8.5872
 207        8.5891
 208        8.5891
 209        8.5910
 210        8.5911
 211        8.7574
 212        8.7578
