   32   32  100    1
  0.2153695E+02  0.8833065E-09  0.8833065E-09  0.8833065E-09  0.5000000E-15
  1.000000000000000E-004
  CAR 
 No title                                
  352    4  212
 
  0.0000000E+00  0.0000000E+00  0.0000000E+00  0.3703704E-01
   1       -4.5330
   2       -2.5200
   3       -2.5200
   4       -2.5200
   5       -2.5200
   6       -2.5200
   7       -2.5200
   8       -2.3918
   9       -2.3918
  10       -2.3918
  11       -2.3918
  12       -2.1441
  13       -2.1441
  14       -2.1441
  15       -1.9469
  16       -1.9469
  17       -1.9469
  18       -1.4831
  19       -1.4831
  20       -1.4831
  21       -1.4831
  22       -1.4831
  23       -1.4831
  24       -1.4831
  25       -1.4831
  26       -1.4831
  27       -1.4831
  28       -1.4831
  29       -1.4831
  30       -1.3481
  31       -1.3481
  32       -1.3481
  33       -1.3481
  34       -1.3481
  35       -1.3481
  36       -1.3024
  37       -1.3024
  38       -1.3024
  39       -1.3024
  40       -1.3024
  41       -1.3024
  42       -0.8755
  43       -0.8755
  44       -0.8755
  45       -0.8755
  46       -0.8755
  47       -0.8755
  48       -0.8755
  49       -0.8755
  50       -0.8755
  51       -0.8755
  52       -0.8755
  53       -0.8755
  54       -0.8220
  55       -0.8220
  56       -0.8220
  57       -0.8220
  58       -0.8220
  59       -0.8220
  60       -0.8220
  61       -0.8220
  62       -0.8220
  63       -0.8220
  64       -0.8220
  65       -0.8220
  66       -0.6014
  67       -0.6014
  68       -0.6014
  69       -0.6014
  70       -0.6014
  71       -0.6014
  72       -0.6014
  73       -0.6014
  74       -0.6014
  75       -0.6014
  76       -0.6014
  77       -0.6014
  78       -0.5828
  79       -0.5828
  80       -0.5828
  81       -0.5828
  82       -0.5828
  83       -0.5828
  84       -0.5828
  85       -0.5828
  86       -0.5688
  87       -0.5688
  88       -0.5688
  89       -0.0299
  90       -0.0299
  91       -0.0299
  92       -0.0299
  93       -0.0299
  94       -0.0299
  95        0.0686
  96        0.0686
  97        0.0686
  98        0.0686
  99        0.0686
 100        0.0686
 101        0.0686
 102        0.0686
 103        0.0686
 104        0.0686
 105        0.0686
 106        0.0686
 107        0.2710
 108        0.2710
 109        0.2710
 110        0.2710
 111        0.2710
 112        0.2710
 113        0.2710
 114        0.2710
 115        0.2710
 116        0.2710
 117        0.2710
 118        0.2710
 119        0.3815
 120        0.3815
 121        0.3815
 122        0.3815
 123        0.3815
 124        0.3815
 125        0.4286
 126        0.4286
 127        0.4449
 128        0.4449
 129        0.4449
 130        0.4449
 131        0.4449
 132        0.4449
 133        0.4449
 134        0.4449
 135        0.4449
 136        0.4449
 137        0.4449
 138        0.4449
 139        0.7960
 140        0.7960
 141        0.7960
 142        0.7960
 143        0.7960
 144        0.7960
 145        1.1872
 146        1.1872
 147        1.1872
 148        1.2210
 149        1.2210
 150        1.2210
 151        1.2210
 152        1.2210
 153        1.2210
 154        1.2210
 155        1.2210
 156        1.4299
 157        1.4299
 158        1.4299
 159        1.4299
 160        1.4299
 161        1.4299
 162        1.4309
 163        1.4309
 164        1.4309
 165        1.4309
 166        1.4309
 167        1.4309
 168        2.6216
 169        2.6216
 170        2.6216
 171        2.6216
 172        2.6216
 173        2.6216
 174        2.6216
 175        2.6216
 176        2.6216
 177        2.6216
 178        2.6216
 179        2.6216
 180        3.1308
 181        3.1308
 182        3.1308
 183        3.1308
 184        4.7324
 185        4.7324
 186        4.7324
 187        5.1099
 188        5.1099
 189        5.1099
 190        5.1099
 191        6.7225
 192        6.7225
 193        6.7225
 194        6.7225
 195        6.7225
 196        6.7225
 197        7.2587
 198        7.2587
 199        7.2587
 200        8.7357
 201        8.7357
 202        8.7357
 203        8.7357
 204        8.7357
 205        8.7357
 206        8.7357
 207        8.7357
 208        8.7357
 209        8.7357
 210        8.7357
 211        8.7357
 212       10.4547
 
  0.3333333E+00  0.0000000E+00  0.8271806E-24  0.2222222E+00
   1       -4.2708
   2       -3.5239
   3       -2.3373
   4       -2.3373
   5       -2.3373
   6       -2.3373
   7       -2.2572
   8       -2.2572
   9       -2.2572
  10       -2.2572
  11       -2.0750
  12       -2.0108
  13       -1.9900
  14       -1.9900
  15       -1.8872
  16       -1.8872
  17       -1.8872
  18       -1.8872
  19       -1.8748
  20       -1.8748
  21       -1.8748
  22       -1.8748
  23       -1.8648
  24       -1.8201
  25       -1.8201
  26       -1.6342
  27       -1.6086
  28       -1.6086
  29       -1.4418
  30       -1.4418
  31       -1.2547
  32       -1.2547
  33       -1.2547
  34       -1.2547
  35       -1.2546
  36       -1.2546
  37       -1.2546
  38       -1.2546
  39       -1.2322
  40       -1.2322
  41       -1.2322
  42       -1.2322
  43       -1.0538
  44       -1.0538
  45       -1.0538
  46       -1.0538
  47       -0.9486
  48       -0.9202
  49       -0.9202
  50       -0.9202
  51       -0.9202
  52       -0.8516
  53       -0.8516
  54       -0.8516
  55       -0.8516
  56       -0.8114
  57       -0.8114
  58       -0.8114
  59       -0.8114
  60       -0.8052
  61       -0.8052
  62       -0.8052
  63       -0.8052
  64       -0.7205
  65       -0.7205
  66       -0.7205
  67       -0.7205
  68       -0.6734
  69       -0.6253
  70       -0.6253
  71       -0.6253
  72       -0.6253
  73       -0.5871
  74       -0.5871
  75       -0.5871
  76       -0.5871
  77       -0.4818
  78       -0.4818
  79       -0.4818
  80       -0.4818
  81       -0.4683
  82       -0.4683
  83       -0.3594
  84       -0.3594
  85       -0.3594
  86       -0.3594
  87       -0.2048
  88       -0.2048
  89       -0.2048
  90       -0.2048
  91       -0.1765
  92       -0.1765
  93       -0.1147
  94       -0.1147
  95       -0.1147
  96       -0.1147
  97        0.0053
  98        0.0053
  99        0.0655
 100        0.2310
 101        0.2310
 102        0.2310
 103        0.2310
 104        0.2666
 105        0.2666
 106        0.2666
 107        0.2666
 108        0.2887
 109        0.2887
 110        0.2887
 111        0.2887
 112        0.3029
 113        0.3029
 114        0.3029
 115        0.3029
 116        0.3207
 117        0.4069
 118        0.4069
 119        0.4069
 120        0.4069
 121        0.4284
 122        0.4284
 123        0.4284
 124        0.4284
 125        0.4765
 126        0.6095
 127        0.6489
 128        0.6489
 129        0.7490
 130        0.7490
 131        0.7490
 132        0.7490
 133        0.7690
 134        0.7690
 135        0.7690
 136        0.7690
 137        0.7941
 138        0.7941
 139        0.8095
 140        0.8095
 141        0.8095
 142        0.8095
 143        0.8837
 144        0.9174
 145        0.9174
 146        0.9884
 147        1.0341
 148        1.0341
 149        1.0341
 150        1.0341
 151        1.0351
 152        1.0351
 153        1.0884
 154        1.0884
 155        1.0884
 156        1.0884
 157        1.1333
 158        1.2346
 159        1.2346
 160        1.2346
 161        1.2346
 162        1.2452
 163        1.2452
 164        1.4302
 165        1.4302
 166        1.4307
 167        1.4307
 168        1.7260
 169        1.7260
 170        1.7260
 171        1.7260
 172        2.6669
 173        2.6669
 174        2.6669
 175        2.6669
 176        2.8515
 177        2.8515
 178        2.8515
 179        2.8515
 180        2.9199
 181        3.8812
 182        3.8812
 183        3.8812
 184        3.8812
 185        5.4539
 186        5.4539
 187        5.5649
 188        5.5649
 189        5.5649
 190        5.5649
 191        6.2129
 192        6.2129
 193        6.2129
 194        6.2129
 195        6.8528
 196        6.8528
 197        6.9722
 198        6.9722
 199        7.1217
 200        7.1217
 201        8.3839
 202        8.3839
 203        8.3839
 204        8.3839
 205        8.9353
 206        8.9353
 207        8.9353
 208        8.9353
 209        9.1687
 210        9.1688
 211        9.1692
 212        9.1712
 
  0.3333333E+00  0.3333333E+00  0.3308722E-23  0.4444444E+00
   1       -4.0189
   2       -3.3036
   3       -3.3036
   4       -2.6937
   5       -2.2818
   6       -2.2818
   7       -2.2664
   8       -2.2664
   9       -2.0963
  10       -2.0963
  11       -2.0963
  12       -2.0963
  13       -2.0147
  14       -2.0147
  15       -1.9143
  16       -1.9139
  17       -1.9139
  18       -1.8312
  19       -1.8312
  20       -1.7446
  21       -1.7446
  22       -1.6419
  23       -1.6339
  24       -1.6339
  25       -1.5942
  26       -1.5942
  27       -1.5942
  28       -1.5942
  29       -1.5351
  30       -1.5333
  31       -1.5333
  32       -1.5082
  33       -1.5082
  34       -1.3878
  35       -1.3878
  36       -1.3646
  37       -1.3646
  38       -1.2481
  39       -1.2481
  40       -1.2478
  41       -1.2478
  42       -1.2417
  43       -1.2417
  44       -1.1558
  45       -1.1558
  46       -1.0518
  47       -1.0518
  48       -0.9263
  49       -0.9263
  50       -0.9263
  51       -0.9263
  52       -0.9185
  53       -0.9180
  54       -0.9180
  55       -0.9097
  56       -0.7749
  57       -0.7749
  58       -0.7255
  59       -0.7255
  60       -0.7024
  61       -0.6311
  62       -0.6311
  63       -0.6311
  64       -0.6311
  65       -0.5904
  66       -0.5904
  67       -0.5390
  68       -0.5390
  69       -0.5390
  70       -0.5390
  71       -0.5275
  72       -0.5275
  73       -0.4510
  74       -0.4510
  75       -0.4328
  76       -0.4146
  77       -0.4146
  78       -0.4052
  79       -0.3567
  80       -0.3497
  81       -0.3023
  82       -0.3023
  83       -0.2857
  84       -0.2857
  85       -0.2819
  86       -0.2819
  87       -0.2655
  88       -0.2655
  89       -0.2655
  90       -0.2655
  91       -0.1740
  92       -0.1740
  93       -0.1529
  94       -0.1529
  95       -0.1529
  96       -0.1529
  97       -0.0699
  98       -0.0699
  99       -0.0611
 100       -0.0294
 101       -0.0294
 102       -0.0152
 103       -0.0152
 104        0.0460
 105        0.0460
 106        0.0460
 107        0.0460
 108        0.0836
 109        0.1706
 110        0.1706
 111        0.2945
 112        0.2945
 113        0.3010
 114        0.3062
 115        0.3062
 116        0.3452
 117        0.3452
 118        0.3932
 119        0.4812
 120        0.5895
 121        0.5895
 122        0.5895
 123        0.5895
 124        0.5934
 125        0.5934
 126        0.6497
 127        0.6791
 128        0.6791
 129        0.7150
 130        0.7150
 131        0.7767
 132        0.7767
 133        0.7767
 134        0.7767
 135        0.7838
 136        0.7838
 137        0.7894
 138        0.7894
 139        0.8736
 140        0.8736
 141        0.9118
 142        0.9367
 143        0.9367
 144        0.9440
 145        0.9677
 146        0.9677
 147        1.0132
 148        1.0132
 149        1.0132
 150        1.0132
 151        1.0707
 152        1.0707
 153        1.0726
 154        1.1530
 155        1.1530
 156        1.1736
 157        1.1736
 158        1.1753
 159        1.1753
 160        1.2389
 161        1.2389
 162        1.2407
 163        1.2407
 164        1.2435
 165        1.2435
 166        1.3014
 167        1.6874
 168        1.6874
 169        1.6874
 170        1.6874
 171        1.8041
 172        1.8041
 173        1.8255
 174        1.8255
 175        2.8374
 176        2.8374
 177        3.5874
 178        3.5874
 179        4.1308
 180        4.1308
 181        4.1308
 182        4.1308
 183        4.5098
 184        4.5098
 185        4.6501
 186        4.6501
 187        5.0694
 188        5.1525
 189        5.1525
 190        5.5973
 191        5.5973
 192        6.0635
 193        6.3065
 194        6.3065
 195        6.8533
 196        6.8533
 197        6.8924
 198        7.1183
 199        7.1183
 200        7.1183
 201        7.1183
 202        7.4627
 203        7.4627
 204        7.9272
 205        7.9272
 206        8.6936
 207        8.9869
 208        8.9869
 209        9.0754
 210        9.3561
 211        9.3599
 212        9.4011
 
  0.3333333E+00  0.3333333E+00  0.3333333E+00  0.2962963E+00
   1       -3.7841
   2       -3.1266
   3       -3.1266
   4       -3.1266
   5       -2.6606
   6       -2.6606
   7       -2.6606
   8       -2.5331
   9       -1.9355
  10       -1.9355
  11       -1.9355
  12       -1.8574
  13       -1.8574
  14       -1.8574
  15       -1.8153
  16       -1.8153
  17       -1.8153
  18       -1.6974
  19       -1.6974
  20       -1.6974
  21       -1.6974
  22       -1.6974
  23       -1.6974
  24       -1.6285
  25       -1.6285
  26       -1.6285
  27       -1.6101
  28       -1.6101
  29       -1.6101
  30       -1.6101
  31       -1.6101
  32       -1.6101
  33       -1.5539
  34       -1.5539
  35       -1.5539
  36       -1.3149
  37       -1.3149
  38       -1.3149
  39       -1.1688
  40       -1.1688
  41       -1.1688
  42       -1.1688
  43       -1.1688
  44       -1.1688
  45       -0.9260
  46       -0.9260
  47       -0.9260
  48       -0.9084
  49       -0.9084
  50       -0.9084
  51       -0.9084
  52       -0.9084
  53       -0.9084
  54       -0.8190
  55       -0.8190
  56       -0.8190
  57       -0.7918
  58       -0.7918
  59       -0.7918
  60       -0.6905
  61       -0.6387
  62       -0.6387
  63       -0.6387
  64       -0.5470
  65       -0.5470
  66       -0.5470
  67       -0.5470
  68       -0.5470
  69       -0.5470
  70       -0.4575
  71       -0.4575
  72       -0.4001
  73       -0.4001
  74       -0.3578
  75       -0.3578
  76       -0.3578
  77       -0.3255
  78       -0.3255
  79       -0.3255
  80       -0.3102
  81       -0.3102
  82       -0.3102
  83       -0.2709
  84       -0.2709
  85       -0.2709
  86       -0.2629
  87       -0.2629
  88       -0.2629
  89       -0.2629
  90       -0.2629
  91       -0.2629
  92       -0.2349
  93       -0.2349
  94       -0.2349
  95       -0.2103
  96       -0.2103
  97       -0.2103
  98       -0.1904
  99       -0.1904
 100       -0.1904
 101        0.0031
 102        0.0031
 103        0.0031
 104        0.1525
 105        0.1525
 106        0.1525
 107        0.1707
 108        0.1707
 109        0.1707
 110        0.1707
 111        0.1707
 112        0.1707
 113        0.1787
 114        0.3431
 115        0.3431
 116        0.3431
 117        0.3717
 118        0.3717
 119        0.3717
 120        0.3842
 121        0.3842
 122        0.3842
 123        0.4055
 124        0.4055
 125        0.4327
 126        0.4327
 127        0.4327
 128        0.4882
 129        0.4882
 130        0.4882
 131        0.4882
 132        0.4882
 133        0.4882
 134        0.6633
 135        0.6633
 136        0.6633
 137        0.7157
 138        0.7157
 139        0.7157
 140        0.8476
 141        0.8476
 142        0.9934
 143        0.9934
 144        0.9934
 145        1.1145
 146        1.1145
 147        1.1145
 148        1.1290
 149        1.1290
 150        1.1290
 151        1.1290
 152        1.1290
 153        1.1290
 154        1.2129
 155        1.2129
 156        1.2129
 157        1.2274
 158        1.2274
 159        1.2274
 160        1.2274
 161        1.2274
 162        1.2274
 163        1.2482
 164        1.2482
 165        1.2482
 166        1.3154
 167        1.3154
 168        1.3154
 169        2.1666
 170        2.1666
 171        2.1666
 172        3.0401
 173        3.0401
 174        3.0401
 175        3.0401
 176        3.0401
 177        3.0401
 178        3.6774
 179        3.6774
 180        3.6774
 181        4.0622
 182        4.0622
 183        4.0622
 184        4.9799
 185        4.9799
 186        4.9799
 187        4.9799
 188        4.9799
 189        4.9799
 190        5.3468
 191        5.3468
 192        5.3468
 193        6.2008
 194        6.2008
 195        6.2008
 196        6.4952
 197        6.4952
 198        6.4952
 199        7.5706
 200        7.5706
 201        7.5706
 202        7.5706
 203        7.5706
 204        7.5706
 205        8.5891
 206        8.5891
 207        8.5891
 208        8.5891
 209        8.5891
 210        8.5896
 211        8.7576
 212        8.7576
