  108  108  100    1
  0.1391993E+02  0.1145566E-08  0.1145566E-08  0.1145566E-08  0.5000000E-15
  1.000000000000000E-004
  CAR 
 No title                                
 1188    1  712
 
  0.2500000E+00  0.2500000E+00  0.2500000E+00  0.1000000E+01
   1       -5.4441
   2       -4.8562
   3       -4.8562
   4       -4.8562
   5       -4.2905
   6       -4.2905
   7       -4.2905
   8       -3.7629
   9       -3.7427
  10       -3.7427
  11       -3.7427
  12       -3.2341
  13       -3.2341
  14       -3.2341
  15       -3.2341
  16       -3.2341
  17       -3.2341
  18       -2.8128
  19       -2.8128
  20       -2.8128
  21       -2.3679
  22       -2.3679
  23       -2.3679
  24       -2.3395
  25       -2.3395
  26       -2.3395
  27       -2.1501
  28       -2.1501
  29       -2.1501
  30       -1.9778
  31       -1.9778
  32       -1.9778
  33       -1.9778
  34       -1.9778
  35       -1.9778
  36       -1.9061
  37       -1.7757
  38       -1.7757
  39       -1.7757
  40       -1.6454
  41       -1.6454
  42       -1.6454
  43       -1.5677
  44       -1.5677
  45       -1.5677
  46       -1.5462
  47       -1.5462
  48       -1.5462
  49       -1.5462
  50       -1.5462
  51       -1.5462
  52       -1.4574
  53       -1.4574
  54       -1.4574
  55       -1.4140
  56       -1.4140
  57       -1.4140
  58       -1.4140
  59       -1.4140
  60       -1.4140
  61       -1.3402
  62       -1.3402
  63       -1.3402
  64       -1.2912
  65       -1.2912
  66       -1.2912
  67       -1.2912
  68       -1.2912
  69       -1.2912
  70       -1.2284
  71       -1.2284
  72       -1.2284
  73       -1.2284
  74       -1.2284
  75       -1.2284
  76       -1.1884
  77       -1.1884
  78       -1.1884
  79       -1.1123
  80       -1.1123
  81       -1.1123
  82       -1.1123
  83       -1.1123
  84       -1.1123
  85       -1.1091
  86       -1.1091
  87       -1.1091
  88       -1.0632
  89       -1.0632
  90       -1.0632
  91       -1.0257
  92       -1.0257
  93       -1.0257
  94       -0.9791
  95       -0.9791
  96       -0.9791
  97       -0.9654
  98       -0.9654
  99       -0.9654
 100       -0.9654
 101       -0.9654
 102       -0.9654
 103       -0.9283
 104       -0.9283
 105       -0.9283
 106       -0.9283
 107       -0.9283
 108       -0.9283
 109       -0.9195
 110       -0.9195
 111       -0.9195
 112       -0.9195
 113       -0.9195
 114       -0.9195
 115       -0.8571
 116       -0.8571
 117       -0.8571
 118       -0.8525
 119       -0.8525
 120       -0.8525
 121       -0.8525
 122       -0.8525
 123       -0.8525
 124       -0.8415
 125       -0.8415
 126       -0.8415
 127       -0.8415
 128       -0.8415
 129       -0.8415
 130       -0.7518
 131       -0.7518
 132       -0.7518
 133       -0.7116
 134       -0.7116
 135       -0.7116
 136       -0.7116
 137       -0.7116
 138       -0.7116
 139       -0.7073
 140       -0.7073
 141       -0.7073
 142       -0.6893
 143       -0.6893
 144       -0.6893
 145       -0.6893
 146       -0.6893
 147       -0.6893
 148       -0.6574
 149       -0.6574
 150       -0.6574
 151       -0.6574
 152       -0.6574
 153       -0.6574
 154       -0.6392
 155       -0.6392
 156       -0.6392
 157       -0.6392
 158       -0.6392
 159       -0.6392
 160       -0.5289
 161       -0.5289
 162       -0.5289
 163       -0.5289
 164       -0.5289
 165       -0.5289
 166       -0.4855
 167       -0.4855
 168       -0.4855
 169       -0.4802
 170       -0.4802
 171       -0.4802
 172       -0.4688
 173       -0.4688
 174       -0.4688
 175       -0.4688
 176       -0.4688
 177       -0.4688
 178       -0.4595
 179       -0.4595
 180       -0.4595
 181       -0.4490
 182       -0.4490
 183       -0.4490
 184       -0.4490
 185       -0.4490
 186       -0.4490
 187       -0.4234
 188       -0.4234
 189       -0.4234
 190       -0.3737
 191       -0.3737
 192       -0.3737
 193       -0.3737
 194       -0.3737
 195       -0.3737
 196       -0.3353
 197       -0.3353
 198       -0.3353
 199       -0.3198
 200       -0.3198
 201       -0.3198
 202       -0.3198
 203       -0.3198
 204       -0.3198
 205       -0.2972
 206       -0.2972
 207       -0.2972
 208       -0.2965
 209       -0.2965
 210       -0.2965
 211       -0.2851
 212       -0.2851
 213       -0.2851
 214       -0.2675
 215       -0.2591
 216       -0.2591
 217       -0.2591
 218       -0.2591
 219       -0.2591
 220       -0.2591
 221       -0.2532
 222       -0.2532
 223       -0.2532
 224       -0.2344
 225       -0.2344
 226       -0.2344
 227       -0.2344
 228       -0.2344
 229       -0.2344
 230       -0.2276
 231       -0.2276
 232       -0.2276
 233       -0.2276
 234       -0.2276
 235       -0.2276
 236       -0.1696
 237       -0.1696
 238       -0.1696
 239       -0.1400
 240       -0.1400
 241       -0.1400
 242       -0.1335
 243       -0.1335
 244       -0.1335
 245       -0.1335
 246       -0.1335
 247       -0.1335
 248       -0.1267
 249       -0.1164
 250       -0.1164
 251       -0.1164
 252       -0.1164
 253       -0.1164
 254       -0.1164
 255       -0.1095
 256       -0.1095
 257       -0.1095
 258       -0.0853
 259       -0.0853
 260       -0.0853
 261       -0.0837
 262       -0.0837
 263       -0.0506
 264       -0.0506
 265       -0.0502
 266       -0.0502
 267       -0.0502
 268       -0.0424
 269       -0.0424
 270       -0.0424
 271       -0.0323
 272       -0.0323
 273       -0.0323
 274       -0.0131
 275       -0.0131
 276       -0.0131
 277       -0.0086
 278       -0.0086
 279       -0.0086
 280       -0.0086
 281       -0.0086
 282       -0.0086
 283       -0.0073
 284       -0.0073
 285       -0.0073
 286       -0.0073
 287       -0.0073
 288       -0.0073
 289        0.0068
 290        0.0068
 291        0.0068
 292        0.0352
 293        0.0352
 294        0.0447
 295        0.0447
 296        0.0448
 297        0.0448
 298        0.0448
 299        0.0448
 300        0.0488
 301        0.0488
 302        0.0488
 303        0.0494
 304        0.0494
 305        0.0494
 306        0.0517
 307        0.0517
 308        0.0517
 309        0.0658
 310        0.0658
 311        0.0658
 312        0.0903
 313        0.0903
 314        0.0903
 315        0.0966
 316        0.0966
 317        0.0966
 318        0.1120
 319        0.1120
 320        0.1120
 321        0.1120
 322        0.1120
 323        0.1120
 324        0.1175
 325        0.1175
 326        0.1175
 327        0.1188
 328        0.1188
 329        0.1188
 330        0.1205
 331        0.1205
 332        0.1205
 333        0.1348
 334        0.1348
 335        0.1348
 336        0.2029
 337        0.2029
 338        0.2029
 339        0.2050
 340        0.2050
 341        0.2050
 342        0.2180
 343        0.2180
 344        0.2180
 345        0.2180
 346        0.2180
 347        0.2180
 348        0.2500
 349        0.2500
 350        0.2500
 351        0.2900
 352        0.2900
 353        0.2900
 354        0.2900
 355        0.2900
 356        0.2900
 357        0.3306
 358        0.3306
 359        0.3306
 360        0.3333
 361        0.3333
 362        0.3333
 363        0.3333
 364        0.3333
 365        0.3333
 366        0.3439
 367        0.3439
 368        0.3439
 369        0.3439
 370        0.3439
 371        0.3439
 372        0.4157
 373        0.4157
 374        0.4157
 375        0.4299
 376        0.4299
 377        0.4299
 378        0.4299
 379        0.4299
 380        0.4299
 381        0.4309
 382        0.4309
 383        0.4309
 384        0.4311
 385        0.4311
 386        0.4311
 387        0.4314
 388        0.4314
 389        0.4314
 390        0.4729
 391        0.4729
 392        0.4729
 393        0.4729
 394        0.4729
 395        0.4729
 396        0.4869
 397        0.4869
 398        0.4869
 399        0.4869
 400        0.4869
 401        0.4869
 402        0.4896
 403        0.4896
 404        0.4896
 405        0.5101
 406        0.5101
 407        0.5101
 408        0.5113
 409        0.5113
 410        0.5113
 411        0.5113
 412        0.5113
 413        0.5113
 414        0.5413
 415        0.5413
 416        0.5431
 417        0.5431
 418        0.5431
 419        0.5648
 420        0.5648
 421        0.5648
 422        0.5648
 423        0.5648
 424        0.5648
 425        0.5800
 426        0.5800
 427        0.5800
 428        0.6109
 429        0.6109
 430        0.6109
 431        0.6174
 432        0.6174
 433        0.6240
 434        0.6240
 435        0.6240
 436        0.6667
 437        0.6667
 438        0.6667
 439        0.6667
 440        0.6667
 441        0.6667
 442        0.6754
 443        0.6754
 444        0.6754
 445        0.6857
 446        0.6857
 447        0.6857
 448        0.6857
 449        0.6857
 450        0.6857
 451        0.7290
 452        0.7290
 453        0.7290
 454        0.7464
 455        0.7464
 456        0.7464
 457        0.7501
 458        0.7501
 459        0.7501
 460        0.7607
 461        0.7607
 462        0.7607
 463        0.7607
 464        0.7607
 465        0.7607
 466        0.7666
 467        0.7666
 468        0.7666
 469        0.7716
 470        0.7716
 471        0.7716
 472        0.7750
 473        0.7750
 474        0.7750
 475        0.7750
 476        0.7750
 477        0.7750
 478        0.8193
 479        0.8193
 480        0.8193
 481        0.8268
 482        0.8268
 483        0.8268
 484        0.8667
 485        0.8667
 486        0.8667
 487        0.8817
 488        0.8817
 489        0.8817
 490        0.9050
 491        0.9050
 492        0.9050
 493        0.9050
 494        0.9050
 495        0.9050
 496        0.9059
 497        0.9059
 498        0.9059
 499        0.9059
 500        0.9059
 501        0.9059
 502        0.9096
 503        0.9096
 504        0.9096
 505        0.9096
 506        0.9096
 507        0.9096
 508        0.9118
 509        0.9118
 510        0.9118
 511        0.9118
 512        0.9118
 513        0.9118
 514        0.9175
 515        0.9175
 516        0.9175
 517        0.9188
 518        0.9188
 519        0.9188
 520        0.9331
 521        0.9331
 522        0.9532
 523        0.9551
 524        0.9551
 525        0.9551
 526        0.9551
 527        0.9551
 528        0.9551
 529        0.9652
 530        0.9652
 531        0.9652
 532        0.9652
 533        0.9652
 534        0.9652
 535        0.9720
 536        0.9720
 537        0.9720
 538        0.9750
 539        0.9750
 540        0.9750
 541        0.9890
 542        0.9890
 543        0.9890
 544        0.9969
 545        0.9969
 546        0.9969
 547        1.0228
 548        1.0228
 549        1.0228
 550        1.0511
 551        1.0511
 552        1.0511
 553        1.0511
 554        1.0511
 555        1.0511
 556        1.0571
 557        1.0571
 558        1.0571
 559        1.0571
 560        1.0571
 561        1.0571
 562        1.0700
 563        1.0700
 564        1.0700
 565        1.2047
 566        1.2047
 567        1.2047
 568        1.3333
 569        1.3333
 570        1.3333
 571        1.3872
 572        1.3872
 573        1.3872
 574        1.3872
 575        1.3872
 576        1.3872
 577        1.5760
 578        1.5760
 579        1.5760
 580        1.8895
 581        1.8895
 582        1.8895
 583        2.1838
 584        2.1838
 585        2.1838
 586        2.1838
 587        2.1838
 588        2.1838
 589        2.2562
 590        2.2562
 591        2.2562
 592        2.2562
 593        2.2562
 594        2.2562
 595        2.4122
 596        2.4122
 597        2.4122
 598        2.7397
 599        2.7397
 600        2.7397
 601        2.7397
 602        2.7397
 603        2.7397
 604        3.3110
 605        3.3110
 606        3.3110
 607        3.4785
 608        3.4785
 609        3.4785
 610        3.4911
 611        3.4911
 612        3.4911
 613        3.9261
 614        3.9261
 615        3.9261
 616        3.9356
 617        3.9356
 618        3.9356
 619        3.9356
 620        3.9356
 621        3.9356
 622        4.2267
 623        4.2267
 624        4.2267
 625        4.2267
 626        4.2267
 627        4.2267
 628        4.9326
 629        4.9326
 630        4.9326
 631        4.9326
 632        4.9326
 633        4.9326
 634        5.5196
 635        5.5196
 636        5.5196
 637        5.5196
 638        5.5196
 639        5.5196
 640        5.7360
 641        5.7360
 642        5.7360
 643        5.8137
 644        5.8137
 645        5.8137
 646        6.1047
 647        6.1047
 648        6.1047
 649        6.4232
 650        6.4232
 651        6.4232
 652        6.4232
 653        6.4232
 654        6.4232
 655        6.4450
 656        6.4450
 657        6.4450
 658        6.4450
 659        6.4450
 660        6.4450
 661        7.1100
 662        7.1921
 663        7.1921
 664        7.1921
 665        7.1921
 666        7.1921
 667        7.1921
 668        7.5355
 669        7.5355
 670        7.5355
 671        7.5355
 672        7.5355
 673        7.5355
 674        7.7654
 675        7.7654
 676        7.7654
 677        8.2691
 678        8.2691
 679        8.2691
 680        8.2691
 681        8.2691
 682        8.2691
 683        8.4356
 684        8.4356
 685        8.4356
 686        8.4434
 687        8.4434
 688        8.4434
 689        8.9387
 690        8.9387
 691        8.9387
 692        8.9387
 693        8.9387
 694        8.9387
 695        9.2092
 696        9.2092
 697        9.2092
 698        9.3161
 699        9.3161
 700        9.3161
 701        9.6741
 702        9.6741
 703        9.6741
 704        9.6859
 705        9.6859
 706        9.6859
 707        9.6859
 708        9.6859
 709        9.6859
 710       10.1089
 711       10.1129
 712       10.1289
