   32   32    1    1
  0.2015424E+02  0.8639835E-09  0.8639835E-09  0.8639835E-09  0.5000000E-15
  1.000000000000000E-004
  CAR 
 al100                                   
   96    6   68
 
  0.0000000E+00  0.0000000E+00  0.0000000E+00  0.3703704E-01
   1       -3.7611
   2       -1.7971
   3       -1.7906
   4       -1.7906
   5       -1.7906
   6       -1.7906
   7       -1.7843
   8        0.1441
   9        0.1527
  10        0.1527
  11        0.1553
  12        0.1556
  13        0.1556
  14        0.1556
  15        0.1556
  16        0.1559
  17        0.1585
  18        0.1585
  19        0.1671
  20        1.9286
  21        1.9286
  22        1.9287
  23        1.9287
  24        2.2404
  25        2.2405
  26        2.2405
  27        2.2405
  28        3.6205
  29        3.6205
  30        3.6206
  31        4.4245
  32        4.4246
  33        4.4246
  34        5.4632
  35        5.4632
  36        5.4709
  37        5.4709
  38        5.4709
  39        5.4709
  40        5.4709
  41        5.4709
  42        5.4709
  43        5.4710
  44        5.4785
  45        5.4785
  46        6.1493
  47        6.1506
  48        6.1506
  49        6.1506
  50        6.1507
  51        6.1518
  52        6.5475
  53        6.5547
  54        6.5547
  55        6.5547
  56        6.5547
  57        6.5617
  58        7.3130
  59        7.3153
  60        7.3171
  61        7.3202
  62        7.3204
  63        7.3204
  64        7.3205
  65        7.3206
  66        7.3233
  67        7.3267
  68        7.3279
 
  0.3333333E+00  0.0000000E+00  0.0000000E+00  0.7407407E-01
   1       -3.5410
   2       -2.8825
   3       -1.5734
   4       -1.5733
   5       -1.5733
   6       -1.5733
   7       -0.9230
   8       -0.9229
   9       -0.9229
  10       -0.9229
  11       -0.2744
  12        0.3696
  13        0.3696
  14        0.3696
  15        0.3696
  16        1.0083
  17        1.0083
  18        1.0083
  19        1.0083
  20        1.6475
  21        1.6532
  22        1.6532
  23        1.6532
  24        1.6542
  25        3.5497
  26        3.5497
  27        3.5497
  28        3.5498
  29        3.5753
  30        3.5754
  31        3.5754
  32        3.5754
  33        3.8260
  34        3.8260
  35        4.4426
  36        4.4426
  37        4.6393
  38        4.6394
  39        5.2765
  40        5.2765
  41        5.4460
  42        5.4460
  43        5.4460
  44        5.4461
  45        5.6764
  46        5.6764
  47        5.6764
  48        5.6764
  49        6.2930
  50        6.2930
  51        6.2930
  52        6.2930
  53        6.5599
  54        6.5599
  55        6.5600
  56        6.5600
  57        6.7836
  58        6.9110
  59        6.9110
  60        7.1919
  61        7.1919
  62        7.1919
  63        7.1919
  64        7.8137
  65        7.8137
  66        8.6525
  67        8.6529
  68        8.6554
 
  0.0000000E+00  0.3333333E+00  0.0000000E+00  0.1481481E+00
   1       -3.5410
   2       -2.8825
   3       -1.5784
   4       -1.5733
   5       -1.5733
   6       -1.5683
   7       -0.9280
   8       -0.9229
   9       -0.9229
  10       -0.9179
  11       -0.2744
  12        0.3654
  13        0.3677
  14        0.3716
  15        0.3738
  16        1.0041
  17        1.0064
  18        1.0103
  19        1.0125
  20        1.6482
  21        1.6484
  22        1.6532
  23        1.6532
  24        1.6582
  25        3.5448
  26        3.5498
  27        3.5498
  28        3.5548
  29        3.5711
  30        3.5733
  31        3.5773
  32        3.5795
  33        3.8260
  34        3.8261
  35        4.4426
  36        4.4427
  37        4.6393
  38        4.6394
  39        5.2764
  40        5.2766
  41        5.4417
  42        5.4441
  43        5.4480
  44        5.4504
  45        5.6716
  46        5.6764
  47        5.6765
  48        5.6812
  49        6.2882
  50        6.2930
  51        6.2930
  52        6.2978
  53        6.5565
  54        6.5600
  55        6.5600
  56        6.5634
  57        6.7835
  58        6.9110
  59        6.9111
  60        7.1884
  61        7.1919
  62        7.1922
  63        7.1954
  64        7.8137
  65        7.8209
  66        8.6531
  67        8.7547
  68        8.7566
 
  0.3333333E+00  0.3333333E+00  0.0000000E+00  0.2962963E+00
   1       -3.3213
   2       -2.6657
   3       -2.6617
   4       -2.0088
   5       -1.3564
   6       -1.3563
   7       -0.7099
   8       -0.7081
   9       -0.7059
  10       -0.7042
  11       -0.0636
  12       -0.0610
  13       -0.0597
  14       -0.0560
  15        0.5839
  16        0.5862
  17        1.8576
  18        1.8610
  19        1.8624
  20        1.8624
  21        1.8645
  22        1.8675
  23        2.3647
  24        2.3647
  25        2.4945
  26        2.4986
  27        2.6518
  28        2.6518
  29        3.1352
  30        3.6564
  31        3.6565
  32        3.8744
  33        3.8745
  34        4.0315
  35        4.4000
  36        4.4017
  37        4.4041
  38        4.4058
  39        4.6460
  40        4.6504
  41        4.8509
  42        4.9859
  43        4.9863
  44        5.0398
  45        5.0398
  46        5.2649
  47        5.5369
  48        5.5417
  49        6.1483
  50        6.8892
  51        6.8950
  52        6.8965
  53        6.8969
  54        6.8987
  55        6.9885
  56        6.9905
  57        7.1141
  58        7.1185
  59        7.5702
  60        7.5702
  61        7.7302
  62        7.7340
  63        8.0540
  64        8.0591
  65        8.6137
  66        8.7303
  67        8.7333
  68        8.7341
 
  0.0000000E+00  0.3333333E+00  0.3333333E+00  0.1481481E+00
   1       -3.3213
   2       -2.6637
   3       -2.6637
   4       -2.0089
   5       -1.3594
   6       -1.3532
   7       -0.7121
   8       -0.7081
   9       -0.7059
  10       -0.7019
  11       -0.0644
  12       -0.0597
  13       -0.0591
  14       -0.0571
  15        0.5850
  16        0.5850
  17        1.8581
  18        1.8603
  19        1.8609
  20        1.8626
  21        1.8647
  22        1.8686
  23        2.3647
  24        2.3648
  25        2.4964
  26        2.4965
  27        2.6518
  28        2.6519
  29        3.1352
  30        3.6564
  31        3.6564
  32        3.8745
  33        3.8745
  34        4.0316
  35        4.3978
  36        4.4017
  37        4.4041
  38        4.4080
  39        4.6482
  40        4.6483
  41        4.8509
  42        4.9861
  43        4.9861
  44        5.0366
  45        5.0429
  46        5.2649
  47        5.5393
  48        5.5393
  49        6.1482
  50        6.8895
  51        6.8926
  52        6.8945
  53        6.8990
  54        6.9008
  55        6.9893
  56        6.9894
  57        7.1163
  58        7.1165
  59        7.5701
  60        7.5702
  61        7.7321
  62        7.7322
  63        8.0565
  64        8.0566
  65        8.6137
  66        8.7313
  67        8.7333
  68        8.7337
 
  0.3333333E+00  0.3333333E+00  0.3333333E+00  0.2962963E+00
   1       -3.1018
   2       -2.4480
   3       -2.4451
   4       -2.4424
   5       -1.7941
   6       -1.7913
   7       -1.7885
   8       -1.1403
   9        0.1529
  10        0.1557
  11        0.1585
  12        0.7935
  13        0.7968
  14        0.7986
  15        0.7986
  16        0.8004
  17        0.8037
  18        1.4347
  19        1.4363
  20        1.4379
  21        2.0712
  22        2.0727
  23        2.0743
  24        2.7012
  25        2.7043
  26        2.7063
  27        2.7063
  28        2.7082
  29        2.7113
  30        3.2258
  31        3.2288
  32        3.2317
  33        3.4662
  34        3.4689
  35        3.4717
  36        3.9921
  37        3.9937
  38        3.9953
  39        5.2311
  40        5.2319
  41        5.2339
  42        5.2340
  43        5.2360
  44        5.2367
  45        5.8570
  46        5.8577
  47        5.8598
  48        5.8598
  49        5.8620
  50        5.8627
  51        6.4948
  52        7.0389
  53        7.0399
  54        7.0407
  55        7.2490
  56        7.2513
  57        7.2537
  58        7.7025
  59        7.7054
  60        7.7082
  61        7.8207
  62        7.8207
  63        7.8232
  64        7.8232
  65        7.8256
  66        7.8257
  67        8.3356
  68        8.3370
