   32   32  100    1
  0.2015424E+02  0.8639835E-09  0.8639835E-09  0.8639835E-09  0.5000000E-15
  1.000000000000000E-004
  CAR 
 al100                                   
   96    4   68
 
  0.0000000E+00  0.0000000E+00  0.0000000E+00  0.3703704E-01
   1       -3.7610
   2       -1.7906
   3       -1.7906
   4       -1.7906
   5       -1.7906
   6       -1.7906
   7       -1.7906
   8        0.1557
   9        0.1557
  10        0.1557
  11        0.1557
  12        0.1557
  13        0.1557
  14        0.1557
  15        0.1557
  16        0.1557
  17        0.1557
  18        0.1557
  19        0.1557
  20        1.9288
  21        1.9288
  22        1.9288
  23        1.9288
  24        2.2405
  25        2.2405
  26        2.2405
  27        2.2405
  28        3.6206
  29        3.6206
  30        3.6206
  31        4.4246
  32        4.4246
  33        4.4246
  34        5.4710
  35        5.4710
  36        5.4710
  37        5.4710
  38        5.4710
  39        5.4710
  40        5.4710
  41        5.4710
  42        5.4710
  43        5.4710
  44        5.4710
  45        5.4710
  46        6.1507
  47        6.1507
  48        6.1507
  49        6.1507
  50        6.1507
  51        6.1507
  52        6.5547
  53        6.5547
  54        6.5547
  55        6.5547
  56        6.5547
  57        6.5547
  58        7.3205
  59        7.3205
  60        7.3205
  61        7.3205
  62        7.3205
  63        7.3205
  64        7.3205
  65        7.3205
  66        7.3205
  67        7.3205
  68        7.3205
 
  0.3333333E+00  0.1068763E-24  0.1141392E-24  0.2222222E+00
   1       -3.5409
   2       -2.8824
   3       -1.5732
   4       -1.5732
   5       -1.5732
   6       -1.5732
   7       -0.9229
   8       -0.9229
   9       -0.9229
  10       -0.9229
  11       -0.2743
  12        0.3697
  13        0.3697
  14        0.3697
  15        0.3697
  16        1.0084
  17        1.0084
  18        1.0084
  19        1.0084
  20        1.6484
  21        1.6533
  22        1.6533
  23        1.6533
  24        1.6533
  25        3.5499
  26        3.5499
  27        3.5499
  28        3.5499
  29        3.5754
  30        3.5754
  31        3.5754
  32        3.5754
  33        3.8261
  34        3.8261
  35        4.4427
  36        4.4427
  37        4.6394
  38        4.6394
  39        5.2766
  40        5.2766
  41        5.4461
  42        5.4461
  43        5.4461
  44        5.4461
  45        5.6765
  46        5.6765
  47        5.6765
  48        5.6765
  49        6.2931
  50        6.2931
  51        6.2931
  52        6.2931
  53        6.5600
  54        6.5600
  55        6.5600
  56        6.5600
  57        6.7836
  58        6.9111
  59        6.9111
  60        7.1920
  61        7.1920
  62        7.1920
  63        7.1920
  64        7.8137
  65        7.8137
  66        8.6541
  67        8.6586
  68        8.6827
 
  0.3333333E+00  0.3333333E+00  0.3627017E-24  0.4444444E+00
   1       -3.3212
   2       -2.6636
   3       -2.6636
   4       -2.0088
   5       -1.3563
   6       -1.3563
   7       -0.7069
   8       -0.7069
   9       -0.7069
  10       -0.7069
  11       -0.0609
  12       -0.0609
  13       -0.0591
  14       -0.0591
  15        0.5851
  16        0.5851
  17        1.8608
  18        1.8608
  19        1.8635
  20        1.8635
  21        1.8635
  22        1.8635
  23        2.3648
  24        2.3648
  25        2.4966
  26        2.4966
  27        2.6519
  28        2.6519
  29        3.1353
  30        3.6565
  31        3.6565
  32        3.8745
  33        3.8745
  34        4.0316
  35        4.4030
  36        4.4030
  37        4.4030
  38        4.4030
  39        4.6482
  40        4.6482
  41        4.8509
  42        4.9862
  43        4.9862
  44        5.0398
  45        5.0398
  46        5.2649
  47        5.5394
  48        5.5394
  49        6.1483
  50        6.8896
  51        6.8968
  52        6.8968
  53        6.8968
  54        6.8968
  55        6.9895
  56        6.9895
  57        7.1164
  58        7.1164
  59        7.5703
  60        7.5703
  61        7.7321
  62        7.7321
  63        8.0566
  64        8.0566
  65        8.6132
  66        8.6185
  67        8.7323
  68        8.7337
 
  0.3333333E+00  0.3333333E+00  0.3333333E+00  0.2962963E+00
   1       -3.1017
   2       -2.4451
   3       -2.4451
   4       -2.4451
   5       -1.7912
   6       -1.7912
   7       -1.7912
   8       -1.1402
   9        0.1558
  10        0.1558
  11        0.1558
  12        0.7987
  13        0.7987
  14        0.7987
  15        0.7987
  16        0.7987
  17        0.7987
  18        1.4364
  19        1.4364
  20        1.4364
  21        2.0728
  22        2.0728
  23        2.0728
  24        2.7063
  25        2.7063
  26        2.7063
  27        2.7063
  28        2.7063
  29        2.7063
  30        3.2288
  31        3.2288
  32        3.2288
  33        3.4690
  34        3.4690
  35        3.4690
  36        3.9938
  37        3.9938
  38        3.9938
  39        5.2340
  40        5.2340
  41        5.2340
  42        5.2340
  43        5.2340
  44        5.2340
  45        5.8599
  46        5.8599
  47        5.8599
  48        5.8599
  49        5.8599
  50        5.8599
  51        6.4948
  52        7.0399
  53        7.0399
  54        7.0399
  55        7.2514
  56        7.2514
  57        7.2514
  58        7.7054
  59        7.7054
  60        7.7054
  61        7.8232
  62        7.8232
  63        7.8232
  64        7.8232
  65        7.8232
  66        7.8232
  67        8.3359
  68        8.3361
