   1   4   1   0  0.1063590E+02  0.1000000E-03
  CAR 
 unknown system                          
   0   0   0
   1   1
 256 256 256
 256
  0.1000000E-09
  0.6250000E-11
   0
  0.5000000E-15  0.3490959E-09  0.3490959E-09  0.3490959E-09
  0.0000000E+00  0.0000000E+00
  0.000
  0.000
  0.000
  0.000
  0.000
  0.000
  0.000
  0.000
  0.000
  0.000
  0.000
  0.000
  0.000
  0.000
  0.000
  0.000
  0.000
  0.000
  0.000
  0.000
  0.000
  0.000
  0.000
  0.000
  0.000
  0.000
  0.000
  0.000
  0.000
  0.000
  0.000
  0.000
  0.000
  0.000
  0.000
  0.000
  0.000
  0.000
  0.000
 26.662
  0.000
  0.000
  0.000
  0.000
  0.000
  0.000
  0.000
  0.000
  0.000
  0.000
  0.000
  0.000
  0.000
  0.000
  0.000
  0.000
  0.000
  0.000
  0.000
  0.000
  0.000
  0.000
  0.000
  0.000
  0.000
  0.000
  0.000
  0.000
 17.732
  0.000
  0.000
  0.000
  0.000
  0.000
  0.000
  0.000
  0.000
  0.000
  0.000
  0.000
  0.000
  0.000
  0.000
  0.000
  0.000
  0.000
  0.000
  0.000
 10.623
  0.000
  0.000
  0.000
  0.000
  0.000
  0.000
  0.000
  0.000
  0.000
  0.000
  0.000
  0.000
  0.000
  0.000
  0.000
 15.238
  0.000
  0.000
  0.000
  0.000
  0.000
  0.000
  0.000
  0.000
  0.000
  0.000
  0.000
  0.000
  0.000
  8.888
  0.000
  0.000
  0.000
  0.000
  0.000
  0.000
  0.000
  0.000
  0.000
  0.000
  0.000
  4.886
  0.000
  0.000
  0.000
  0.000
  0.000
  0.000
  0.000
  0.000
  0.000
  0.000
  0.000
 12.292
  0.000
  0.000
  0.000
  0.000
  0.000
  0.000
  0.000
  0.000
  0.000
  7.155
  0.000
  0.000
  0.000
  0.000
  0.000
  0.000
  0.000
  0.000
  0.000
  6.302
  0.000
  0.000
  0.000
  0.000
  0.000
  0.000
  0.000
  0.000
  0.000
  8.388
  0.000
  0.000
  0.000
  0.000
  0.000
  0.000
  0.000
  5.108
  0.000
  0.000
  0.000
  0.000
  0.000
  0.000
  0.000
  0.000
  4.634
  0.000
  0.000
  0.000
  0.000
  0.000
  0.000
  0.000
  7.466
  0.000
  0.000
  0.000
  0.000
  0.000
  0.000
  0.000
  7.881
  0.000
  0.000
  0.000
  0.000
  0.000
  0.000
  1.843
  0.000
  0.000
  0.000
  0.000
  0.000
  0.000
  6.908
  0.000
  0.000
  0.000
  0.000
  0.000
  0.000
  6.487
  0.000
  0.000
  0.000
  0.000
  0.000
  0.000
  3.052
  0.000
  0.000
  0.000
  0.000
  0.000
  0.000
  7.192
  0.000
  0.000
  0.000
  0.000
  0.000
  2.739
  0.000
  0.000
  0.000
  0.000
  0.000
  2.610
  0.000
  0.000
  0.000
