   32   32  100    1
  0.1865664E+02  0.8420305E-09  0.8420305E-09  0.8420305E-09  0.5000000E-15
  1.000000000000000E-004
  CAR 
 No title                                
  352    1  212
 
  0.2500000E+00  0.2500000E+00  0.2500000E+00  0.1000000E+01
   1       -3.7980
   2       -2.6269
   3       -2.6269
   4       -2.6269
   5       -1.9491
   6       -1.8579
   7       -1.8579
   8       -1.8579
   9       -1.5654
  10       -1.5654
  11       -1.5654
  12       -1.4182
  13       -1.4182
  14       -1.4182
  15       -1.3387
  16       -1.3387
  17       -1.3387
  18       -1.1310
  19       -1.1310
  20       -1.1310
  21       -0.9915
  22       -0.9915
  23       -0.9915
  24       -0.9915
  25       -0.9915
  26       -0.9915
  27       -0.8908
  28       -0.8908
  29       -0.8908
  30       -0.8433
  31       -0.8433
  32       -0.8433
  33       -0.8433
  34       -0.8433
  35       -0.8433
  36       -0.7177
  37       -0.7177
  38       -0.7177
  39       -0.4546
  40       -0.4546
  41       -0.4546
  42       -0.4546
  43       -0.4546
  44       -0.4546
  45       -0.1374
  46       -0.1374
  47       -0.1374
  48       -0.0781
  49       -0.0781
  50       -0.0781
  51       -0.0029
  52       -0.0029
  53       -0.0029
  54       -0.0029
  55       -0.0029
  56       -0.0029
  57        0.1336
  58        0.1336
  59        0.1336
  60        0.1692
  61        0.1692
  62        0.1692
  63        0.1697
  64        0.1697
  65        0.1697
  66        0.1697
  67        0.1697
  68        0.1697
  69        0.2621
  70        0.4563
  71        0.4563
  72        0.5297
  73        0.5297
  74        0.5691
  75        0.5691
  76        0.5691
  77        0.5903
  78        0.5903
  79        0.5903
  80        0.5903
  81        0.5903
  82        0.5903
  83        0.6435
  84        0.6435
  85        0.6435
  86        0.6477
  87        0.6477
  88        0.6477
  89        0.7306
  90        0.7306
  91        0.7306
  92        0.8215
  93        0.8215
  94        0.8215
  95        0.8447
  96        0.8447
  97        0.8447
  98        0.9013
  99        0.9013
 100        0.9013
 101        1.2555
 102        1.2555
 103        1.2555
 104        1.2949
 105        1.2949
 106        1.2949
 107        1.2949
 108        1.2949
 109        1.2949
 110        1.4815
 111        1.4815
 112        1.4815
 113        1.5053
 114        1.5053
 115        1.5053
 116        1.5974
 117        1.5974
 118        1.5974
 119        1.6028
 120        1.6028
 121        1.6028
 122        1.6345
 123        1.6345
 124        1.7666
 125        1.7666
 126        1.7666
 127        1.7666
 128        1.7666
 129        1.7666
 130        1.8783
 131        2.0319
 132        2.0319
 133        2.0319
 134        2.0353
 135        2.0353
 136        2.0353
 137        2.3024
 138        2.3024
 139        2.3024
 140        2.3024
 141        2.3024
 142        2.3024
 143        2.3108
 144        2.3108
 145        2.3108
 146        2.3643
 147        2.3643
 148        2.3643
 149        2.4067
 150        2.4067
 151        2.5615
 152        2.5615
 153        2.5615
 154        2.7299
 155        2.7299
 156        2.7299
 157        2.7538
 158        2.7538
 159        2.7538
 160        2.7538
 161        2.7538
 162        2.7538
 163        2.7791
 164        2.7791
 165        2.7791
 166        2.8634
 167        2.8634
 168        2.8634
 169        2.8683
 170        2.8683
 171        2.8683
 172        4.4482
 173        4.4482
 174        4.4482
 175        4.4482
 176        4.4482
 177        4.4482
 178        5.0229
 179        5.0229
 180        5.0229
 181        5.7784
 182        5.7784
 183        5.7784
 184        6.3996
 185        6.3996
 186        6.3996
 187        7.5329
 188        7.5329
 189        7.5329
 190        7.5329
 191        7.5329
 192        7.5329
 193        7.9483
 194        7.9483
 195        7.9483
 196        9.1797
 197        9.1797
 198        9.1797
 199        9.5956
 200        9.5956
 201        9.5956
 202        9.5956
 203        9.5956
 204        9.5956
 205       10.4781
 206       10.8345
 207       10.8345
 208       10.8345
 209       11.2713
 210       11.2713
 211       11.2713
 212       11.2713
