   1  32   1   0  0.1202155E+02  0.1000000E-03
  CAR 
 unknown system                          
   0   0   0
   1   1
 256 256 256
 256
  0.1000000E-09
  0.6250000E-11
   0
  0.5000000E-15  0.7272832E-09  0.7272832E-09  0.7272832E-09
  0.0000000E+00  0.0000000E+00
  0.000
  0.000
  0.000
  0.000
  0.000
  0.000
  0.000
  0.000
  0.000
  0.000
  0.000
  0.000
  0.000
  0.000
  0.000
  0.000
  0.000
  0.000
  0.000
  0.000
  0.000
  0.000
  0.000
  0.000
  0.000
  0.000
  0.000
  0.000
  0.000
  0.000
  0.000
  0.000
  0.000
  0.000
  0.000
  0.000
  0.000
  0.000
  0.000
  0.000
  0.597
 26.732
  0.000
  0.000
  0.000
  0.000
  0.000
  0.000
  0.000
  0.000
  0.000
  0.000
  0.000
  0.000
  0.000
  0.000
  0.000
  0.074
  6.727
  0.069
  0.000
  0.000
  0.000
  0.000
  0.000
  0.000
  0.000
  0.000
  0.000
  0.000
  0.591
 17.629
  0.186
  0.000
  0.000
  0.000
  0.000
  0.000
  0.000
  0.000
  0.000
  0.147
  6.621
  0.140
  0.000
  0.000
  0.000
  0.000
  0.000
  0.000
  0.120
 10.647
  0.343
  0.112
  0.000
  0.000
  0.000
  0.000
  0.000
  0.000
  3.007
  0.095
  0.000
  0.000
  0.000
  0.000
  0.000
  0.170
 15.311
  0.490
  0.000
  0.000
  0.000
  0.000
  0.000
  0.000
  0.000
  0.000
  0.000
  0.000
  0.000
  0.000
  0.131
  8.992
  0.126
  0.000
  0.000
  0.000
  0.000
  0.117
  5.349
  0.057
  0.000
  0.000
  0.000
  0.160
  4.784
  0.104
  0.000
  0.000
  0.000
  0.049
  4.535
  0.048
  0.000
  0.000
  0.000
  0.225
 12.349
  0.219
  0.000
  0.000
  0.000
  0.000
  0.000
  0.000
  0.000
  0.000
  0.156
  7.162
  0.076
  0.000
  0.000
  0.000
  0.000
  0.000
  0.000
  0.000
  0.069
  6.308
  0.168
  0.000
  0.000
  0.073
  3.716
  0.072
  0.000
  0.000
  0.215
  8.452
  0.090
  0.000
  0.029
  2.706
  0.029
  0.028
  0.000
  0.111
  5.073
  0.109
  0.000
  0.027
  2.432
  0.052
  0.026
  0.000
  0.101
  4.671
  0.050
  0.000
  0.000
  0.000
  0.000
  0.000
  0.094
  7.516
  0.184
  0.000
  0.023
  2.076
  0.044
  0.000
  0.108
  7.930
  0.213
  0.000
  0.042
  3.810
  0.123
  0.000
  0.020
  1.857
  0.040
  0.000
  0.000
  0.000
  0.000
  0.000
  0.225
  6.882
  0.037
  0.000
  0.000
  0.000
  0.000
  0.141
  6.498
  0.087
  0.017
  3.177
  0.068
  0.017
  0.100
  3.007
  0.066
  0.016
  2.241
  0.064
  0.000
  0.189
  7.228
  0.077
  0.031
  1.402
  0.030
  0.000
