   32   32  100    1
  0.1997986E+02  0.8614845E-09  0.8614845E-09  0.8614845E-09  0.5000000E-15
  1.000000000000000E-004
  CAR 
 No title                                
  352    1  212
 
  0.2500000E+00  0.2500000E+00  0.2500000E+00  0.1000000E+01
   1       -4.0297
   2       -3.2073
   3       -3.1495
   4       -3.1495
   5       -3.1495
   6       -3.1388
   7       -3.1388
   8       -3.1388
   9       -3.0702
  10       -3.0702
  11       -3.0702
  12       -3.0151
  13       -3.0151
  14       -3.0151
  15       -2.8889
  16       -2.8889
  17       -2.8889
  18       -2.8815
  19       -2.8815
  20       -2.8815
  21       -2.7812
  22       -2.7812
  23       -2.7812
  24       -2.7812
  25       -2.7812
  26       -2.7812
  27       -2.7332
  28       -2.7332
  29       -2.7332
  30       -2.7062
  31       -2.7062
  32       -2.7062
  33       -2.7062
  34       -2.7062
  35       -2.7062
  36       -2.6830
  37       -2.6830
  38       -2.6830
  39       -2.5494
  40       -2.5494
  41       -2.5494
  42       -2.5494
  43       -2.5494
  44       -2.5494
  45       -2.3438
  46       -2.3438
  47       -2.3438
  48       -2.2793
  49       -2.2793
  50       -2.2793
  51       -2.2734
  52       -2.2734
  53       -2.2734
  54       -2.2734
  55       -2.2734
  56       -2.2734
  57       -2.1856
  58       -2.1856
  59       -2.1856
  60       -2.1276
  61       -2.0791
  62       -2.0791
  63       -2.0791
  64       -2.0193
  65       -2.0193
  66       -1.9900
  67       -1.9900
  68       -1.9900
  69       -1.9900
  70       -1.9900
  71       -1.9900
  72       -1.9784
  73       -1.9784
  74       -1.8975
  75       -1.8975
  76       -1.8975
  77       -1.8412
  78       -1.8412
  79       -1.8412
  80       -1.8221
  81       -1.8221
  82       -1.8221
  83       -1.8221
  84       -1.8221
  85       -1.8221
  86       -1.7960
  87       -1.7960
  88       -1.7960
  89       -1.7911
  90       -1.7911
  91       -1.7911
  92       -1.7503
  93       -1.7503
  94       -1.7503
  95       -1.7409
  96       -1.7409
  97       -1.7409
  98       -1.5163
  99       -1.5163
 100       -1.5163
 101       -1.4971
 102       -1.4971
 103       -1.4971
 104       -1.4565
 105       -1.4565
 106       -1.4565
 107       -1.4565
 108       -1.4565
 109       -1.4565
 110       -1.3193
 111       -1.3193
 112       -1.3193
 113       -1.3131
 114       -1.3131
 115       -1.3117
 116       -1.3117
 117       -1.3117
 118       -1.2349
 119       -1.2349
 120       -1.2349
 121       -1.2290
 122       -1.2290
 123       -1.2290
 124       -1.1943
 125       -1.1943
 126       -1.1943
 127       -1.1943
 128       -1.1943
 129       -1.1943
 130       -1.0748
 131       -1.0748
 132       -1.0748
 133       -0.9400
 134       -0.9400
 135       -0.9400
 136       -0.9028
 137       -0.9028
 138       -0.9028
 139       -0.8909
 140       -0.8909
 141       -0.8909
 142       -0.8909
 143       -0.8909
 144       -0.8909
 145       -0.8752
 146       -0.8752
 147       -0.8752
 148       -0.8515
 149       -0.8515
 150       -0.7681
 151       -0.7681
 152       -0.7681
 153       -0.6714
 154       -0.6714
 155       -0.6714
 156       -0.6491
 157       -0.6491
 158       -0.6491
 159       -0.6491
 160       -0.6491
 161       -0.6491
 162       -0.5952
 163       -0.5952
 164       -0.5952
 165       -0.2095
 166       -0.2095
 167       -0.2095
 168        0.1845
 169        0.4891
 170        0.4891
 171        0.4891
 172        1.9021
 173        1.9021
 174        1.9021
 175        1.9021
 176        1.9021
 177        1.9021
 178        2.6256
 179        2.6256
 180        2.6256
 181        3.5887
 182        3.5887
 183        3.5887
 184        4.1583
 185        4.1583
 186        4.1583
 187        5.2062
 188        5.2062
 189        5.2062
 190        5.2062
 191        5.2062
 192        5.2062
 193        5.7388
 194        5.7388
 195        5.7388
 196        6.5782
 197        6.5782
 198        6.5782
 199        7.4379
 200        7.4379
 201        7.4379
 202        7.4379
 203        7.4379
 204        7.4379
 205        7.8781
 206        8.7697
 207        8.7697
 208        8.7697
 209        8.7697
 210        8.7697
 211        8.7697
 212        9.1394
