  108  108    1    1
  0.1352967E+02  0.1134759E-08  0.1134759E-08  0.1134759E-08  0.5000000E-15
  1.000000000000000E-004
  CAR 
 No title                                
 1188    1  712
 
  0.2500000E+00  0.2500000E+00  0.2500000E+00  0.1000000E+01
   1       -5.4266
   2       -4.8280
   3       -4.8272
   4       -4.8264
   5       -4.2517
   6       -4.2508
   7       -4.2500
   8       -3.7143
   9       -3.6944
  10       -3.6936
  11       -3.6927
  12       -3.1782
  13       -3.1768
  14       -3.1764
  15       -3.1764
  16       -3.1760
  17       -3.1747
  18       -2.7506
  19       -2.7499
  20       -2.7493
  21       -2.3014
  22       -2.3008
  23       -2.3001
  24       -2.2691
  25       -2.2683
  26       -2.2676
  27       -2.0809
  28       -2.0804
  29       -2.0800
  30       -1.9049
  31       -1.9039
  32       -1.9035
  33       -1.9035
  34       -1.9032
  35       -1.9022
  36       -1.8370
  37       -1.7004
  38       -1.6997
  39       -1.6990
  40       -1.5724
  41       -1.5724
  42       -1.5724
  43       -1.4976
  44       -1.4972
  45       -1.4968
  46       -1.4687
  47       -1.4686
  48       -1.4681
  49       -1.4680
  50       -1.4675
  51       -1.4675
  52       -1.3880
  53       -1.3880
  54       -1.3880
  55       -1.3305
  56       -1.3302
  57       -1.3297
  58       -1.3297
  59       -1.3292
  60       -1.3289
  61       -1.2580
  62       -1.2574
  63       -1.2568
  64       -1.2127
  65       -1.2123
  66       -1.2120
  67       -1.2120
  68       -1.2117
  69       -1.2113
  70       -1.1517
  71       -1.1512
  72       -1.1510
  73       -1.1510
  74       -1.1508
  75       -1.1503
  76       -1.1036
  77       -1.1036
  78       -1.1036
  79       -1.0256
  80       -1.0255
  81       -1.0254
  82       -1.0245
  83       -1.0244
  84       -1.0240
  85       -1.0240
  86       -1.0236
  87       -1.0235
  88       -0.9783
  89       -0.9778
  90       -0.9775
  91       -0.9339
  92       -0.9336
  93       -0.9334
  94       -0.8903
  95       -0.8900
  96       -0.8898
  97       -0.8764
  98       -0.8763
  99       -0.8760
 100       -0.8760
 101       -0.8757
 102       -0.8756
 103       -0.8402
 104       -0.8394
 105       -0.8393
 106       -0.8393
 107       -0.8392
 108       -0.8386
 109       -0.8286
 110       -0.8279
 111       -0.8277
 112       -0.8276
 113       -0.8274
 114       -0.8266
 115       -0.7653
 116       -0.7651
 117       -0.7649
 118       -0.7589
 119       -0.7587
 120       -0.7583
 121       -0.7583
 122       -0.7580
 123       -0.7579
 124       -0.7447
 125       -0.7444
 126       -0.7442
 127       -0.7441
 128       -0.7439
 129       -0.7436
 130       -0.6527
 131       -0.6523
 132       -0.6520
 133       -0.6158
 134       -0.6152
 135       -0.6151
 136       -0.6151
 137       -0.6150
 138       -0.6145
 139       -0.6095
 140       -0.6094
 141       -0.6092
 142       -0.5886
 143       -0.5885
 144       -0.5882
 145       -0.5882
 146       -0.5878
 147       -0.5878
 148       -0.5554
 149       -0.5548
 150       -0.5546
 151       -0.5546
 152       -0.5544
 153       -0.5539
 154       -0.5378
 155       -0.5373
 156       -0.5371
 157       -0.5371
 158       -0.5369
 159       -0.5364
 160       -0.4248
 161       -0.4241
 162       -0.4240
 163       -0.4240
 164       -0.4239
 165       -0.4233
 166       -0.3744
 167       -0.3740
 168       -0.3738
 169       -0.3729
 170       -0.3726
 171       -0.3722
 172       -0.3605
 173       -0.3600
 174       -0.3597
 175       -0.3597
 176       -0.3595
 177       -0.3591
 178       -0.3512
 179       -0.3509
 180       -0.3507
 181       -0.3371
 182       -0.3366
 183       -0.3364
 184       -0.3364
 185       -0.3362
 186       -0.3356
 187       -0.3113
 188       -0.3110
 189       -0.3106
 190       -0.2586
 191       -0.2581
 192       -0.2577
 193       -0.2577
 194       -0.2574
 195       -0.2569
 196       -0.2199
 197       -0.2197
 198       -0.2194
 199       -0.2019
 200       -0.2017
 201       -0.2014
 202       -0.2014
 203       -0.2011
 204       -0.2008
 205       -0.1807
 206       -0.1802
 207       -0.1798
 208       -0.1775
 209       -0.1772
 210       -0.1769
 211       -0.1689
 212       -0.1687
 213       -0.1684
 214       -0.1479
 215       -0.1407
 216       -0.1404
 217       -0.1402
 218       -0.1402
 219       -0.1400
 220       -0.1396
 221       -0.1303
 222       -0.1301
 223       -0.1298
 224       -0.1146
 225       -0.1144
 226       -0.1142
 227       -0.1142
 228       -0.1140
 229       -0.1139
 230       -0.1082
 231       -0.1082
 232       -0.1080
 233       -0.1079
 234       -0.1077
 235       -0.1077
 236       -0.0431
 237       -0.0431
 238       -0.0430
 239       -0.0137
 240       -0.0134
 241       -0.0131
 242       -0.0074
 243       -0.0070
 244       -0.0067
 245       -0.0067
 246       -0.0065
 247       -0.0060
 248        0.0013
 249        0.0079
 250        0.0079
 251        0.0082
 252        0.0082
 253        0.0085
 254        0.0086
 255        0.0172
 256        0.0175
 257        0.0177
 258        0.0439
 259        0.0441
 260        0.0443
 261        0.0464
 262        0.0464
 263        0.0797
 264        0.0798
 265        0.0800
 266        0.0812
 267        0.0812
 268        0.0894
 269        0.0895
 270        0.0895
 271        0.0996
 272        0.0997
 273        0.0999
 274        0.1101
 275        0.1106
 276        0.1110
 277        0.1184
 278        0.1188
 279        0.1190
 280        0.1190
 281        0.1192
 282        0.1196
 283        0.1246
 284        0.1247
 285        0.1248
 286        0.1248
 287        0.1250
 288        0.1251
 289        0.1411
 290        0.1412
 291        0.1412
 292        0.1718
 293        0.1718
 294        0.1779
 295        0.1780
 296        0.1783
 297        0.1783
 298        0.1786
 299        0.1787
 300        0.1843
 301        0.1848
 302        0.1849
 303        0.1850
 304        0.1850
 305        0.1854
 306        0.1888
 307        0.1890
 308        0.1893
 309        0.2034
 310        0.2036
 311        0.2036
 312        0.2262
 313        0.2264
 314        0.2266
 315        0.2279
 316        0.2281
 317        0.2283
 318        0.2489
 319        0.2490
 320        0.2493
 321        0.2494
 322        0.2497
 323        0.2498
 324        0.2538
 325        0.2541
 326        0.2544
 327        0.2571
 328        0.2572
 329        0.2577
 330        0.2580
 331        0.2584
 332        0.2589
 333        0.2730
 334        0.2732
 335        0.2734
 336        0.3446
 337        0.3452
 338        0.3456
 339        0.3472
 340        0.3476
 341        0.3481
 342        0.3610
 343        0.3614
 344        0.3617
 345        0.3617
 346        0.3620
 347        0.3624
 348        0.3944
 349        0.3948
 350        0.3952
 351        0.4357
 352        0.4358
 353        0.4360
 354        0.4360
 355        0.4363
 356        0.4363
 357        0.4780
 358        0.4781
 359        0.4782
 360        0.4812
 361        0.4814
 362        0.4816
 363        0.4816
 364        0.4818
 365        0.4820
 366        0.4878
 367        0.4878
 368        0.4881
 369        0.4881
 370        0.4884
 371        0.4884
 372        0.5681
 373        0.5682
 374        0.5682
 375        0.5820
 376        0.5824
 377        0.5826
 378        0.5827
 379        0.5827
 380        0.5829
 381        0.5830
 382        0.5833
 383        0.5836
 384        0.5840
 385        0.5843
 386        0.5845
 387        0.5848
 388        0.5850
 389        0.5851
 390        0.6271
 391        0.6273
 392        0.6275
 393        0.6275
 394        0.6276
 395        0.6278
 396        0.6416
 397        0.6417
 398        0.6419
 399        0.6419
 400        0.6421
 401        0.6423
 402        0.6459
 403        0.6460
 404        0.6461
 405        0.6662
 406        0.6668
 407        0.6669
 408        0.6669
 409        0.6669
 410        0.6670
 411        0.6671
 412        0.6672
 413        0.6677
 414        0.6903
 415        0.6905
 416        0.6908
 417        0.7018
 418        0.7018
 419        0.7248
 420        0.7251
 421        0.7253
 422        0.7253
 423        0.7254
 424        0.7257
 425        0.7353
 426        0.7357
 427        0.7361
 428        0.7717
 429        0.7719
 430        0.7721
 431        0.7809
 432        0.7809
 433        0.7835
 434        0.7839
 435        0.7842
 436        0.8295
 437        0.8295
 438        0.8297
 439        0.8298
 440        0.8300
 441        0.8300
 442        0.8402
 443        0.8403
 444        0.8404
 445        0.8497
 446        0.8498
 447        0.8501
 448        0.8501
 449        0.8504
 450        0.8505
 451        0.8956
 452        0.8957
 453        0.8958
 454        0.9135
 455        0.9139
 456        0.9142
 457        0.9161
 458        0.9164
 459        0.9167
 460        0.9277
 461        0.9282
 462        0.9282
 463        0.9283
 464        0.9283
 465        0.9288
 466        0.9330
 467        0.9333
 468        0.9337
 469        0.9378
 470        0.9381
 471        0.9385
 472        0.9428
 473        0.9430
 474        0.9431
 475        0.9431
 476        0.9433
 477        0.9435
 478        0.9862
 479        0.9866
 480        0.9871
 481        0.9968
 482        0.9971
 483        0.9974
 484        1.0380
 485        1.0382
 486        1.0385
 487        1.0553
 488        1.0553
 489        1.0554
 490        1.0791
 491        1.0794
 492        1.0795
 493        1.0796
 494        1.0797
 495        1.0799
 496        1.0800
 497        1.0800
 498        1.0802
 499        1.0802
 500        1.0804
 501        1.0805
 502        1.0857
 503        1.0860
 504        1.0862
 505        1.0862
 506        1.0863
 507        1.0863
 508        1.0864
 509        1.0865
 510        1.0866
 511        1.0866
 512        1.0867
 513        1.0869
 514        1.0900
 515        1.0940
 516        1.0940
 517        1.0940
 518        1.0952
 519        1.0953
 520        1.0954
 521        1.1082
 522        1.1083
 523        1.1308
 524        1.1310
 525        1.1311
 526        1.1311
 527        1.1311
 528        1.1313
 529        1.1421
 530        1.1422
 531        1.1423
 532        1.1423
 533        1.1424
 534        1.1425
 535        1.1493
 536        1.1494
 537        1.1495
 538        1.1526
 539        1.1527
 540        1.1528
 541        1.1663
 542        1.1664
 543        1.1664
 544        1.1757
 545        1.1758
 546        1.1758
 547        1.2029
 548        1.2029
 549        1.2030
 550        1.2321
 551        1.2321
 552        1.2322
 553        1.2322
 554        1.2323
 555        1.2323
 556        1.2381
 557        1.2382
 558        1.2383
 559        1.2383
 560        1.2383
 561        1.2384
 562        1.2543
 563        1.2544
 564        1.2544
 565        1.3869
 566        1.3872
 567        1.3875
 568        1.5222
 569        1.5224
 570        1.5225
 571        1.5769
 572        1.5773
 573        1.5775
 574        1.5775
 575        1.5776
 576        1.5781
 577        1.7668
 578        1.7671
 579        1.7674
 580        2.0762
 581        2.0766
 582        2.0771
 583        2.3952
 584        2.3953
 585        2.3957
 586        2.3957
 587        2.3961
 588        2.3962
 589        2.4557
 590        2.4559
 591        2.4564
 592        2.4564
 593        2.4569
 594        2.4571
 595        2.5822
 596        2.5822
 597        2.5823
 598        2.9541
 599        2.9544
 600        2.9548
 601        2.9549
 602        2.9553
 603        2.9556
 604        3.5385
 605        3.5386
 606        3.5388
 607        3.6854
 608        3.6860
 609        3.6866
 610        3.7259
 611        3.7264
 612        3.7269
 613        4.1302
 614        4.1304
 615        4.1306
 616        4.1754
 617        4.1764
 618        4.1766
 619        4.1766
 620        4.1767
 621        4.1777
 622        4.4538
 623        4.4544
 624        4.4549
 625        4.4549
 626        4.4554
 627        4.4560
 628        5.1689
 629        5.1693
 630        5.1698
 631        5.1698
 632        5.1704
 633        5.1708
 634        5.7825
 635        5.7826
 636        5.7836
 637        5.7836
 638        5.7845
 639        5.7847
 640        5.9923
 641        5.9929
 642        5.9935
 643        6.1372
 644        6.1374
 645        6.1376
 646        6.4272
 647        6.4275
 648        6.4278
 649        6.6986
 650        6.6987
 651        6.6994
 652        6.6994
 653        6.7001
 654        6.7001
 655        6.7624
 656        6.7624
 657        6.7630
 658        6.7630
 659        6.7636
 660        6.7636
 661        7.4388
 662        7.4988
 663        7.4992
 664        7.4998
 665        7.4998
 666        7.5004
 667        7.5008
 668        7.8652
 669        7.8654
 670        7.8658
 671        7.8658
 672        7.8663
 673        7.8664
 674        8.0801
 675        8.0804
 676        8.0808
 677        8.5879
 678        8.5884
 679        8.5889
 680        8.5889
 681        8.5894
 682        8.5899
 683        8.7705
 684        8.7708
 685        8.7711
 686        8.7728
 687        8.7732
 688        8.7736
 689        9.2745
 690        9.2752
 691        9.2755
 692        9.2755
 693        9.2758
 694        9.2764
 695        9.5630
 696        9.5633
 697        9.5636
 698        9.7006
 699        9.7008
 700        9.7010
 701       10.0318
 702       10.0322
 703       10.0326
 704       10.0712
 705       10.0715
 706       10.0717
 707       10.0717
 708       10.0719
 709       10.0722
 710       10.4911
 711       10.4918
 712       10.4947
