  108  108  100    1
  0.1352967E+02  0.1134759E-08  0.1134759E-08  0.1134759E-08  0.5000000E-15
  1.000000000000000E-004
  CAR 
 No title                                
 1188    1  712
 
  0.2500000E+00  0.2500000E+00  0.2500000E+00  0.1000000E+01
   1       -5.4266
   2       -4.8272
   3       -4.8272
   4       -4.8272
   5       -4.2508
   6       -4.2508
   7       -4.2508
   8       -3.7143
   9       -3.6936
  10       -3.6936
  11       -3.6936
  12       -3.1764
  13       -3.1764
  14       -3.1764
  15       -3.1764
  16       -3.1764
  17       -3.1764
  18       -2.7499
  19       -2.7499
  20       -2.7499
  21       -2.3008
  22       -2.3008
  23       -2.3008
  24       -2.2683
  25       -2.2683
  26       -2.2683
  27       -2.0804
  28       -2.0804
  29       -2.0804
  30       -1.9035
  31       -1.9035
  32       -1.9035
  33       -1.9035
  34       -1.9035
  35       -1.9035
  36       -1.8370
  37       -1.6997
  38       -1.6997
  39       -1.6997
  40       -1.5724
  41       -1.5724
  42       -1.5724
  43       -1.4972
  44       -1.4972
  45       -1.4972
  46       -1.4681
  47       -1.4681
  48       -1.4681
  49       -1.4681
  50       -1.4681
  51       -1.4681
  52       -1.3880
  53       -1.3880
  54       -1.3880
  55       -1.3297
  56       -1.3297
  57       -1.3297
  58       -1.3297
  59       -1.3297
  60       -1.3297
  61       -1.2574
  62       -1.2574
  63       -1.2574
  64       -1.2120
  65       -1.2120
  66       -1.2120
  67       -1.2120
  68       -1.2120
  69       -1.2120
  70       -1.1510
  71       -1.1510
  72       -1.1510
  73       -1.1510
  74       -1.1510
  75       -1.1510
  76       -1.1036
  77       -1.1036
  78       -1.1036
  79       -1.0255
  80       -1.0255
  81       -1.0255
  82       -1.0241
  83       -1.0241
  84       -1.0241
  85       -1.0241
  86       -1.0241
  87       -1.0241
  88       -0.9779
  89       -0.9779
  90       -0.9779
  91       -0.9337
  92       -0.9337
  93       -0.9337
  94       -0.8900
  95       -0.8900
  96       -0.8900
  97       -0.8760
  98       -0.8760
  99       -0.8760
 100       -0.8760
 101       -0.8760
 102       -0.8760
 103       -0.8393
 104       -0.8393
 105       -0.8393
 106       -0.8393
 107       -0.8393
 108       -0.8393
 109       -0.8277
 110       -0.8277
 111       -0.8277
 112       -0.8277
 113       -0.8277
 114       -0.8277
 115       -0.7651
 116       -0.7651
 117       -0.7651
 118       -0.7584
 119       -0.7584
 120       -0.7584
 121       -0.7584
 122       -0.7584
 123       -0.7584
 124       -0.7442
 125       -0.7442
 126       -0.7442
 127       -0.7442
 128       -0.7442
 129       -0.7442
 130       -0.6523
 131       -0.6523
 132       -0.6523
 133       -0.6151
 134       -0.6151
 135       -0.6151
 136       -0.6151
 137       -0.6151
 138       -0.6151
 139       -0.6094
 140       -0.6094
 141       -0.6094
 142       -0.5882
 143       -0.5882
 144       -0.5882
 145       -0.5882
 146       -0.5882
 147       -0.5882
 148       -0.5546
 149       -0.5546
 150       -0.5546
 151       -0.5546
 152       -0.5546
 153       -0.5546
 154       -0.5371
 155       -0.5371
 156       -0.5371
 157       -0.5371
 158       -0.5371
 159       -0.5371
 160       -0.4240
 161       -0.4240
 162       -0.4240
 163       -0.4240
 164       -0.4240
 165       -0.4240
 166       -0.3740
 167       -0.3740
 168       -0.3740
 169       -0.3726
 170       -0.3726
 171       -0.3726
 172       -0.3597
 173       -0.3597
 174       -0.3597
 175       -0.3597
 176       -0.3597
 177       -0.3597
 178       -0.3510
 179       -0.3510
 180       -0.3510
 181       -0.3364
 182       -0.3364
 183       -0.3364
 184       -0.3364
 185       -0.3364
 186       -0.3364
 187       -0.3110
 188       -0.3110
 189       -0.3110
 190       -0.2578
 191       -0.2578
 192       -0.2578
 193       -0.2578
 194       -0.2578
 195       -0.2578
 196       -0.2196
 197       -0.2196
 198       -0.2196
 199       -0.2014
 200       -0.2014
 201       -0.2014
 202       -0.2014
 203       -0.2014
 204       -0.2014
 205       -0.1802
 206       -0.1802
 207       -0.1802
 208       -0.1772
 209       -0.1772
 210       -0.1772
 211       -0.1687
 212       -0.1687
 213       -0.1687
 214       -0.1479
 215       -0.1402
 216       -0.1402
 217       -0.1402
 218       -0.1402
 219       -0.1402
 220       -0.1402
 221       -0.1301
 222       -0.1301
 223       -0.1301
 224       -0.1142
 225       -0.1142
 226       -0.1142
 227       -0.1142
 228       -0.1142
 229       -0.1142
 230       -0.1080
 231       -0.1080
 232       -0.1080
 233       -0.1080
 234       -0.1080
 235       -0.1080
 236       -0.0431
 237       -0.0431
 238       -0.0431
 239       -0.0133
 240       -0.0133
 241       -0.0133
 242       -0.0067
 243       -0.0067
 244       -0.0067
 245       -0.0067
 246       -0.0067
 247       -0.0067
 248        0.0013
 249        0.0082
 250        0.0082
 251        0.0082
 252        0.0082
 253        0.0082
 254        0.0082
 255        0.0174
 256        0.0174
 257        0.0174
 258        0.0441
 259        0.0441
 260        0.0441
 261        0.0464
 262        0.0464
 263        0.0798
 264        0.0798
 265        0.0798
 266        0.0812
 267        0.0812
 268        0.0894
 269        0.0894
 270        0.0894
 271        0.0997
 272        0.0997
 273        0.0997
 274        0.1106
 275        0.1106
 276        0.1106
 277        0.1190
 278        0.1190
 279        0.1190
 280        0.1190
 281        0.1190
 282        0.1190
 283        0.1248
 284        0.1248
 285        0.1248
 286        0.1248
 287        0.1248
 288        0.1248
 289        0.1411
 290        0.1411
 291        0.1411
 292        0.1718
 293        0.1718
 294        0.1783
 295        0.1783
 296        0.1783
 297        0.1783
 298        0.1783
 299        0.1783
 300        0.1848
 301        0.1848
 302        0.1848
 303        0.1850
 304        0.1850
 305        0.1850
 306        0.1890
 307        0.1890
 308        0.1890
 309        0.2035
 310        0.2035
 311        0.2035
 312        0.2264
 313        0.2264
 314        0.2264
 315        0.2281
 316        0.2281
 317        0.2281
 318        0.2494
 319        0.2494
 320        0.2494
 321        0.2494
 322        0.2494
 323        0.2494
 324        0.2541
 325        0.2541
 326        0.2541
 327        0.2573
 328        0.2573
 329        0.2573
 330        0.2583
 331        0.2583
 332        0.2583
 333        0.2732
 334        0.2732
 335        0.2732
 336        0.3452
 337        0.3452
 338        0.3452
 339        0.3476
 340        0.3476
 341        0.3476
 342        0.3617
 343        0.3617
 344        0.3617
 345        0.3617
 346        0.3617
 347        0.3617
 348        0.3948
 349        0.3948
 350        0.3948
 351        0.4360
 352        0.4360
 353        0.4360
 354        0.4360
 355        0.4360
 356        0.4360
 357        0.4781
 358        0.4781
 359        0.4781
 360        0.4816
 361        0.4816
 362        0.4816
 363        0.4816
 364        0.4816
 365        0.4816
 366        0.4881
 367        0.4881
 368        0.4881
 369        0.4881
 370        0.4881
 371        0.4881
 372        0.5682
 373        0.5682
 374        0.5682
 375        0.5827
 376        0.5827
 377        0.5827
 378        0.5827
 379        0.5827
 380        0.5827
 381        0.5832
 382        0.5832
 383        0.5832
 384        0.5842
 385        0.5842
 386        0.5842
 387        0.5849
 388        0.5849
 389        0.5849
 390        0.6275
 391        0.6275
 392        0.6275
 393        0.6275
 394        0.6275
 395        0.6275
 396        0.6419
 397        0.6419
 398        0.6419
 399        0.6419
 400        0.6419
 401        0.6419
 402        0.6460
 403        0.6460
 404        0.6460
 405        0.6669
 406        0.6669
 407        0.6669
 408        0.6670
 409        0.6670
 410        0.6670
 411        0.6670
 412        0.6670
 413        0.6670
 414        0.6905
 415        0.6905
 416        0.6905
 417        0.7017
 418        0.7017
 419        0.7253
 420        0.7253
 421        0.7253
 422        0.7253
 423        0.7253
 424        0.7253
 425        0.7356
 426        0.7356
 427        0.7356
 428        0.7719
 429        0.7719
 430        0.7719
 431        0.7809
 432        0.7809
 433        0.7838
 434        0.7838
 435        0.7838
 436        0.8297
 437        0.8297
 438        0.8297
 439        0.8297
 440        0.8297
 441        0.8297
 442        0.8403
 443        0.8403
 444        0.8403
 445        0.8501
 446        0.8501
 447        0.8501
 448        0.8501
 449        0.8501
 450        0.8501
 451        0.8956
 452        0.8956
 453        0.8956
 454        0.9139
 455        0.9139
 456        0.9139
 457        0.9164
 458        0.9164
 459        0.9164
 460        0.9282
 461        0.9282
 462        0.9282
 463        0.9282
 464        0.9282
 465        0.9282
 466        0.9333
 467        0.9333
 468        0.9333
 469        0.9381
 470        0.9381
 471        0.9381
 472        0.9431
 473        0.9431
 474        0.9431
 475        0.9431
 476        0.9431
 477        0.9431
 478        0.9866
 479        0.9866
 480        0.9866
 481        0.9971
 482        0.9971
 483        0.9971
 484        1.0382
 485        1.0382
 486        1.0382
 487        1.0553
 488        1.0553
 489        1.0553
 490        1.0796
 491        1.0796
 492        1.0796
 493        1.0796
 494        1.0796
 495        1.0796
 496        1.0802
 497        1.0802
 498        1.0802
 499        1.0802
 500        1.0802
 501        1.0802
 502        1.0862
 503        1.0862
 504        1.0862
 505        1.0862
 506        1.0862
 507        1.0862
 508        1.0865
 509        1.0865
 510        1.0865
 511        1.0865
 512        1.0865
 513        1.0865
 514        1.0898
 515        1.0940
 516        1.0940
 517        1.0940
 518        1.0952
 519        1.0952
 520        1.0952
 521        1.1082
 522        1.1082
 523        1.1310
 524        1.1310
 525        1.1310
 526        1.1310
 527        1.1310
 528        1.1310
 529        1.1423
 530        1.1423
 531        1.1423
 532        1.1423
 533        1.1423
 534        1.1423
 535        1.1494
 536        1.1494
 537        1.1494
 538        1.1527
 539        1.1527
 540        1.1527
 541        1.1663
 542        1.1663
 543        1.1663
 544        1.1757
 545        1.1757
 546        1.1757
 547        1.2029
 548        1.2029
 549        1.2029
 550        1.2322
 551        1.2322
 552        1.2322
 553        1.2322
 554        1.2322
 555        1.2322
 556        1.2382
 557        1.2382
 558        1.2382
 559        1.2382
 560        1.2382
 561        1.2382
 562        1.2543
 563        1.2543
 564        1.2543
 565        1.3872
 566        1.3872
 567        1.3872
 568        1.5224
 569        1.5224
 570        1.5224
 571        1.5775
 572        1.5775
 573        1.5775
 574        1.5775
 575        1.5775
 576        1.5775
 577        1.7671
 578        1.7671
 579        1.7671
 580        2.0766
 581        2.0766
 582        2.0766
 583        2.3957
 584        2.3957
 585        2.3957
 586        2.3957
 587        2.3957
 588        2.3957
 589        2.4564
 590        2.4564
 591        2.4564
 592        2.4564
 593        2.4564
 594        2.4564
 595        2.5822
 596        2.5822
 597        2.5822
 598        2.9548
 599        2.9548
 600        2.9548
 601        2.9548
 602        2.9548
 603        2.9548
 604        3.5386
 605        3.5386
 606        3.5386
 607        3.6860
 608        3.6860
 609        3.6860
 610        3.7264
 611        3.7264
 612        3.7264
 613        4.1304
 614        4.1304
 615        4.1304
 616        4.1766
 617        4.1766
 618        4.1766
 619        4.1766
 620        4.1766
 621        4.1766
 622        4.4549
 623        4.4549
 624        4.4549
 625        4.4549
 626        4.4549
 627        4.4549
 628        5.1698
 629        5.1698
 630        5.1698
 631        5.1698
 632        5.1698
 633        5.1698
 634        5.7836
 635        5.7836
 636        5.7836
 637        5.7836
 638        5.7836
 639        5.7836
 640        5.9929
 641        5.9929
 642        5.9929
 643        6.1374
 644        6.1374
 645        6.1374
 646        6.4275
 647        6.4275
 648        6.4275
 649        6.6994
 650        6.6994
 651        6.6994
 652        6.6994
 653        6.6994
 654        6.6994
 655        6.7630
 656        6.7630
 657        6.7630
 658        6.7630
 659        6.7630
 660        6.7630
 661        7.4388
 662        7.4998
 663        7.4998
 664        7.4998
 665        7.4998
 666        7.4998
 667        7.4998
 668        7.8658
 669        7.8658
 670        7.8658
 671        7.8658
 672        7.8658
 673        7.8658
 674        8.0804
 675        8.0804
 676        8.0804
 677        8.5889
 678        8.5889
 679        8.5889
 680        8.5889
 681        8.5889
 682        8.5889
 683        8.7708
 684        8.7708
 685        8.7708
 686        8.7731
 687        8.7731
 688        8.7731
 689        9.2755
 690        9.2755
 691        9.2755
 692        9.2755
 693        9.2755
 694        9.2755
 695        9.5633
 696        9.5633
 697        9.5633
 698        9.7008
 699        9.7008
 700        9.7008
 701       10.0322
 702       10.0322
 703       10.0322
 704       10.0717
 705       10.0717
 706       10.0717
 707       10.0717
 708       10.0717
 709       10.0717
 710       10.4941
 711       10.4964
 712       10.5111
