   1   4   1   0  0.1431786E+02  0.1000000E-03
  CAR 
 unknown system                          
   0   0   0
   1   1
 256 256 256
 256
  0.1000000E-09
  0.6250000E-11
   0
  0.5000000E-15  0.3854601E-09  0.3854601E-09  0.3854601E-09
  0.0000000E+00  0.0000000E+00
  0.000
  0.000
  0.000
  0.000
  0.000
  0.000
  0.000
  0.000
  0.000
  0.000
  0.000
  0.000
  0.000
  0.000
  0.000
  0.000
  0.000
  0.000
  0.000
  0.000
  0.000
  0.000
  0.000
  0.000
  0.000
  0.000
  0.000
  0.000
  0.000
  0.000
  0.000
  0.000
  0.000
  0.000
  0.000
  0.000
  0.000
  0.000
  0.000
  0.000
  0.000
  0.000
  0.000
 29.595
  0.000
  0.000
  0.000
  0.000
  0.000
  0.000
  0.000
  0.000
  0.000
  0.000
  0.000
  0.000
  0.000
  0.000
  0.000
  0.000
  0.000
  0.000
  0.000
  0.000
  0.000
  0.000
  0.000
  0.000
  0.000
  0.000
  0.000
  0.000
  0.000
  0.000
  0.000
 19.649
  0.000
  0.000
  0.000
  0.000
  0.000
  0.000
  0.000
  0.000
  0.000
  0.000
  0.000
  0.000
  0.000
  0.000
  0.000
  0.000
  0.000
  0.000
  0.000
  0.000
  0.000
 11.782
  0.000
  0.000
  0.000
  0.000
  0.000
  0.000
  0.000
  0.000
  0.000
  0.000
  0.000
  0.000
  0.000
  0.000
  0.000
  0.000
  0.000
 16.792
  0.000
  0.000
  0.000
  0.000
  0.000
  0.000
  0.000
  0.000
  0.000
  0.000
  0.000
  0.000
  0.000
  0.000
  9.865
  0.000
  0.000
  0.000
  0.000
  0.000
  0.000
  0.000
  0.000
  0.000
  0.000
  0.000
  0.000
  0.000
  5.364
  0.000
  0.000
  0.000
  0.000
  0.000
  0.000
  0.000
  0.000
  0.000
  0.000
  0.000
  0.000
 13.546
  0.000
  0.000
  0.000
  0.000
  0.000
  0.000
  0.000
  0.000
  0.000
  0.000
  7.890
  0.000
  0.000
  0.000
  0.000
  0.000
  0.000
  0.000
  0.000
  0.000
  0.000
  6.952
  0.000
  0.000
  0.000
  0.000
  0.000
  0.000
  0.000
  0.000
  0.000
  0.000
  9.259
  0.000
  0.000
  0.000
  0.000
  0.000
  0.000
  0.000
  0.000
  5.628
  0.000
  0.000
  0.000
  0.000
  0.000
  0.000
  0.000
  0.000
  0.000
  5.104
  0.000
  0.000
  0.000
  0.000
  0.000
  0.000
  0.000
  0.000
  8.211
  0.000
  0.000
  0.000
  0.000
  0.000
  0.000
  0.000
  8.733
  0.000
  0.000
  0.000
  0.000
  0.000
  0.000
  0.000
  2.037
  0.000
  0.000
  0.000
  0.000
  0.000
  0.000
  0.000
  7.619
  0.000
  0.000
  0.000
  0.000
  0.000
  0.000
  0.000
  7.140
  0.000
  0.000
  0.000
  0.000
  0.000
