 Fermi:  0.0
 DOS:Total
0.2042	0.0000
0.2495	0.0030
0.2949	0.0000
0.3403	0.0061
0.3856	0.0000
0.4310	0.0030
0.4764	0.0091
0.5217	0.0030
0.5671	0.0030
0.6125	0.0030
0.6579	0.0030
0.7032	0.0030
0.7486	0.0061
0.7940	0.0122
0.8393	0.0122
0.8847	0.0122
0.9301	0.0091
0.9754	0.0061
1.0208	0.0182
1.0662	0.0091
1.1116	0.0122
1.1569	0.0182
1.2023	0.0243
1.2477	0.0000
1.2930	0.0061
1.3384	0.0152
1.3838	0.0213
1.4291	0.0122
1.4745	0.0091
1.5199	0.0182
1.5652	0.0091
1.6106	0.0213
1.6560	0.0182
1.7014	0.0274
1.7467	0.0274
1.7921	0.0334
1.8375	0.0334
1.8828	0.0395
1.9282	0.0213
1.9736	0.0274
2.0189	0.0456
2.0643	0.0456
2.1097	0.0395
2.1550	0.0517
2.2004	0.0456
2.2458	0.0547
2.2912	0.0486
2.3365	0.0760
2.3819	0.0608
2.4273	0.0456
2.4726	0.0456
2.5180	0.0851
2.5634	0.0730
2.6087	0.0699
2.6541	0.0973
2.6995	0.0851
2.7449	0.0973
2.7902	0.1337
2.8356	0.1277
2.8810	0.1034
2.9263	0.1459
2.9717	0.1702
3.0171	0.1520
3.0624	0.1520
3.1078	0.1854
3.1532	0.1520
3.1985	0.2280
3.2439	0.2432
3.2893	0.2888
3.3347	0.2371
3.3800	0.3192
3.4254	0.2827
3.4708	0.2797
3.5161	0.2614
3.5615	0.2645
3.6069	0.3283
3.6522	0.3678
3.6976	0.4104
3.7430	0.3769
3.7883	0.3253
3.8337	0.4134
3.8791	0.3921
3.9245	0.4043
3.9698	0.3709
4.0152	0.4104
4.0606	0.4195
4.1059	0.4468
4.1513	0.4712
4.1967	0.3435
4.2420	0.3678
4.2874	0.2766
4.3328	0.2736
4.3782	0.3070
4.4235	0.2371
4.4689	0.2493
4.5143	0.2249
4.5596	0.2249
4.6050	0.2310
4.6504	0.2280
4.6957	0.2493
4.7411	0.2006
4.7865	0.2067
4.8318	0.2097
4.8772	0.2128
4.9226	0.1733
4.9680	0.1581
5.0133	0.1702
5.0587	0.1520
5.1041	0.1216
5.1494	0.1186
5.1948	0.1337
5.2402	0.0790
5.2855	0.1155
5.3309	0.0638
5.3763	0.0517
5.4216	0.1034
5.4670	0.1186
5.5124	0.0912
5.5578	0.1672
5.6031	0.1581
5.6485	0.1581
5.6939	0.2432
5.7392	0.2857
5.7846	0.2493
5.8300	0.3192
5.8753	0.3860
5.9207	0.3496
5.9661	0.3891
6.0115	0.4560
6.0568	0.3982
6.1022	0.4560
6.1476	0.3891
6.1929	0.2857
6.2383	0.2493
6.2837	0.2037
6.3290	0.2067
6.3744	0.1246
6.4198	0.0942
6.4651	0.0790
6.5105	0.0790
6.5559	0.0699
6.6013	0.0334
6.6466	0.0486
6.6920	0.0213
6.7374	0.0000
 DOS:Cu	2
0.2042	0.0000	0.0000	0.0000
0.2495	0.0013	0.0002	0.0016
0.2949	0.0000	0.0000	0.0000
0.3403	0.0017	0.0038	0.0005
0.3856	0.0000	0.0000	0.0000
0.4310	0.0003	0.0006	0.0022
0.4764	0.0042	0.0015	0.0034
0.5217	0.0001	0.0012	0.0018
0.5671	0.0001	0.0006	0.0023
0.6125	0.0017	0.0004	0.0009
0.6579	0.0027	0.0001	0.0002
0.7032	0.0017	0.0013	0.0000
0.7486	0.0023	0.0025	0.0013
0.7940	0.0026	0.0062	0.0033
0.8393	0.0063	0.0043	0.0016
0.8847	0.0025	0.0061	0.0036
0.9301	0.0042	0.0032	0.0017
0.9754	0.0015	0.0031	0.0015
1.0208	0.0055	0.0050	0.0078
1.0662	0.0003	0.0040	0.0048
1.1116	0.0049	0.0029	0.0044
1.1569	0.0031	0.0093	0.0058
1.2023	0.0111	0.0048	0.0084
1.2477	0.0000	0.0000	0.0000
1.2930	0.0023	0.0010	0.0028
1.3384	0.0073	0.0036	0.0043
1.3838	0.0034	0.0113	0.0066
1.4291	0.0059	0.0029	0.0034
1.4745	0.0023	0.0036	0.0033
1.5199	0.0038	0.0071	0.0073
1.5652	0.0001	0.0054	0.0036
1.6106	0.0057	0.0069	0.0087
1.6560	0.0099	0.0043	0.0041
1.7014	0.0076	0.0105	0.0093
1.7467	0.0143	0.0085	0.0046
1.7921	0.0127	0.0089	0.0118
1.8375	0.0009	0.0136	0.0189
1.8828	0.0074	0.0112	0.0210
1.9282	0.0075	0.0062	0.0076
1.9736	0.0060	0.0099	0.0115
2.0189	0.0153	0.0130	0.0173
2.0643	0.0191	0.0113	0.0151
2.1097	0.0168	0.0142	0.0085
2.1550	0.0139	0.0220	0.0158
2.2004	0.0152	0.0165	0.0139
2.2458	0.0187	0.0157	0.0204
2.2912	0.0166	0.0229	0.0092
2.3365	0.0235	0.0259	0.0266
2.3819	0.0253	0.0183	0.0171
2.4273	0.0183	0.0123	0.0150
2.4726	0.0127	0.0179	0.0150
2.5180	0.0241	0.0331	0.0279
2.5634	0.0284	0.0204	0.0241
2.6087	0.0304	0.0204	0.0192
2.6541	0.0342	0.0320	0.0310
2.6995	0.0276	0.0278	0.0297
2.7449	0.0379	0.0262	0.0332
2.7902	0.0533	0.0366	0.0438
2.8356	0.0395	0.0393	0.0489
2.8810	0.0409	0.0292	0.0333
2.9263	0.0535	0.0472	0.0452
2.9717	0.0579	0.0563	0.0560
3.0171	0.0527	0.0451	0.0542
3.0624	0.0462	0.0635	0.0424
3.1078	0.0561	0.0703	0.0590
3.1532	0.0540	0.0488	0.0492
3.1985	0.0748	0.0830	0.0702
3.2439	0.0864	0.0698	0.0870
3.2893	0.0856	0.1030	0.1002
3.3347	0.0662	0.0823	0.0887
3.3800	0.1088	0.1162	0.0943
3.4254	0.0954	0.0967	0.0905
3.4708	0.0832	0.0950	0.1015
3.5161	0.0733	0.0855	0.1026
3.5615	0.0861	0.0830	0.0954
3.6069	0.1137	0.1050	0.1096
3.6522	0.1162	0.1251	0.1266
3.6976	0.1297	0.1419	0.1388
3.7430	0.1197	0.1318	0.1254
3.7883	0.1029	0.1052	0.1171
3.8337	0.1453	0.1452	0.1229
3.8791	0.1371	0.1115	0.1436
3.9245	0.1337	0.1311	0.1395
3.9698	0.1184	0.1270	0.1254
4.0152	0.1282	0.1556	0.1266
4.0606	0.1559	0.1366	0.1270
4.1059	0.1590	0.1204	0.1675
4.1513	0.1842	0.1491	0.1378
4.1967	0.1194	0.1243	0.0998
4.2420	0.1185	0.1313	0.1181
4.2874	0.0929	0.0818	0.1019
4.3328	0.0980	0.0991	0.0765
4.3782	0.1021	0.1074	0.0976
4.4235	0.0741	0.0815	0.0815
4.4689	0.0874	0.0827	0.0792
4.5143	0.0791	0.0823	0.0635
4.5596	0.0852	0.0603	0.0794
4.6050	0.0827	0.0757	0.0726
4.6504	0.0787	0.0817	0.0677
4.6957	0.0825	0.0750	0.0917
4.7411	0.0706	0.0577	0.0722
4.7865	0.0727	0.0638	0.0702
4.8318	0.0894	0.0553	0.0650
4.8772	0.0808	0.0618	0.0702
4.9226	0.0484	0.0578	0.0671
4.9680	0.0536	0.0513	0.0531
5.0133	0.0500	0.0568	0.0634
5.0587	0.0478	0.0541	0.0501
5.1041	0.0355	0.0443	0.0418
5.1494	0.0363	0.0406	0.0416
5.1948	0.0366	0.0570	0.0402
5.2402	0.0267	0.0267	0.0256
5.2855	0.0465	0.0358	0.0332
5.3309	0.0202	0.0219	0.0217
5.3763	0.0134	0.0220	0.0163
5.4216	0.0248	0.0290	0.0496
5.4670	0.0344	0.0451	0.0390
5.5124	0.0282	0.0369	0.0260
5.5578	0.0526	0.0450	0.0696
5.6031	0.0548	0.0422	0.0611
5.6485	0.0682	0.0544	0.0355
5.6939	0.0709	0.0941	0.0782
5.7392	0.1095	0.0895	0.0867
5.7846	0.0887	0.0718	0.0888
5.8300	0.0859	0.1169	0.1164
5.8753	0.1176	0.1303	0.1381
5.9207	0.1367	0.1179	0.0950
5.9661	0.1141	0.1413	0.1337
6.0115	0.1604	0.1518	0.1438
6.0568	0.1368	0.1313	0.1301
6.1022	0.1321	0.1567	0.1672
6.1476	0.1155	0.1348	0.1388
6.1929	0.1004	0.0922	0.0931
6.2383	0.0755	0.0829	0.0908
6.2837	0.0620	0.0711	0.0706
6.3290	0.0704	0.0694	0.0668
6.3744	0.0455	0.0474	0.0317
6.4198	0.0322	0.0318	0.0302
6.4651	0.0260	0.0272	0.0259
6.5105	0.0262	0.0264	0.0265
6.5559	0.0233	0.0234	0.0233
6.6013	0.0110	0.0111	0.0113
6.6466	0.0161	0.0164	0.0161
6.6920	0.0071	0.0071	0.0071
6.7374	0.0000	0.0000	0.0000
