 108 108 100
  0.1240280E+02  0.1102337E-08  0.1102337E-08  0.1102337E-08  0.5000000E-15
  1.000000000000000E-004
  CAR 
 No title                                
 
   0.66666667  0.66666667  0.33333333
   0.66666667  0.83333333  0.50000000
   0.83333333  0.66666667  0.50000000
   0.66666667  0.66666667  0.00000000
   0.66666667  0.83333333  0.16666667
   0.66666667  0.00000000  0.33333333
   0.66666667  0.16666667  0.50000000
   0.83333333  0.66666667  0.16666667
   0.83333333  0.83333333  0.33333333
   0.83333333  0.00000000  0.50000000
   0.00000000  0.66666667  0.33333333
   0.00000000  0.83333333  0.50000000
   0.16666667  0.66666667  0.50000000
   0.66666667  0.66666667  0.66666667
   0.66666667  0.83333333  0.83333333
   0.66666667  0.00000000  0.00000000
   0.66666667  0.16666667  0.16666667
   0.66666667  0.33333333  0.33333333
   0.66666667  0.50000000  0.50000000
   0.83333333  0.66666667  0.83333333
   0.83333333  0.83333333  0.00000000
   0.83333333  0.00000000  0.16666667
   0.83333333  0.16666667  0.33333333
   0.83333333  0.33333333  0.50000000
   0.00000000  0.66666667  0.00000000
   0.00000000  0.83333333  0.16666667
   0.00000000  0.00000000  0.33333333
   0.00000000  0.16666667  0.50000000
   0.16666667  0.66666667  0.16666667
   0.16666667  0.83333333  0.33333333
   0.16666667  0.00000000  0.50000000
   0.33333333  0.66666667  0.33333333
   0.33333333  0.83333333  0.50000000
   0.50000000  0.66666667  0.50000000
   0.66666667  0.00000000  0.66666667
   0.66666667  0.16666667  0.83333333
   0.66666667  0.33333333  0.00000000
   0.66666667  0.50000000  0.16666667
   0.83333333  0.83333333  0.66666667
   0.83333333  0.00000000  0.83333333
   0.83333333  0.16666667  0.00000000
   0.83333333  0.33333333  0.16666667
   0.83333333  0.50000000  0.33333333
   0.00000000  0.66666667  0.66666667
   0.00000000  0.83333333  0.83333333
   0.00000000  0.00000000  0.00000000
   0.00000000  0.16666667  0.16666667
   0.00000000  0.33333333  0.33333333
   0.00000000  0.50000000  0.50000000
   0.16666667  0.66666667  0.83333333
   0.16666667  0.83333333  0.00000000
   0.16666667  0.00000000  0.16666667
   0.16666667  0.16666667  0.33333333
   0.16666667  0.33333333  0.50000000
   0.33333333  0.66666667  0.00000000
   0.33333333  0.83333333  0.16666667
   0.33333333  0.00000000  0.33333333
   0.33333333  0.16666667  0.50000000
   0.50000000  0.66666667  0.16666667
   0.50000000  0.83333333  0.33333333
   0.50000000  0.00000000  0.50000000
   0.66666667  0.33333333  0.66666667
   0.66666667  0.50000000  0.83333333
   0.83333333  0.16666667  0.66666667
   0.83333333  0.33333333  0.83333333
   0.83333333  0.50000000  0.00000000
   0.00000000  0.00000000  0.66666667
   0.00000000  0.16666667  0.83333333
   0.00000000  0.33333333  0.00000000
   0.00000000  0.50000000  0.16666667
   0.16666667  0.83333333  0.66666667
   0.16666667  0.00000000  0.83333333
   0.16666667  0.16666667  0.00000000
   0.16666667  0.33333333  0.16666667
   0.16666667  0.50000000  0.33333333
   0.33333333  0.66666667  0.66666667
   0.33333333  0.83333333  0.83333333
   0.33333333  0.00000000  0.00000000
   0.33333333  0.16666667  0.16666667
   0.33333333  0.33333333  0.33333333
   0.33333333  0.50000000  0.50000000
   0.50000000  0.66666667  0.83333333
   0.50000000  0.83333333  0.00000000
   0.50000000  0.00000000  0.16666667
   0.50000000  0.16666667  0.33333333
   0.50000000  0.33333333  0.50000000
   0.83333333  0.50000000  0.66666667
   0.00000000  0.33333333  0.66666667
   0.00000000  0.50000000  0.83333333
   0.16666667  0.16666667  0.66666667
   0.16666667  0.33333333  0.83333333
   0.16666667  0.50000000  0.00000000
   0.33333333  0.00000000  0.66666667
   0.33333333  0.16666667  0.83333333
   0.33333333  0.33333333  0.00000000
   0.33333333  0.50000000  0.16666667
   0.50000000  0.83333333  0.66666667
   0.50000000  0.00000000  0.83333333
   0.50000000  0.16666667  0.00000000
   0.50000000  0.33333333  0.16666667
   0.50000000  0.50000000  0.33333333
   0.16666667  0.50000000  0.66666667
   0.33333333  0.33333333  0.66666667
   0.33333333  0.50000000  0.83333333
   0.50000000  0.16666667  0.66666667
   0.50000000  0.33333333  0.83333333
   0.50000000  0.50000000  0.00000000
   0.50000000  0.50000000  0.66666667
