  108  108  100    1
  0.1204158E+02  0.1091530E-08  0.1091530E-08  0.1091530E-08  0.5000000E-15
  1.000000000000000E-004
  CAR 
 No title                                
 1188    1  712
 
  0.2500000E+00  0.2500000E+00  0.2500000E+00  0.1000000E+01
   1       -5.3275
   2       -4.6780
   3       -4.6780
   4       -4.6780
   5       -4.0562
   6       -4.0562
   7       -4.0562
   8       -3.4823
   9       -3.4591
  10       -3.4591
  11       -3.4591
  12       -2.9058
  13       -2.9058
  14       -2.9058
  15       -2.9058
  16       -2.9058
  17       -2.9058
  18       -2.4599
  19       -2.4599
  20       -2.4599
  21       -1.9947
  22       -1.9947
  23       -1.9947
  24       -1.9423
  25       -1.9423
  26       -1.9423
  27       -1.7659
  28       -1.7659
  29       -1.7659
  30       -1.5677
  31       -1.5677
  32       -1.5677
  33       -1.5677
  34       -1.5677
  35       -1.5677
  36       -1.5302
  37       -1.3600
  38       -1.3600
  39       -1.3600
  40       -1.2519
  41       -1.2519
  42       -1.2519
  43       -1.1888
  44       -1.1888
  45       -1.1888
  46       -1.1235
  47       -1.1235
  48       -1.1235
  49       -1.1235
  50       -1.1235
  51       -1.1235
  52       -1.0907
  53       -1.0907
  54       -1.0907
  55       -0.9533
  56       -0.9533
  57       -0.9533
  58       -0.9533
  59       -0.9533
  60       -0.9533
  61       -0.8985
  62       -0.8985
  63       -0.8985
  64       -0.8664
  65       -0.8664
  66       -0.8664
  67       -0.8664
  68       -0.8664
  69       -0.8664
  70       -0.8167
  71       -0.8167
  72       -0.8167
  73       -0.8167
  74       -0.8167
  75       -0.8167
  76       -0.7360
  77       -0.7360
  78       -0.7360
  79       -0.6644
  80       -0.6644
  81       -0.6644
  82       -0.6367
  83       -0.6367
  84       -0.6367
  85       -0.6367
  86       -0.6367
  87       -0.6367
  88       -0.6074
  89       -0.6074
  90       -0.6074
  91       -0.5286
  92       -0.5286
  93       -0.5286
  94       -0.5033
  95       -0.5033
  96       -0.5033
  97       -0.4877
  98       -0.4877
  99       -0.4877
 100       -0.4877
 101       -0.4877
 102       -0.4877
 103       -0.4583
 104       -0.4583
 105       -0.4583
 106       -0.4583
 107       -0.4583
 108       -0.4583
 109       -0.4267
 110       -0.4267
 111       -0.4267
 112       -0.4267
 113       -0.4267
 114       -0.4267
 115       -0.3621
 116       -0.3621
 117       -0.3621
 118       -0.3483
 119       -0.3483
 120       -0.3483
 121       -0.3483
 122       -0.3483
 123       -0.3483
 124       -0.3206
 125       -0.3206
 126       -0.3206
 127       -0.3206
 128       -0.3206
 129       -0.3206
 130       -0.2205
 131       -0.2205
 132       -0.2205
 133       -0.1963
 134       -0.1963
 135       -0.1963
 136       -0.1963
 137       -0.1963
 138       -0.1963
 139       -0.1820
 140       -0.1820
 141       -0.1820
 142       -0.1459
 143       -0.1459
 144       -0.1459
 145       -0.1459
 146       -0.1459
 147       -0.1459
 148       -0.1053
 149       -0.1053
 150       -0.1053
 151       -0.1053
 152       -0.1053
 153       -0.1053
 154       -0.0900
 155       -0.0900
 156       -0.0900
 157       -0.0900
 158       -0.0900
 159       -0.0900
 160        0.0337
 161        0.0337
 162        0.0337
 163        0.0337
 164        0.0337
 165        0.0337
 166        0.0947
 167        0.0947
 168        0.0947
 169        0.1132
 170        0.1132
 171        0.1132
 172        0.1201
 173        0.1201
 174        0.1201
 175        0.1201
 176        0.1201
 177        0.1201
 178        0.1259
 179        0.1259
 180        0.1259
 181        0.1559
 182        0.1559
 183        0.1559
 184        0.1559
 185        0.1559
 186        0.1559
 187        0.1828
 188        0.1828
 189        0.1828
 190        0.2510
 191        0.2510
 192        0.2510
 193        0.2510
 194        0.2510
 195        0.2510
 196        0.2849
 197        0.2849
 198        0.2849
 199        0.3148
 200        0.3148
 201        0.3148
 202        0.3148
 203        0.3148
 204        0.3148
 205        0.3341
 206        0.3341
 207        0.3341
 208        0.3462
 209        0.3462
 210        0.3462
 211        0.3481
 212        0.3481
 213        0.3481
 214        0.3791
 215        0.3813
 216        0.3813
 217        0.3813
 218        0.3813
 219        0.3813
 220        0.3813
 221        0.4072
 222        0.4072
 223        0.4072
 224        0.4136
 225        0.4136
 226        0.4136
 227        0.4136
 228        0.4136
 229        0.4136
 230        0.4195
 231        0.4195
 232        0.4195
 233        0.4195
 234        0.4195
 235        0.4195
 236        0.5065
 237        0.5065
 238        0.5065
 239        0.5465
 240        0.5465
 241        0.5465
 242        0.5539
 243        0.5539
 244        0.5539
 245        0.5539
 246        0.5539
 247        0.5539
 248        0.5542
 249        0.5542
 250        0.5542
 251        0.5542
 252        0.5542
 253        0.5542
 254        0.5664
 255        0.5760
 256        0.5760
 257        0.5760
 258        0.6157
 259        0.6157
 260        0.6157
 261        0.6213
 262        0.6213
 263        0.6495
 264        0.6495
 265        0.6495
 266        0.6588
 267        0.6588
 268        0.6588
 269        0.6617
 270        0.6617
 271        0.6711
 272        0.6711
 273        0.6711
 274        0.6794
 275        0.6794
 276        0.6794
 277        0.6794
 278        0.6794
 279        0.6794
 280        0.6826
 281        0.6826
 282        0.6826
 283        0.7081
 284        0.7081
 285        0.7081
 286        0.7081
 287        0.7081
 288        0.7081
 289        0.7335
 290        0.7335
 291        0.7335
 292        0.7679
 293        0.7679
 294        0.7679
 295        0.7679
 296        0.7679
 297        0.7679
 298        0.7725
 299        0.7725
 300        0.7847
 301        0.7847
 302        0.7847
 303        0.7873
 304        0.7873
 305        0.7873
 306        0.7908
 307        0.7908
 308        0.7908
 309        0.7955
 310        0.7955
 311        0.7955
 312        0.8076
 313        0.8076
 314        0.8076
 315        0.8378
 316        0.8378
 317        0.8378
 318        0.8469
 319        0.8469
 320        0.8469
 321        0.8588
 322        0.8588
 323        0.8588
 324        0.8588
 325        0.8588
 326        0.8588
 327        0.8692
 328        0.8692
 329        0.8692
 330        0.8696
 331        0.8696
 332        0.8696
 333        0.8876
 334        0.8876
 335        0.8876
 336        0.9758
 337        0.9758
 338        0.9758
 339        0.9795
 340        0.9795
 341        0.9795
 342        0.9982
 343        0.9982
 344        0.9982
 345        0.9982
 346        0.9982
 347        0.9982
 348        1.0355
 349        1.0355
 350        1.0355
 351        1.0842
 352        1.0842
 353        1.0842
 354        1.0842
 355        1.0842
 356        1.0842
 357        1.1253
 358        1.1253
 359        1.1253
 360        1.1253
 361        1.1253
 362        1.1253
 363        1.1317
 364        1.1317
 365        1.1317
 366        1.1373
 367        1.1373
 368        1.1373
 369        1.1373
 370        1.1373
 371        1.1373
 372        1.2397
 373        1.2397
 374        1.2397
 375        1.2584
 376        1.2584
 377        1.2584
 378        1.2584
 379        1.2584
 380        1.2584
 381        1.2598
 382        1.2598
 383        1.2598
 384        1.2655
 385        1.2655
 386        1.2655
 387        1.2665
 388        1.2665
 389        1.2665
 390        1.3106
 391        1.3106
 392        1.3106
 393        1.3106
 394        1.3106
 395        1.3106
 396        1.3315
 397        1.3315
 398        1.3315
 399        1.3315
 400        1.3315
 401        1.3315
 402        1.3346
 403        1.3346
 404        1.3346
 405        1.3347
 406        1.3347
 407        1.3347
 408        1.3572
 409        1.3572
 410        1.3572
 411        1.3572
 412        1.3572
 413        1.3572
 414        1.3583
 415        1.3583
 416        1.3583
 417        1.4022
 418        1.4022
 419        1.4259
 420        1.4259
 421        1.4259
 422        1.4285
 423        1.4285
 424        1.4285
 425        1.4285
 426        1.4285
 427        1.4285
 428        1.4885
 429        1.4885
 430        1.4885
 431        1.4983
 432        1.4983
 433        1.4987
 434        1.4987
 435        1.4987
 436        1.5520
 437        1.5520
 438        1.5520
 439        1.5520
 440        1.5520
 441        1.5520
 442        1.5690
 443        1.5690
 444        1.5690
 445        1.5802
 446        1.5802
 447        1.5802
 448        1.5802
 449        1.5802
 450        1.5802
 451        1.6352
 452        1.6352
 453        1.6352
 454        1.6577
 455        1.6577
 456        1.6577
 457        1.6589
 458        1.6589
 459        1.6589
 460        1.6716
 461        1.6716
 462        1.6716
 463        1.6716
 464        1.6716
 465        1.6716
 466        1.6767
 467        1.6767
 468        1.6767
 469        1.6811
 470        1.6811
 471        1.6811
 472        1.6878
 473        1.6878
 474        1.6878
 475        1.6878
 476        1.6878
 477        1.6878
 478        1.6982
 479        1.7334
 480        1.7334
 481        1.7334
 482        1.7580
 483        1.7580
 484        1.7580
 485        1.8061
 486        1.8061
 487        1.8061
 488        1.8102
 489        1.8102
 490        1.8102
 491        1.8543
 492        1.8543
 493        1.8543
 494        1.8543
 495        1.8543
 496        1.8543
 497        1.8551
 498        1.8551
 499        1.8551
 500        1.8551
 501        1.8551
 502        1.8551
 503        1.8600
 504        1.8600
 505        1.8600
 506        1.8600
 507        1.8600
 508        1.8600
 509        1.8635
 510        1.8635
 511        1.8635
 512        1.8635
 513        1.8635
 514        1.8635
 515        1.8700
 516        1.8700
 517        1.8700
 518        1.8721
 519        1.8721
 520        1.8721
 521        1.8922
 522        1.8922
 523        1.9202
 524        1.9202
 525        1.9202
 526        1.9202
 527        1.9202
 528        1.9202
 529        1.9316
 530        1.9316
 531        1.9316
 532        1.9316
 533        1.9316
 534        1.9316
 535        1.9379
 536        1.9379
 537        1.9379
 538        1.9470
 539        1.9470
 540        1.9470
 541        1.9642
 542        1.9642
 543        1.9642
 544        1.9717
 545        1.9717
 546        1.9717
 547        2.0056
 548        2.0056
 549        2.0056
 550        2.0395
 551        2.0395
 552        2.0395
 553        2.0395
 554        2.0395
 555        2.0395
 556        2.0461
 557        2.0461
 558        2.0461
 559        2.0461
 560        2.0461
 561        2.0461
 562        2.0651
 563        2.0651
 564        2.0651
 565        2.2023
 566        2.2023
 567        2.2023
 568        2.3726
 569        2.3726
 570        2.3726
 571        2.4257
 572        2.4257
 573        2.4257
 574        2.4257
 575        2.4257
 576        2.4257
 577        2.6142
 578        2.6142
 579        2.6142
 580        2.9168
 581        2.9168
 582        2.9168
 583        3.3390
 584        3.3390
 585        3.3390
 586        3.3390
 587        3.3390
 588        3.3390
 589        3.3468
 590        3.3468
 591        3.3468
 592        3.3468
 593        3.3468
 594        3.3468
 595        3.3510
 596        3.3510
 597        3.3510
 598        3.9129
 599        3.9129
 600        3.9129
 601        3.9129
 602        3.9129
 603        3.9129
 604        4.5361
 605        4.5361
 606        4.5361
 607        4.6091
 608        4.6091
 609        4.6091
 610        4.7673
 611        4.7673
 612        4.7673
 613        5.0350
 614        5.0350
 615        5.0350
 616        5.2501
 617        5.2501
 618        5.2501
 619        5.2501
 620        5.2501
 621        5.2501
 622        5.4659
 623        5.4659
 624        5.4659
 625        5.4659
 626        5.4659
 627        5.4659
 628        6.2260
 629        6.2260
 630        6.2260
 631        6.2260
 632        6.2260
 633        6.2260
 634        6.9532
 635        6.9532
 636        6.9532
 637        6.9532
 638        6.9532
 639        6.9532
 640        7.1377
 641        7.1377
 642        7.1377
 643        7.5747
 644        7.5747
 645        7.5747
 646        7.8529
 647        7.8529
 648        7.8529
 649        7.9211
 650        7.9211
 651        7.9211
 652        7.9211
 653        7.9211
 654        7.9211
 655        8.1806
 656        8.1806
 657        8.1806
 658        8.1806
 659        8.1806
 660        8.1806
 661        8.8646
 662        8.8646
 663        8.8646
 664        8.8646
 665        8.8646
 666        8.8646
 667        8.9131
 668        9.3370
 669        9.3370
 670        9.3370
 671        9.3370
 672        9.3370
 673        9.3370
 674        9.4710
 675        9.4710
 676        9.4710
 677       10.0002
 678       10.0002
 679       10.0002
 680       10.0002
 681       10.0002
 682       10.0002
 683       10.2374
 684       10.2374
 685       10.2374
 686       10.2524
 687       10.2524
 688       10.2524
 689       10.7685
 690       10.7685
 691       10.7685
 692       10.7685
 693       10.7685
 694       10.7685
 695       11.1419
 696       11.1419
 697       11.1419
 698       11.3898
 699       11.3898
 700       11.3898
 701       11.6179
 702       11.6179
 703       11.6179
 704       11.7365
 705       11.7365
 706       11.7365
 707       11.7365
 708       11.7365
 709       11.7365
 710       12.1451
 711       12.1479
 712       12.1610
