0.0 2.861965298678057
10.0 2.861965534673603
20.0 2.8619691271129057
30.0 2.86198591791012
40.0 2.8620326747619913
50.0 2.8621251810072206
60.0 2.8622723670979404
70.0 2.862476579282375
80.0 2.8627359003681065
90.0 2.8630461872028836
100.0 2.863402423795496
110.0 2.863799519618663
120.0 2.8642327198355497
130.0 2.864697749431449
140.0 2.865190888225379
150.0 2.8657089233836444
160.0 2.866249121485182
170.0 2.866809159038626
180.0 2.867387062303101
190.0 2.8679811607045944
200.0 2.8685900320295805
210.0 2.869212470103142
220.0 2.8698474537013094
230.0 2.8704940948241062
240.0 2.871151651455395
250.0 2.8718194820931098
260.0 2.8724970330560273
270.0 2.873183833871291
280.0 2.87387947704885
290.0 2.8745836135162626
300.0 2.8752959448185287
310.0 2.8760162147729162
320.0 2.876744203905041
330.0 2.877479718720387
340.0 2.878222611509374
350.0 2.878972736075625
360.0 2.879729985404129
370.0 2.880494270402411
380.0 2.881265510965242
390.0 2.88204365113135
400.0 2.882828642274952
410.0 2.8836204539985077
420.0 2.8844190650767008
430.0 2.8852244649477403
440.0 2.8860366473008314
450.0 2.8868556279502338
460.0 2.8876814180152537
470.0 2.888514038176518
480.0 2.8893535288096497
490.0 2.8901999207245415
500.0 2.891053255939413
510.0 2.891913584686348
520.0 2.8927809649012652
530.0 2.893655452944936
540.0 2.89453712208023
550.0 2.8954260344676004
560.0 2.896322269322264
570.0 2.8972259102662283
580.0 2.898137035547324
590.0 2.8990557409941307
600.0 2.8999821160490344
610.0 2.9009162636335373
620.0 2.901858285061657
630.0 2.902808283923125
640.0 2.9037663754424754
650.0 2.9047326755194174
660.0 2.9057073067441457
670.0 2.9066903914199753
680.0 2.9076820598675357
690.0 2.908682445603732
700.0 2.909691688637475
710.0 2.9107099327544153
720.0 2.9117373258780583
730.0 2.91277402051567
740.0 2.9138201762302347
750.0 2.914875956306939
760.0 2.9159415285434256
770.0 2.9170170686874144
780.0 2.9181027515830236
790.0 2.9191987719175483
800.0 2.9203053102402405
810.0 2.9214225711415396
820.0 2.922550754267577
830.0 2.9236900732079207
840.0 2.9248407419756215
850.0 2.926002982252903
860.0 2.927177029140254
870.0 2.928363114992707
880.0 2.929561490309398
890.0 2.9307724070481034
900.0 2.9319961262629177
910.0 2.933232917950059
920.0 2.934483053657014
930.0 2.9357468338446107
940.0 2.937024547583719
950.0 2.9383165158215396
960.0 2.939623035273946
970.0 2.940944453575194
980.0 2.9422810799394075
990.0 2.9436333210137593
1000.0 2.9450014818203782
