0 0.08930276699999999
1 0.08930276699999999
2 0.08930276699999999
3 0.08930276699999999
4 0.08930276699999999
5 0.08930276699999999
10 0.08929862099999998
15 0.08928100049999999
20 0.089230212
30 0.0889555395
40 0.08838028199999999
50 0.087476454
60 0.08624820149999998
70 0.08471314499999999
80 0.0828920145
90 0.08080554
100 0.0784744515
125 0.07168952249999999
150 0.063713655
175 0.0547199445
200 0.044841063
225 0.034178587499999996
250 0.022816474499999996
273 0.0118026255
275 0.01082106
298 -0.00072555
300 -0.001751685
350 -0.028450888499999997
400 -0.056982623999999996
450 -0.087119898
500 -0.11868650549999998
550 -0.1515414825
600 -0.18556666799999996
650 -0.220666704
700 -0.25675970699999995
750 -0.293773122
800 -0.331646832
850 -0.3703279755
900 -0.40976783699999997
