0 0.04981937249999999
1 0.04981937249999999
2 0.04981937249999999
3 0.04981937249999999
4 0.04981937249999999
5 0.04981937249999999
10 0.049818336
15 0.04981626299999999
20 0.049810044
30 0.0497779125
40 0.049687736999999996
50 0.049505312999999995
60 0.049198508999999994
70 0.048745558499999994
80 0.0481340235
90 0.047359758
100 0.046420689
125 0.0433681965
150 0.0393673065
175 0.0344999025
200 0.028847867999999995
225 0.022482721499999997
250 0.015467689499999998
273 0.008485825499999999
275 0.007855633499999999
298 0.000366921
300 -0.000304731
350 -0.01811802
400 -0.0377068335
450 -0.0588638715
500 -0.0814222575
550 -0.10524931949999998
600 -0.130232079
650 -0.156279324
700 -0.1833081345
750 -0.21125217449999997
800 -0.24005029049999999
850 -0.26964962099999995
900 -0.30000559649999997
