0 0.07426315199999999
1 0.07426315199999999
2 0.07426315199999999
3 0.07426315199999999
4 0.07426315199999999
5 0.07426315199999999
10 0.07426211549999999
15 0.0742558965
20 0.07423827599999999
30 0.0741211515
40 0.0738226395
50 0.0732919515
60 0.072507321
70 0.071466675
80 0.0701783055
90 0.06865257749999999
100 0.066901929
125 0.06163339949999999
150 0.05523093899999999
175 0.04784483999999999
200 0.039596373
225 0.030579859499999997
250 0.020875109999999995
273 0.0113921715
275 0.0105443145
298 0.0005337975
300 -0.00035862899999999996
350 -0.0237037185
400 -0.048868902
450 -0.07563236849999999
500 -0.103819986
550 -0.13329079049999998
600 -0.16392973049999998
650 -0.19564041149999997
700 -0.22834198649999998
750 -0.261962937
800 -0.296443146
850 -0.3317287155
900 -0.3677740395
