   1   4   1   0  0.1097175E+02  0.1000000E-03
  CAR 
 unknown system                          
   0   0   0
   1   1
 256 256 256
 256
  0.1000000E-09
  0.6250000E-11
   0
  0.5000000E-15  0.3527323E-09  0.3527323E-09  0.3527323E-09
  0.0000000E+00  0.0000000E+00
  0.000
  0.000
  0.000
  0.000
  0.000
  0.000
  0.000
  0.000
  0.000
  0.000
  0.000
  0.000
  0.000
  0.000
  0.000
  0.000
  0.000
  0.000
  0.000
  0.000
  0.000
  0.000
  0.000
  0.000
  0.000
  0.000
  0.000
  0.000
  0.000
  0.000
  0.000
  0.000
  0.000
  0.000
  0.000
  0.000
  0.000
  0.000
  0.000
 27.504
  0.000
  0.000
  0.000
  0.000
  0.000
  0.000
  0.000
  0.000
  0.000
  0.000
  0.000
  0.000
  0.000
  0.000
  0.000
  0.000
  0.000
  0.000
  0.000
  0.000
  0.000
  0.000
  0.000
  0.000
  0.000
  0.000
  0.000
  0.000
  0.000
 17.769
  0.000
  0.000
  0.000
  0.000
  0.000
  0.000
  0.000
  0.000
  0.000
  0.000
  0.000
  0.000
  0.000
  0.000
  0.000
  0.000
  0.000
  0.000
  0.000
 10.715
  0.000
  0.000
  0.000
  0.000
  0.000
  0.000
  0.000
  0.000
  0.000
  0.000
  0.000
  0.000
  0.000
  0.000
  0.000
 15.423
  0.000
  0.000
  0.000
  0.000
  0.000
  0.000
  0.000
  0.000
  0.000
  0.000
  0.000
  0.000
  0.000
  9.016
  0.000
  0.000
  0.000
  0.000
  0.000
  0.000
  0.000
  0.000
  0.000
  0.000
  0.000
  0.000
  4.889
  0.000
  0.000
  0.000
  0.000
  0.000
  0.000
  0.000
  0.000
  0.000
  0.000
 12.504
  0.000
  0.000
  0.000
  0.000
  0.000
  0.000
  0.000
  0.000
  0.000
  0.000
  7.191
  0.000
  0.000
  0.000
  0.000
  0.000
  0.000
  0.000
  0.000
  0.000
  6.344
  0.000
  0.000
  0.000
  0.000
  0.000
  0.000
  0.000
  0.000
  8.554
  0.000
  0.000
  0.000
  0.000
  0.000
  0.000
  0.000
  0.000
  5.154
  0.000
  0.000
  0.000
  0.000
  0.000
  0.000
  0.000
  0.000
  4.681
  0.000
  0.000
  0.000
  0.000
  0.000
  0.000
  0.000
  7.548
  0.000
  0.000
  0.000
  0.000
  0.000
  0.000
  0.000
  7.974
  0.000
  0.000
  0.000
  0.000
  0.000
  0.000
  1.865
  0.000
  0.000
  0.000
  0.000
  0.000
  0.000
  0.000
  6.935
  0.000
  0.000
  0.000
  0.000
  0.000
  0.000
  6.518
  0.000
  0.000
  0.000
  0.000
  0.000
  0.000
  3.069
  0.000
  0.000
  0.000
  0.000
  0.000
  7.298
  0.000
  0.000
  0.000
  0.000
  0.000
  0.000
  2.758
  0.000
  0.000
  0.000
  0.000
  0.000
  2.630
