        4  number of thermod.function
       71  number of points of thermod.function
   Total    
         0.0010        0.1095519E+02
         1.0000        0.1095519E+02
         2.0000        0.1095519E+02
         3.0000        0.1095517E+02
         4.0000        0.1095510E+02
         5.0000        0.1095496E+02
        10.0000        0.1095088E+02
        15.0000        0.1092395E+02
        20.0000        0.1083729E+02
        30.0000        0.1037144E+02
        40.0000        0.9449582E+01
        50.0000        0.8080577E+01
        60.0000        0.6304265E+01
        70.0000        0.4163222E+01
        80.0000        0.1695560E+01
        90.0000       -0.1066184E+01
       100.0000       -0.4094526E+01
       125.0000       -0.1268751E+02
       150.0000       -0.2252961E+02
       175.0000       -0.3342379E+02
       200.0000       -0.4522549E+02
       225.0000       -0.5782451E+02
       250.0000       -0.7113425E+02
       273.0000       -0.8394664E+02
       275.0000       -0.8508486E+02
       298.0000       -0.9843596E+02
       300.0000       -0.9961897E+02
       350.0000       -0.1302528E+03
       400.0000       -0.1627299E+03
       450.0000       -0.1968206E+03
       500.0000       -0.2323461E+03
       550.0000       -0.2691629E+03
       600.0000       -0.3071541E+03
       650.0000       -0.3462218E+03
       700.0000       -0.3862832E+03
       750.0000       -0.4272675E+03
       800.0000       -0.4691133E+03
       850.0000       -0.5117667E+03
       900.0000       -0.5551801E+03
       950.0000       -0.5993114E+03
      1000.0000       -0.6441229E+03
      1050.0000       -0.6895806E+03
      1100.0000       -0.7356536E+03
      1150.0000       -0.7823142E+03
      1200.0000       -0.8295365E+03
      1250.0000       -0.8772975E+03
      1300.0000       -0.9255752E+03
      1350.0000       -0.9743501E+03
      1400.0000       -0.1023604E+04
      1450.0000       -0.1073319E+04
      1500.0000       -0.1123480E+04
      1550.0000       -0.1174072E+04
      1600.0000       -0.1225080E+04
      1650.0000       -0.1276493E+04
      1700.0000       -0.1328297E+04
      1750.0000       -0.1380481E+04
      1800.0000       -0.1433035E+04
      1850.0000       -0.1485947E+04
      1900.0000       -0.1539209E+04
      1950.0000       -0.1592812E+04
      2000.0000       -0.1646745E+04
      2100.0000       -0.1755573E+04
      2200.0000       -0.1865633E+04
      2300.0000       -0.1976868E+04
      2400.0000       -0.2089228E+04
      2500.0000       -0.2202664E+04
      2600.0000       -0.2317135E+04
      2700.0000       -0.2432601E+04
      2800.0000       -0.2549023E+04
      2900.0000       -0.2666370E+04
      3000.0000       -0.2784608E+04
       71  number of points of thermod.function
   1Ag__:X/D
         0.0010        0.3645920E+01
         1.0000        0.3645920E+01
         2.0000        0.3645920E+01
         3.0000        0.3645914E+01
         4.0000        0.3645894E+01
         5.0000        0.3645849E+01
        10.0000        0.3644494E+01
        15.0000        0.3635491E+01
        20.0000        0.3606505E+01
        30.0000        0.3450770E+01
        40.0000        0.3142765E+01
        50.0000        0.2685540E+01
        60.0000        0.2092442E+01
        70.0000        0.1377700E+01
        80.0000        0.5540402E+00
        90.0000       -0.3676775E+00
       100.0000       -0.1378284E+01
       125.0000       -0.4245573E+01
       150.0000       -0.7529294E+01
       175.0000       -0.1116374E+02
       200.0000       -0.1510072E+02
       225.0000       -0.1930348E+02
       250.0000       -0.2374315E+02
       273.0000       -0.2801680E+02
       275.0000       -0.2839646E+02
       298.0000       -0.3284968E+02
       300.0000       -0.3324427E+02
       350.0000       -0.4346178E+02
       400.0000       -0.5429373E+02
       450.0000       -0.6566356E+02
       500.0000       -0.7751161E+02
       550.0000       -0.8979015E+02
       600.0000       -0.1024601E+03
       650.0000       -0.1154890E+03
       700.0000       -0.1288491E+03
       750.0000       -0.1425168E+03
       800.0000       -0.1564716E+03
       850.0000       -0.1706956E+03
       900.0000       -0.1851731E+03
       950.0000       -0.1998898E+03
      1000.0000       -0.2148332E+03
      1050.0000       -0.2299921E+03
      1100.0000       -0.2453560E+03
      1150.0000       -0.2609158E+03
      1200.0000       -0.2766629E+03
      1250.0000       -0.2925895E+03
      1300.0000       -0.3086883E+03
      1350.0000       -0.3249529E+03
      1400.0000       -0.3413770E+03
      1450.0000       -0.3579550E+03
      1500.0000       -0.3746816E+03
      1550.0000       -0.3915518E+03
      1600.0000       -0.4085609E+03
      1650.0000       -0.4257047E+03
      1700.0000       -0.4429790E+03
      1750.0000       -0.4603801E+03
      1800.0000       -0.4779043E+03
      1850.0000       -0.4955480E+03
      1900.0000       -0.5133082E+03
      1950.0000       -0.5311818E+03
      2000.0000       -0.5491661E+03
      2100.0000       -0.5854546E+03
      2200.0000       -0.6221538E+03
      2300.0000       -0.6592447E+03
      2400.0000       -0.6967104E+03
      2500.0000       -0.7345352E+03
      2600.0000       -0.7727047E+03
      2700.0000       -0.8112057E+03
      2800.0000       -0.8500259E+03
      2900.0000       -0.8891537E+03
      3000.0000       -0.9285793E+03
       71  number of points of thermod.function
   1Ag__:Y/D
         0.0010        0.3656066E+01
         1.0000        0.3656066E+01
         2.0000        0.3656065E+01
         3.0000        0.3656059E+01
         4.0000        0.3656039E+01
         5.0000        0.3655995E+01
        10.0000        0.3654653E+01
        15.0000        0.3645720E+01
        20.0000        0.3616924E+01
        30.0000        0.3462003E+01
        40.0000        0.3155271E+01
        50.0000        0.2699613E+01
        60.0000        0.2108262E+01
        70.0000        0.1395386E+01
        80.0000        0.5736712E+00
        90.0000       -0.3460473E+00
       100.0000       -0.1354615E+01
       125.0000       -0.4216693E+01
       150.0000       -0.7495101E+01
       175.0000       -0.1112418E+02
       200.0000       -0.1505574E+02
       225.0000       -0.1925307E+02
       250.0000       -0.2368729E+02
       273.0000       -0.2795592E+02
       275.0000       -0.2833514E+02
       298.0000       -0.3278334E+02
       300.0000       -0.3317748E+02
       350.0000       -0.4338403E+02
       400.0000       -0.5420499E+02
       450.0000       -0.6556383E+02
       500.0000       -0.7740087E+02
       550.0000       -0.8966841E+02
       600.0000       -0.1023274E+03
       650.0000       -0.1153452E+03
       700.0000       -0.1286942E+03
       750.0000       -0.1423509E+03
       800.0000       -0.1562947E+03
       850.0000       -0.1705077E+03
       900.0000       -0.1849741E+03
       950.0000       -0.1996798E+03
      1000.0000       -0.2146122E+03
      1050.0000       -0.2297600E+03
      1100.0000       -0.2451130E+03
      1150.0000       -0.2606616E+03
      1200.0000       -0.2763977E+03
      1250.0000       -0.2923132E+03
      1300.0000       -0.3084011E+03
      1350.0000       -0.3246546E+03
      1400.0000       -0.3410677E+03
      1450.0000       -0.3576347E+03
      1500.0000       -0.3743502E+03
      1550.0000       -0.3912093E+03
      1600.0000       -0.4082075E+03
      1650.0000       -0.4253401E+03
      1700.0000       -0.4426035E+03
      1750.0000       -0.4599935E+03
      1800.0000       -0.4775067E+03
      1850.0000       -0.4951393E+03
      1900.0000       -0.5128885E+03
      1950.0000       -0.5307512E+03
      2000.0000       -0.5487242E+03
      2100.0000       -0.5849908E+03
      2200.0000       -0.6216680E+03
      2300.0000       -0.6587367E+03
      2400.0000       -0.6961803E+03
      2500.0000       -0.7339830E+03
      2600.0000       -0.7721304E+03
      2700.0000       -0.8106092E+03
      2800.0000       -0.8494073E+03
      2900.0000       -0.8885134E+03
      3000.0000       -0.9279166E+03
       71  number of points of thermod.function
   1Ag__:Z/D
         0.0010        0.3653204E+01
         1.0000        0.3653204E+01
         2.0000        0.3653203E+01
         3.0000        0.3653195E+01
         4.0000        0.3653171E+01
         5.0000        0.3653120E+01
        10.0000        0.3651732E+01
        15.0000        0.3642740E+01
        20.0000        0.3613857E+01
        30.0000        0.3458664E+01
        40.0000        0.3151547E+01
        50.0000        0.2695425E+01
        60.0000        0.2103561E+01
        70.0000        0.1390136E+01
        80.0000        0.5678481E+00
        90.0000       -0.3524590E+00
       100.0000       -0.1361627E+01
       125.0000       -0.4225241E+01
       150.0000       -0.7505217E+01
       175.0000       -0.1113588E+02
       200.0000       -0.1506904E+02
       225.0000       -0.1926797E+02
       250.0000       -0.2370380E+02
       273.0000       -0.2797392E+02
       275.0000       -0.2835326E+02
       298.0000       -0.3280294E+02
       300.0000       -0.3319721E+02
       350.0000       -0.4340700E+02
       400.0000       -0.5423122E+02
       450.0000       -0.6559328E+02
       500.0000       -0.7743359E+02
       550.0000       -0.8970436E+02
       600.0000       -0.1023666E+03
       650.0000       -0.1153876E+03
       700.0000       -0.1287400E+03
       750.0000       -0.1423999E+03
       800.0000       -0.1563470E+03
       850.0000       -0.1705632E+03
       900.0000       -0.1850329E+03
       950.0000       -0.1997418E+03
      1000.0000       -0.2146775E+03
      1050.0000       -0.2298286E+03
      1100.0000       -0.2451847E+03
      1150.0000       -0.2607368E+03
      1200.0000       -0.2764760E+03
      1250.0000       -0.2923948E+03
      1300.0000       -0.3084859E+03
      1350.0000       -0.3247428E+03
      1400.0000       -0.3411591E+03
      1450.0000       -0.3577293E+03
      1500.0000       -0.3744481E+03
      1550.0000       -0.3913104E+03
      1600.0000       -0.4083119E+03
      1650.0000       -0.4254478E+03
      1700.0000       -0.4427144E+03
      1750.0000       -0.4601077E+03
      1800.0000       -0.4776240E+03
      1850.0000       -0.4952601E+03
      1900.0000       -0.5130126E+03
      1950.0000       -0.5308784E+03
      2000.0000       -0.5488547E+03
      2100.0000       -0.5851279E+03
      2200.0000       -0.6218114E+03
      2300.0000       -0.6588868E+03
      2400.0000       -0.6963368E+03
      2500.0000       -0.7341461E+03
      2600.0000       -0.7722999E+03
      2700.0000       -0.8107856E+03
      2800.0000       -0.8495903E+03
      2900.0000       -0.8887026E+03
      3000.0000       -0.9281121E+03
