   32   32  100    1
  0.2174181E+02  0.8860983E-09  0.8860983E-09  0.8860983E-09  0.5000000E-15
  1.000000000000000E-004
  CAR 
 No title                                
  352    1  212
 
  0.2500000E+00  0.2500000E+00  0.2500000E+00  0.1000000E+01
   1       -4.1291
   2       -3.4123
   3       -3.3534
   4       -3.3534
   5       -3.3534
   6       -3.3200
   7       -3.3200
   8       -3.3200
   9       -3.2944
  10       -3.2944
  11       -3.2944
  12       -3.2504
  13       -3.2504
  14       -3.2504
  15       -3.1297
  16       -3.1297
  17       -3.1297
  18       -3.1204
  19       -3.1204
  20       -3.1204
  21       -3.0459
  22       -3.0459
  23       -3.0459
  24       -3.0459
  25       -3.0459
  26       -3.0459
  27       -3.0047
  28       -3.0047
  29       -3.0047
  30       -2.9777
  31       -2.9777
  32       -2.9777
  33       -2.9777
  34       -2.9777
  35       -2.9777
  36       -2.9532
  37       -2.9532
  38       -2.9532
  39       -2.8410
  40       -2.8410
  41       -2.8410
  42       -2.8410
  43       -2.8410
  44       -2.8410
  45       -2.6687
  46       -2.6687
  47       -2.6687
  48       -2.6096
  49       -2.6096
  50       -2.6096
  51       -2.6096
  52       -2.6096
  53       -2.6096
  54       -2.6043
  55       -2.6043
  56       -2.6043
  57       -2.5401
  58       -2.5401
  59       -2.5400
  60       -2.4907
  61       -2.4439
  62       -2.4439
  63       -2.4439
  64       -2.4022
  65       -2.4022
  66       -2.3672
  67       -2.3672
  68       -2.3505
  69       -2.3505
  70       -2.3505
  71       -2.3505
  72       -2.3505
  73       -2.3505
  74       -2.2971
  75       -2.2971
  76       -2.2971
  77       -2.2491
  78       -2.2491
  79       -2.2491
  80       -2.2135
  81       -2.2135
  82       -2.2135
  83       -2.2135
  84       -2.2135
  85       -2.2135
  86       -2.2057
  87       -2.2057
  88       -2.2057
  89       -2.1844
  90       -2.1844
  91       -2.1844
  92       -2.1622
  93       -2.1622
  94       -2.1622
  95       -2.1205
  96       -2.1205
  97       -2.1205
  98       -1.9665
  99       -1.9665
 100       -1.9665
 101       -1.9288
 102       -1.9288
 103       -1.9288
 104       -1.9096
 105       -1.9096
 106       -1.9096
 107       -1.9096
 108       -1.9096
 109       -1.9096
 110       -1.8021
 111       -1.8021
 112       -1.8021
 113       -1.7969
 114       -1.7969
 115       -1.7928
 116       -1.7928
 117       -1.7928
 118       -1.7063
 119       -1.7063
 120       -1.7063
 121       -1.6948
 122       -1.6948
 123       -1.6948
 124       -1.6894
 125       -1.6894
 126       -1.6894
 127       -1.6894
 128       -1.6894
 129       -1.6894
 130       -1.5954
 131       -1.5954
 132       -1.5954
 133       -1.4632
 134       -1.4632
 135       -1.4632
 136       -1.4466
 137       -1.4466
 138       -1.4466
 139       -1.4323
 140       -1.4323
 141       -1.4323
 142       -1.4323
 143       -1.4323
 144       -1.4323
 145       -1.4191
 146       -1.4191
 147       -1.4191
 148       -1.4026
 149       -1.4026
 150       -1.3329
 151       -1.3329
 152       -1.3329
 153       -1.2493
 154       -1.2493
 155       -1.2493
 156       -1.2291
 157       -1.2291
 158       -1.2291
 159       -1.2291
 160       -1.2291
 161       -1.2291
 162       -1.1825
 163       -1.1825
 164       -1.1825
 165       -0.7444
 166       -0.7444
 167       -0.7444
 168       -0.2126
 169       -0.0120
 170       -0.0120
 171       -0.0120
 172        1.2940
 173        1.2940
 174        1.2940
 175        1.2940
 176        1.2940
 177        1.2940
 178        2.0816
 179        2.0816
 180        2.0816
 181        2.9742
 182        2.9742
 183        2.9742
 184        3.4439
 185        3.4439
 186        3.4439
 187        4.4337
 188        4.4337
 189        4.4337
 190        4.4337
 191        4.4337
 192        4.4337
 193        4.8206
 194        4.8206
 195        4.8206
 196        5.6813
 197        5.6813
 198        5.6813
 199        6.5224
 200        6.5224
 201        6.5224
 202        6.5224
 203        6.5224
 204        6.5224
 205        6.8909
 206        7.7669
 207        7.7669
 208        7.7669
 209        7.7669
 210        7.7670
 211        7.7672
 212        8.0119
