   32   32    1    1
  0.1977575E+02  0.8585409E-09  0.8585409E-09  0.8585409E-09  0.5000000E-15
  1.000000000000000E-004
  CAR 
 No title                                
  352    1  212
 
  0.2500000E+00  0.2500000E+00  0.2500000E+00  0.1000000E+01
   1       -3.9281
   2       -2.8140
   3       -2.8109
   4       -2.8079
   5       -2.1493
   6       -2.0764
   7       -2.0742
   8       -2.0721
   9       -1.7877
  10       -1.7874
  11       -1.7872
  12       -1.6350
  13       -1.6347
  14       -1.6347
  15       -1.5739
  16       -1.5718
  17       -1.5696
  18       -1.3760
  19       -1.3754
  20       -1.3749
  21       -1.2562
  22       -1.2553
  23       -1.2531
  24       -1.2530
  25       -1.2509
  26       -1.2500
  27       -1.1632
  28       -1.1610
  29       -1.1590
  30       -1.1116
  31       -1.1099
  32       -1.1089
  33       -1.1088
  34       -1.1079
  35       -1.1063
  36       -0.9998
  37       -0.9986
  38       -0.9975
  39       -0.7528
  40       -0.7514
  41       -0.7503
  42       -0.7503
  43       -0.7491
  44       -0.7479
  45       -0.4764
  46       -0.4748
  47       -0.4732
  48       -0.4065
  49       -0.4047
  50       -0.4031
  51       -0.3433
  52       -0.3414
  53       -0.3406
  54       -0.3405
  55       -0.3398
  56       -0.3377
  57       -0.2210
  58       -0.2188
  59       -0.2170
  60       -0.1958
  61       -0.1956
  62       -0.1951
  63       -0.1867
  64       -0.1862
  65       -0.1843
  66       -0.1839
  67       -0.1824
  68       -0.1819
  69       -0.1158
  70        0.0583
  71        0.0584
  72        0.1224
  73        0.1225
  74        0.1710
  75        0.1724
  76        0.1742
  77        0.1966
  78        0.1967
  79        0.1989
  80        0.1989
  81        0.2009
  82        0.2013
  83        0.2294
  84        0.2295
  85        0.2298
  86        0.2592
  87        0.2603
  88        0.2615
  89        0.3076
  90        0.3084
  91        0.3091
  92        0.3896
  93        0.3898
  94        0.3901
  95        0.4287
  96        0.4311
  97        0.4338
  98        0.4594
  99        0.4604
 100        0.4612
 101        0.7835
 102        0.7858
 103        0.7880
 104        0.8221
 105        0.8224
 106        0.8244
 107        0.8244
 108        0.8265
 109        0.8267
 110        1.0090
 111        1.0111
 112        1.0133
 113        1.0255
 114        1.0269
 115        1.0285
 116        1.0875
 117        1.0912
 118        1.0922
 119        1.0929
 120        1.0941
 121        1.0978
 122        1.1198
 123        1.1198
 124        1.2443
 125        1.2464
 126        1.2469
 127        1.2469
 128        1.2477
 129        1.2496
 130        1.4600
 131        1.4747
 132        1.4761
 133        1.4777
 134        1.5122
 135        1.5125
 136        1.5132
 137        1.7265
 138        1.7269
 139        1.7284
 140        1.7287
 141        1.7293
 142        1.7294
 143        1.7296
 144        1.7310
 145        1.7321
 146        1.7787
 147        1.7792
 148        1.7797
 149        1.8157
 150        1.8158
 151        1.9517
 152        1.9519
 153        1.9521
 154        2.1034
 155        2.1037
 156        2.1039
 157        2.1238
 158        2.1247
 159        2.1251
 160        2.1251
 161        2.1257
 162        2.1268
 163        2.1690
 164        2.1702
 165        2.1714
 166        2.2268
 167        2.2270
 168        2.2270
 169        2.2868
 170        2.2882
 171        2.2896
 172        3.7549
 173        3.7557
 174        3.7570
 175        3.7571
 176        3.7584
 177        3.7593
 178        4.4017
 179        4.4025
 180        4.4032
 181        5.1165
 182        5.1178
 183        5.1193
 184        5.6371
 185        5.6375
 186        5.6380
 187        6.6975
 188        6.6994
 189        6.7002
 190        6.7003
 191        6.7010
 192        6.7030
 193        7.0754
 194        7.0769
 195        7.0785
 196        8.3291
 197        8.3308
 198        8.3324
 199        8.7787
 200        8.7789
 201        8.7813
 202        8.7813
 203        8.7837
 204        8.7838
 205        9.5459
 206        9.8592
 207        9.8595
 208        9.8598
 209       10.3470
 210       10.3487
 211       10.3491
 212       10.3502
