   32   32  100    1
  0.1977575E+02  0.8585409E-09  0.8585409E-09  0.8585409E-09  0.5000000E-15
  1.000000000000000E-004
  CAR 
 No title                                
  352    1  212
 
  0.2500000E+00  0.2500000E+00  0.2500000E+00  0.1000000E+01
   1       -3.9293
   2       -2.8124
   3       -2.8124
   4       -2.8124
   5       -2.1520
   6       -2.0761
   7       -2.0761
   8       -2.0761
   9       -1.7904
  10       -1.7904
  11       -1.7904
  12       -1.6385
  13       -1.6385
  14       -1.6385
  15       -1.5747
  16       -1.5747
  17       -1.5747
  18       -1.3798
  19       -1.3798
  20       -1.3798
  21       -1.2560
  22       -1.2560
  23       -1.2560
  24       -1.2560
  25       -1.2560
  26       -1.2560
  27       -1.1648
  28       -1.1648
  29       -1.1648
  30       -1.1126
  31       -1.1126
  32       -1.1126
  33       -1.1126
  34       -1.1126
  35       -1.1126
  36       -1.0029
  37       -1.0029
  38       -1.0029
  39       -0.7548
  40       -0.7548
  41       -0.7548
  42       -0.7548
  43       -0.7548
  44       -0.7548
  45       -0.4788
  46       -0.4788
  47       -0.4788
  48       -0.4089
  49       -0.4089
  50       -0.4089
  51       -0.3447
  52       -0.3447
  53       -0.3447
  54       -0.3447
  55       -0.3447
  56       -0.3447
  57       -0.2236
  58       -0.2236
  59       -0.2236
  60       -0.1987
  61       -0.1987
  62       -0.1987
  63       -0.1887
  64       -0.1887
  65       -0.1887
  66       -0.1887
  67       -0.1887
  68       -0.1887
  69       -0.1200
  70        0.0555
  71        0.0555
  72        0.1184
  73        0.1184
  74        0.1689
  75        0.1689
  76        0.1689
  77        0.1948
  78        0.1948
  79        0.1948
  80        0.1948
  81        0.1948
  82        0.1948
  83        0.2268
  84        0.2268
  85        0.2268
  86        0.2548
  87        0.2548
  88        0.2548
  89        0.3053
  90        0.3053
  91        0.3053
  92        0.3868
  93        0.3868
  94        0.3868
  95        0.4267
  96        0.4267
  97        0.4267
  98        0.4566
  99        0.4566
 100        0.4566
 101        0.7825
 102        0.7825
 103        0.7825
 104        0.8200
 105        0.8200
 106        0.8200
 107        0.8200
 108        0.8200
 109        0.8200
 110        1.0075
 111        1.0075
 112        1.0075
 113        1.0212
 114        1.0212
 115        1.0212
 116        1.0870
 117        1.0870
 118        1.0870
 119        1.0897
 120        1.0897
 121        1.0897
 122        1.1142
 123        1.1142
 124        1.2439
 125        1.2439
 126        1.2439
 127        1.2439
 128        1.2439
 129        1.2439
 130        1.4550
 131        1.4716
 132        1.4716
 133        1.4716
 134        1.5072
 135        1.5072
 136        1.5072
 137        1.7233
 138        1.7233
 139        1.7233
 140        1.7233
 141        1.7233
 142        1.7233
 143        1.7250
 144        1.7250
 145        1.7250
 146        1.7733
 147        1.7733
 148        1.7733
 149        1.8105
 150        1.8105
 151        1.9461
 152        1.9461
 153        1.9461
 154        2.0975
 155        2.0975
 156        2.0975
 157        2.1195
 158        2.1195
 159        2.1195
 160        2.1195
 161        2.1195
 162        2.1195
 163        2.1628
 164        2.1628
 165        2.1628
 166        2.2185
 167        2.2185
 168        2.2185
 169        2.2817
 170        2.2817
 171        2.2817
 172        3.7531
 173        3.7531
 174        3.7531
 175        3.7531
 176        3.7531
 177        3.7531
 178        4.3982
 179        4.3982
 180        4.3982
 181        5.1136
 182        5.1136
 183        5.1136
 184        5.6359
 185        5.6359
 186        5.6359
 187        6.6993
 188        6.6993
 189        6.6993
 190        6.6993
 191        6.6993
 192        6.6993
 193        7.0757
 194        7.0757
 195        7.0757
 196        8.3238
 197        8.3238
 198        8.3238
 199        8.7779
 200        8.7779
 201        8.7779
 202        8.7779
 203        8.7779
 204        8.7779
 205        9.5406
 206        9.8617
 207        9.8617
 208        9.8617
 209       10.3440
 210       10.3440
 211       10.3440
 212       10.3440
