   32   32    1    1
  0.1850611E+02  0.8397597E-09  0.8397597E-09  0.8397597E-09  0.5000000E-15
  1.000000000000000E-004
  CAR 
 al100                                   
   96    6   68
 
  0.0000000E+00  0.0000000E+00  0.0000000E+00  0.3703704E-01
   1       -3.5117
   2       -1.4330
   3       -1.4262
   4       -1.4262
   5       -1.4262
   6       -1.4262
   7       -1.4195
   8        0.6200
   9        0.6288
  10        0.6288
  11        0.6317
  12        0.6320
  13        0.6320
  14        0.6320
  15        0.6320
  16        0.6323
  17        0.6352
  18        0.6352
  19        0.6439
  20        2.6202
  21        2.6203
  22        2.6203
  23        2.6204
  24        2.7094
  25        2.7096
  26        2.7096
  27        2.7097
  28        4.2068
  29        4.2068
  30        4.2068
  31        5.2482
  32        5.2483
  33        5.2483
  34        6.1451
  35        6.1451
  36        6.1533
  37        6.1533
  38        6.1533
  39        6.1533
  40        6.1533
  41        6.1533
  42        6.1533
  43        6.1534
  44        6.1614
  45        6.1614
  46        7.2072
  47        7.2148
  48        7.2149
  49        7.2149
  50        7.2149
  51        7.2223
  52        7.3523
  53        7.3537
  54        7.3537
  55        7.3537
  56        7.3539
  57        7.3552
  58        8.0938
  59        8.0943
  60        8.0977
  61        8.1013
  62        8.1015
  63        8.1015
  64        8.1016
  65        8.1018
  66        8.1048
  67        8.1082
  68        8.1093
 
  0.3333333E+00  0.0000000E+00 -0.8271806E-24  0.7407407E-01
   1       -3.2786
   2       -2.5814
   3       -1.1964
   4       -1.1962
   5       -1.1962
   6       -1.1962
   7       -0.5083
   8       -0.5082
   9       -0.5082
  10       -0.5082
  11        0.1759
  12        0.8589
  13        0.8589
  14        0.8589
  15        0.8590
  16        1.5379
  17        1.5380
  18        1.5380
  19        1.5380
  20        2.2010
  21        2.2136
  22        2.2136
  23        2.2136
  24        2.2140
  25        4.2108
  26        4.2108
  27        4.2109
  28        4.2110
  29        4.2282
  30        4.2283
  31        4.2283
  32        4.2283
  33        4.4229
  34        4.4229
  35        5.0713
  36        5.0713
  37        5.4775
  38        5.4776
  39        6.1600
  40        6.1603
  41        6.2001
  42        6.2001
  43        6.2002
  44        6.2006
  45        6.3697
  46        6.3697
  47        6.3697
  48        6.3697
  49        7.0189
  50        7.0189
  51        7.0189
  52        7.0189
  53        7.5055
  54        7.5055
  55        7.5055
  56        7.5055
  57        7.6634
  58        7.6701
  59        7.6701
  60        8.1706
  61        8.1706
  62        8.1706
  63        8.1706
  64        8.8122
  65        8.8122
  66        9.6187
  67        9.6205
  68        9.6236
 
  0.0000000E+00  0.3333333E+00  0.0000000E+00  0.1481481E+00
   1       -3.2786
   2       -2.5814
   3       -1.2016
   4       -1.1962
   5       -1.1962
   6       -1.1910
   7       -0.5135
   8       -0.5082
   9       -0.5082
  10       -0.5030
  11        0.1759
  12        0.8547
  13        0.8568
  14        0.8611
  15        0.8633
  16        1.5337
  17        1.5358
  18        1.5401
  19        1.5423
  20        2.2012
  21        2.2083
  22        2.2136
  23        2.2136
  24        2.2189
  25        4.2055
  26        4.2110
  27        4.2110
  28        4.2164
  29        4.2238
  30        4.2260
  31        4.2303
  32        4.2325
  33        4.4228
  34        4.4229
  35        5.0713
  36        5.0714
  37        5.4775
  38        5.4776
  39        6.1599
  40        6.1603
  41        6.1958
  42        6.1980
  43        6.2023
  44        6.2048
  45        6.3646
  46        6.3697
  47        6.3698
  48        6.3747
  49        7.0139
  50        7.0189
  51        7.0190
  52        7.0241
  53        7.5016
  54        7.5055
  55        7.5056
  56        7.5094
  57        7.6620
  58        7.6701
  59        7.6715
  60        8.1667
  61        8.1706
  62        8.1725
  63        8.1745
  64        8.8122
  65        8.8196
  66        9.6191
  67        9.6221
  68        9.6244
 
  0.3333333E+00  0.3333333E+00 -0.1654361E-23  0.2962963E+00
   1       -3.0459
   2       -2.3518
   3       -2.3476
   4       -1.6567
   5       -0.9667
   6       -0.9666
   7       -0.2827
   8       -0.2808
   9       -0.2784
  10       -0.2767
  11        0.4000
  12        0.4038
  13        0.4043
  14        0.4076
  15        1.0835
  16        1.0857
  17        2.4240
  18        2.4263
  19        2.4358
  20        2.4372
  21        2.4396
  22        2.4418
  23        3.0791
  24        3.0795
  25        3.0953
  26        3.0995
  27        3.1436
  28        3.1436
  29        3.7799
  30        4.4298
  31        4.4298
  32        4.4362
  33        4.4362
  34        4.6389
  35        5.0946
  36        5.0964
  37        5.0989
  38        5.1008
  39        5.2852
  40        5.2899
  41        5.7059
  42        5.7551
  43        5.7573
  44        5.7764
  45        5.7766
  46        5.9365
  47        6.3874
  48        6.3908
  49        7.0628
  50        7.7118
  51        7.7287
  52        7.7307
  53        7.7308
  54        7.7329
  55        7.8821
  56        7.8841
  57        7.8843
  58        7.8889
  59        8.5333
  60        8.5338
  61        8.5359
  62        8.5376
  63        9.0337
  64        9.0366
  65        9.7374
  66        9.7969
  67        9.8030
  68        9.8395
 
  0.0000000E+00  0.3333333E+00  0.3333333E+00  0.1481481E+00
   1       -3.0459
   2       -2.3497
   3       -2.3497
   4       -1.6567
   5       -0.9698
   6       -0.9634
   7       -0.2849
   8       -0.2808
   9       -0.2784
  10       -0.2744
  11        0.4006
  12        0.4035
  13        0.4037
  14        0.4080
  15        1.0846
  16        1.0846
  17        2.4255
  18        2.4255
  19        2.4332
  20        2.4372
  21        2.4397
  22        2.4436
  23        3.0792
  24        3.0794
  25        3.0972
  26        3.0973
  27        3.1437
  28        3.1437
  29        3.7799
  30        4.4285
  31        4.4285
  32        4.4375
  33        4.4375
  34        4.6390
  35        5.0923
  36        5.0964
  37        5.0990
  38        5.1030
  39        5.2875
  40        5.2877
  41        5.7059
  42        5.7562
  43        5.7562
  44        5.7731
  45        5.7798
  46        5.9365
  47        6.3890
  48        6.3891
  49        7.0628
  50        7.7119
  51        7.7264
  52        7.7284
  53        7.7332
  54        7.7351
  55        7.8800
  56        7.8821
  57        7.8875
  58        7.8898
  59        8.5308
  60        8.5323
  61        8.5380
  62        8.5394
  63        9.0351
  64        9.0351
  65        9.6762
  66        9.6765
  67        9.7970
  68        9.7977
 
  0.3333333E+00  0.3333333E+00  0.3333333E+00  0.2962963E+00
   1       -2.8135
   2       -2.1214
   3       -2.1184
   4       -2.1154
   5       -1.4294
   6       -1.4264
   7       -1.4234
   8       -0.7374
   9        0.6278
  10        0.6308
  11        0.6337
  12        1.3057
  13        1.3090
  14        1.3109
  15        1.3109
  16        1.3129
  17        1.3162
  18        1.9866
  19        1.9881
  20        1.9897
  21        2.6483
  22        2.6497
  23        2.6512
  24        3.3153
  25        3.3184
  26        3.3205
  27        3.3205
  28        3.3226
  29        3.3258
  30        3.9796
  31        3.9827
  32        3.9858
  33        4.0060
  34        4.0089
  35        4.0119
  36        4.6686
  37        4.6701
  38        4.6716
  39        5.9742
  40        5.9751
  41        5.9774
  42        5.9774
  43        5.9797
  44        5.9804
  45        6.6337
  46        6.6346
  47        6.6369
  48        6.6369
  49        6.6391
  50        6.6401
  51        7.3116
  52        7.9209
  53        7.9229
  54        7.9249
  55        8.1087
  56        8.1099
  57        8.1110
  58        8.5782
  59        8.5813
  60        8.5845
  61        8.7570
  62        8.7571
  63        8.7596
  64        8.7597
  65        8.7621
  66        8.7623
  67        9.2479
  68        9.2500
