   32   32  100    1
  0.1850611E+02  0.8397597E-09  0.8397597E-09  0.8397597E-09  0.5000000E-15
  1.000000000000000E-004
  CAR 
 al100                                   
   96    4   68
 
  0.0000000E+00  0.0000000E+00  0.0000000E+00  0.3703704E-01
   1       -3.5117
   2       -1.4262
   3       -1.4262
   4       -1.4262
   5       -1.4262
   6       -1.4262
   7       -1.4262
   8        0.6320
   9        0.6320
  10        0.6320
  11        0.6320
  12        0.6320
  13        0.6320
  14        0.6320
  15        0.6320
  16        0.6320
  17        0.6320
  18        0.6320
  19        0.6320
  20        2.6204
  21        2.6204
  22        2.6204
  23        2.6204
  24        2.7094
  25        2.7094
  26        2.7094
  27        2.7094
  28        4.2068
  29        4.2068
  30        4.2068
  31        5.2483
  32        5.2483
  33        5.2483
  34        6.1533
  35        6.1533
  36        6.1533
  37        6.1533
  38        6.1533
  39        6.1533
  40        6.1533
  41        6.1533
  42        6.1533
  43        6.1533
  44        6.1533
  45        6.1533
  46        7.2149
  47        7.2149
  48        7.2149
  49        7.2149
  50        7.2149
  51        7.2149
  52        7.3538
  53        7.3538
  54        7.3538
  55        7.3538
  56        7.3538
  57        7.3538
  58        8.1015
  59        8.1015
  60        8.1015
  61        8.1015
  62        8.1015
  63        8.1015
  64        8.1015
  65        8.1015
  66        8.1015
  67        8.1015
  68        8.1015
 
  0.3333333E+00 -0.6889065E-25  0.5677469E-25  0.2222222E+00
   1       -3.2786
   2       -2.5814
   3       -1.1962
   4       -1.1962
   5       -1.1962
   6       -1.1962
   7       -0.5082
   8       -0.5082
   9       -0.5082
  10       -0.5082
  11        0.1759
  12        0.8590
  13        0.8590
  14        0.8590
  15        0.8590
  16        1.5380
  17        1.5380
  18        1.5380
  19        1.5380
  20        2.2012
  21        2.2136
  22        2.2136
  23        2.2136
  24        2.2136
  25        4.2110
  26        4.2110
  27        4.2110
  28        4.2110
  29        4.2282
  30        4.2282
  31        4.2282
  32        4.2282
  33        4.4228
  34        4.4228
  35        5.0713
  36        5.0713
  37        5.4776
  38        5.4776
  39        6.1603
  40        6.1603
  41        6.2002
  42        6.2002
  43        6.2002
  44        6.2002
  45        6.3697
  46        6.3697
  47        6.3697
  48        6.3697
  49        7.0189
  50        7.0189
  51        7.0189
  52        7.0189
  53        7.5056
  54        7.5056
  55        7.5056
  56        7.5056
  57        7.6633
  58        7.6701
  59        7.6701
  60        8.1706
  61        8.1706
  62        8.1706
  63        8.1706
  64        8.8122
  65        8.8122
  66        9.6192
  67        9.6216
  68        9.6235
 
  0.3333333E+00  0.3333333E+00  0.1221603E-23  0.4444444E+00
   1       -3.0459
   2       -2.3497
   3       -2.3497
   4       -1.6566
   5       -0.9666
   6       -0.9666
   7       -0.2796
   8       -0.2796
   9       -0.2796
  10       -0.2796
  11        0.4035
  12        0.4035
  13        0.4044
  14        0.4044
  15        1.0846
  16        1.0846
  17        2.4256
  18        2.4256
  19        2.4384
  20        2.4384
  21        2.4384
  22        2.4384
  23        3.0795
  24        3.0795
  25        3.0972
  26        3.0972
  27        3.1435
  28        3.1435
  29        3.7799
  30        4.4300
  31        4.4300
  32        4.4360
  33        4.4360
  34        4.6389
  35        5.0977
  36        5.0977
  37        5.0977
  38        5.0977
  39        5.2875
  40        5.2875
  41        5.7060
  42        5.7562
  43        5.7562
  44        5.7764
  45        5.7764
  46        5.9365
  47        6.3891
  48        6.3891
  49        7.0628
  50        7.7120
  51        7.7308
  52        7.7308
  53        7.7308
  54        7.7308
  55        7.8832
  56        7.8832
  57        7.8865
  58        7.8865
  59        8.5346
  60        8.5346
  61        8.5357
  62        8.5357
  63        9.0351
  64        9.0351
  65        9.6650
  66        9.6716
  67        9.6772
  68        9.7935
 
  0.3333333E+00  0.3333333E+00  0.3333333E+00  0.2962963E+00
   1       -2.8135
   2       -2.1184
   3       -2.1184
   4       -2.1184
   5       -1.4264
   6       -1.4264
   7       -1.4264
   8       -0.7374
   9        0.6308
  10        0.6308
  11        0.6308
  12        1.3109
  13        1.3109
  14        1.3109
  15        1.3109
  16        1.3109
  17        1.3109
  18        1.9881
  19        1.9881
  20        1.9881
  21        2.6498
  22        2.6498
  23        2.6498
  24        3.3205
  25        3.3205
  26        3.3205
  27        3.3205
  28        3.3205
  29        3.3205
  30        3.9827
  31        3.9827
  32        3.9827
  33        4.0089
  34        4.0089
  35        4.0089
  36        4.6701
  37        4.6701
  38        4.6701
  39        5.9774
  40        5.9774
  41        5.9774
  42        5.9774
  43        5.9774
  44        5.9774
  45        6.6369
  46        6.6369
  47        6.6369
  48        6.6369
  49        6.6369
  50        6.6369
  51        7.3116
  52        7.9229
  53        7.9229
  54        7.9229
  55        8.1099
  56        8.1099
  57        8.1099
  58        8.5813
  59        8.5813
  60        8.5813
  61        8.7596
  62        8.7596
  63        8.7596
  64        8.7596
  65        8.7596
  66        8.7596
  67        9.2490
  68        9.2490
