   32   32  100    1
  0.1725935E+02  0.8204614E-09  0.8204614E-09  0.8204614E-09  0.5000000E-15
  1.000000000000000E-004
  CAR 
 No title                                
  352    1  212
 
  0.2500000E+00  0.2500000E+00  0.2500000E+00  0.1000000E+01
   1       -3.7932
   2       -2.8209
   3       -2.7949
   4       -2.7949
   5       -2.7949
   6       -2.7482
   7       -2.7482
   8       -2.7482
   9       -2.6495
  10       -2.6495
  11       -2.6495
  12       -2.5828
  13       -2.5828
  14       -2.5828
  15       -2.4475
  16       -2.4475
  17       -2.4475
  18       -2.4216
  19       -2.4216
  20       -2.4216
  21       -2.2950
  22       -2.2950
  23       -2.2950
  24       -2.2950
  25       -2.2950
  26       -2.2950
  27       -2.2204
  28       -2.2204
  29       -2.2204
  30       -2.1967
  31       -2.1967
  32       -2.1967
  33       -2.1967
  34       -2.1967
  35       -2.1967
  36       -2.1753
  37       -2.1753
  38       -2.1753
  39       -2.0033
  40       -2.0033
  41       -2.0033
  42       -2.0033
  43       -2.0033
  44       -2.0033
  45       -1.7225
  46       -1.7225
  47       -1.7225
  48       -1.6644
  49       -1.6644
  50       -1.6644
  51       -1.6385
  52       -1.6385
  53       -1.6385
  54       -1.6385
  55       -1.6385
  56       -1.6385
  57       -1.5095
  58       -1.5095
  59       -1.5095
  60       -1.4256
  61       -1.3843
  62       -1.3843
  63       -1.3843
  64       -1.3011
  65       -1.3011
  66       -1.3011
  67       -1.3011
  68       -1.3011
  69       -1.3011
  70       -1.2837
  71       -1.2837
  72       -1.2243
  73       -1.2243
  74       -1.1301
  75       -1.1301
  76       -1.1301
  77       -1.0705
  78       -1.0705
  79       -1.0705
  80       -1.0705
  81       -1.0705
  82       -1.0705
  83       -1.0577
  84       -1.0577
  85       -1.0577
  86       -1.0514
  87       -1.0514
  88       -1.0514
  89       -1.0345
  90       -1.0345
  91       -1.0345
  92       -0.9889
  93       -0.9889
  94       -0.9889
  95       -0.9233
  96       -0.9233
  97       -0.9233
  98       -0.6592
  99       -0.6592
 100       -0.6592
 101       -0.6391
 102       -0.6391
 103       -0.6391
 104       -0.5722
 105       -0.5722
 106       -0.5722
 107       -0.5722
 108       -0.5722
 109       -0.5722
 110       -0.3767
 111       -0.3767
 112       -0.3767
 113       -0.3702
 114       -0.3702
 115       -0.3702
 116       -0.3572
 117       -0.3572
 118       -0.3308
 119       -0.3308
 120       -0.3308
 121       -0.3131
 122       -0.3131
 123       -0.3131
 124       -0.2256
 125       -0.2256
 126       -0.2256
 127       -0.2256
 128       -0.2256
 129       -0.2256
 130       -0.0521
 131       -0.0521
 132       -0.0521
 133        0.0822
 134        0.0822
 135        0.0822
 136        0.1674
 137        0.1674
 138        0.1674
 139        0.1764
 140        0.1764
 141        0.1764
 142        0.1764
 143        0.1764
 144        0.1764
 145        0.2044
 146        0.2044
 147        0.2044
 148        0.2343
 149        0.2343
 150        0.3476
 151        0.3476
 152        0.3476
 153        0.4718
 154        0.4718
 155        0.4718
 156        0.4975
 157        0.4975
 158        0.4975
 159        0.4975
 160        0.4975
 161        0.4975
 162        0.5746
 163        0.5746
 164        0.5746
 165        0.8896
 166        0.8896
 167        0.8896
 168        0.9848
 169        1.5257
 170        1.5257
 171        1.5257
 172        3.1510
 173        3.1510
 174        3.1510
 175        3.1510
 176        3.1510
 177        3.1510
 178        3.7286
 179        3.7286
 180        3.7286
 181        4.8287
 182        4.8287
 183        4.8287
 184        5.5934
 185        5.5934
 186        5.5934
 187        6.7492
 188        6.7492
 189        6.7492
 190        6.7492
 191        6.7492
 192        6.7492
 193        7.5969
 194        7.5969
 195        7.5969
 196        8.3920
 197        8.3920
 198        8.3920
 199        9.2504
 200        9.2504
 201        9.2504
 202        9.2504
 203        9.2504
 204        9.2504
 205        9.8614
 206       10.7638
 207       10.7638
 208       10.7638
 209       10.7638
 210       10.7638
 211       10.7638
 212       11.3679
