   32   32    1    1
  0.2214645E+02  0.8915617E-09  0.8915617E-09  0.8915617E-09  0.5000000E-15
  1.000000000000000E-004
  CAR 
 No title                                
  352    6  212
 
  0.0000000E+00  0.0000000E+00  0.0000000E+00  0.3703704E-01
   1       -4.5703
   2       -2.6069
   3       -2.6014
   4       -2.6014
   5       -2.6014
   6       -2.6014
   7       -2.5962
   8       -2.4751
   9       -2.4751
  10       -2.4751
  11       -2.4751
  12       -2.2297
  13       -2.2297
  14       -2.2296
  15       -2.0436
  16       -2.0436
  17       -2.0436
  18       -1.6035
  19       -1.6011
  20       -1.6011
  21       -1.5985
  22       -1.5983
  23       -1.5981
  24       -1.5981
  25       -1.5981
  26       -1.5978
  27       -1.5953
  28       -1.5953
  29       -1.5929
  30       -1.4677
  31       -1.4648
  32       -1.4648
  33       -1.4648
  34       -1.4648
  35       -1.4619
  36       -1.4315
  37       -1.4285
  38       -1.4285
  39       -1.4285
  40       -1.4285
  41       -1.4256
  42       -1.0227
  43       -1.0191
  44       -1.0191
  45       -1.0173
  46       -1.0172
  47       -1.0172
  48       -1.0172
  49       -1.0171
  50       -1.0171
  51       -1.0156
  52       -1.0156
  53       -1.0123
  54       -0.9685
  55       -0.9685
  56       -0.9653
  57       -0.9653
  58       -0.9653
  59       -0.9653
  60       -0.9653
  61       -0.9652
  62       -0.9652
  63       -0.9647
  64       -0.9617
  65       -0.9617
  66       -0.7567
  67       -0.7514
  68       -0.7510
  69       -0.7510
  70       -0.7507
  71       -0.7507
  72       -0.7506
  73       -0.7506
  74       -0.7504
  75       -0.7504
  76       -0.7501
  77       -0.7469
  78       -0.7442
  79       -0.7442
  80       -0.7441
  81       -0.7441
  82       -0.7441
  83       -0.7440
  84       -0.7440
  85       -0.7418
  86       -0.7319
  87       -0.7319
  88       -0.7319
  89       -0.2129
  90       -0.2101
  91       -0.2099
  92       -0.2099
  93       -0.2098
  94       -0.2070
  95       -0.1265
  96       -0.1251
  97       -0.1235
  98       -0.1235
  99       -0.1229
 100       -0.1229
 101       -0.1228
 102       -0.1228
 103       -0.1221
 104       -0.1221
 105       -0.1202
 106       -0.1194
 107        0.0655
 108        0.0655
 109        0.0692
 110        0.0692
 111        0.0694
 112        0.0695
 113        0.0695
 114        0.0695
 115        0.0697
 116        0.0697
 117        0.0731
 118        0.0731
 119        0.1734
 120        0.1758
 121        0.1758
 122        0.1759
 123        0.1759
 124        0.1783
 125        0.2155
 126        0.2159
 127        0.2297
 128        0.2297
 129        0.2332
 130        0.2336
 131        0.2337
 132        0.2337
 133        0.2337
 134        0.2339
 135        0.2343
 136        0.2344
 137        0.2381
 138        0.2381
 139        0.5638
 140        0.5654
 141        0.5655
 142        0.5655
 143        0.5655
 144        0.5672
 145        0.9369
 146        0.9369
 147        0.9369
 148        0.9695
 149        0.9696
 150        0.9696
 151        0.9696
 152        0.9696
 153        0.9696
 154        0.9696
 155        0.9697
 156        1.1673
 157        1.1679
 158        1.1681
 159        1.1681
 160        1.1681
 161        1.1681
 162        1.1689
 163        1.1691
 164        1.1691
 165        1.1691
 166        1.1691
 167        1.1698
 168        2.3366
 169        2.3386
 170        2.3386
 171        2.3397
 172        2.3404
 173        2.3404
 174        2.3405
 175        2.3405
 176        2.3413
 177        2.3423
 178        2.3423
 179        2.3443
 180        2.9682
 181        2.9683
 182        2.9683
 183        2.9683
 184        4.5284
 185        4.5284
 186        4.5285
 187        4.7351
 188        4.7352
 189        4.7352
 190        4.7352
 191        6.3249
 192        6.3251
 193        6.3252
 194        6.3252
 195        6.3252
 196        6.3255
 197        6.8219
 198        6.8220
 199        6.8220
 200        8.3936
 201        8.3936
 202        8.3990
 203        8.3990
 204        8.3996
 205        8.3996
 206        8.3996
 207        8.3998
 208        8.4002
 209        8.4002
 210        8.4055
 211        8.4055
 212       10.0492
 
  0.3333333E+00  0.8271806E-24  0.0000000E+00  0.7407407E-01
   1       -4.3144
   2       -3.5845
   3       -2.4238
   4       -2.4237
   5       -2.4237
   6       -2.4237
   7       -2.3453
   8       -2.3453
   9       -2.3453
  10       -2.3453
  11       -2.1637
  12       -2.1030
  13       -2.0815
  14       -2.0815
  15       -1.9867
  16       -1.9867
  17       -1.9865
  18       -1.9864
  19       -1.9763
  20       -1.9760
  21       -1.9760
  22       -1.9760
  23       -1.9650
  24       -1.9219
  25       -1.9219
  26       -1.7448
  27       -1.7151
  28       -1.7150
  29       -1.5592
  30       -1.5592
  31       -1.3822
  32       -1.3813
  33       -1.3813
  34       -1.3813
  35       -1.3771
  36       -1.3771
  37       -1.3771
  38       -1.3763
  39       -1.3610
  40       -1.3609
  41       -1.3609
  42       -1.3609
  43       -1.1893
  44       -1.1892
  45       -1.1892
  46       -1.1892
  47       -1.0920
  48       -1.0575
  49       -1.0575
  50       -1.0575
  51       -1.0574
  52       -0.9874
  53       -0.9874
  54       -0.9874
  55       -0.9874
  56       -0.9568
  57       -0.9553
  58       -0.9553
  59       -0.9552
  60       -0.9493
  61       -0.9492
  62       -0.9492
  63       -0.9477
  64       -0.8729
  65       -0.8729
  66       -0.8729
  67       -0.8729
  68       -0.8309
  69       -0.7838
  70       -0.7838
  71       -0.7837
  72       -0.7837
  73       -0.7450
  74       -0.7449
  75       -0.7449
  76       -0.7448
  77       -0.6480
  78       -0.6479
  79       -0.6479
  80       -0.6478
  81       -0.6359
  82       -0.6359
  83       -0.5287
  84       -0.5287
  85       -0.5286
  86       -0.5286
  87       -0.3837
  88       -0.3836
  89       -0.3836
  90       -0.3836
  91       -0.3572
  92       -0.3572
  93       -0.2791
  94       -0.2790
  95       -0.2790
  96       -0.2790
  97       -0.1743
  98       -0.1743
  99       -0.1264
 100        0.0335
 101        0.0336
 102        0.0336
 103        0.0336
 104        0.0650
 105        0.0650
 106        0.0650
 107        0.0651
 108        0.0856
 109        0.0856
 110        0.0856
 111        0.0857
 112        0.1015
 113        0.1016
 114        0.1016
 115        0.1016
 116        0.1141
 117        0.1998
 118        0.1999
 119        0.2000
 120        0.2000
 121        0.2227
 122        0.2227
 123        0.2228
 124        0.2228
 125        0.2614
 126        0.3880
 127        0.4292
 128        0.4294
 129        0.5227
 130        0.5227
 131        0.5227
 132        0.5228
 133        0.5575
 134        0.5576
 135        0.5576
 136        0.5576
 137        0.5667
 138        0.5667
 139        0.5804
 140        0.5805
 141        0.5805
 142        0.5805
 143        0.6907
 144        0.6907
 145        0.6953
 146        0.7482
 147        0.7932
 148        0.7936
 149        0.7964
 150        0.7964
 151        0.7964
 152        0.7969
 153        0.8443
 154        0.8443
 155        0.8443
 156        0.8444
 157        0.8858
 158        0.9836
 159        0.9836
 160        0.9836
 161        0.9836
 162        0.9938
 163        0.9938
 164        1.1674
 165        1.1682
 166        1.1687
 167        1.1697
 168        1.4661
 169        1.4661
 170        1.4661
 171        1.4661
 172        2.3939
 173        2.3941
 174        2.3942
 175        2.3942
 176        2.6189
 177        2.6190
 178        2.6190
 179        2.6190
 180        2.7028
 181        3.5793
 182        3.5793
 183        3.5794
 184        3.5794
 185        5.2124
 186        5.2124
 187        5.2220
 188        5.2220
 189        5.2222
 190        5.2222
 191        5.8631
 192        5.8631
 193        5.8631
 194        5.8631
 195        6.4468
 196        6.4469
 197        6.6784
 198        6.6784
 199        6.6960
 200        6.6961
 201        8.0127
 202        8.0127
 203        8.0128
 204        8.0128
 205        8.5609
 206        8.5609
 207        8.5609
 208        8.5609
 209        8.8176
 210        8.8176
 211        8.8176
 212        8.8176
 
  0.0000000E+00  0.3333333E+00  0.8271806E-24  0.1481481E+00
   1       -4.3144
   2       -3.5845
   3       -2.4278
   4       -2.4237
   5       -2.4237
   6       -2.4198
   7       -2.3456
   8       -2.3454
   9       -2.3451
  10       -2.3448
  11       -2.1637
  12       -2.1029
  13       -2.0815
  14       -2.0815
  15       -1.9906
  16       -1.9868
  17       -1.9867
  18       -1.9833
  19       -1.9767
  20       -1.9763
  21       -1.9757
  22       -1.9746
  23       -1.9650
  24       -1.9220
  25       -1.9219
  26       -1.7448
  27       -1.7151
  28       -1.7150
  29       -1.5593
  30       -1.5592
  31       -1.3834
  32       -1.3817
  33       -1.3815
  34       -1.3800
  35       -1.3787
  36       -1.3772
  37       -1.3767
  38       -1.3751
  39       -1.3632
  40       -1.3609
  41       -1.3607
  42       -1.3585
  43       -1.1914
  44       -1.1892
  45       -1.1892
  46       -1.1870
  47       -1.0920
  48       -1.0597
  49       -1.0575
  50       -1.0574
  51       -1.0551
  52       -0.9897
  53       -0.9876
  54       -0.9874
  55       -0.9853
  56       -0.9589
  57       -0.9551
  58       -0.9551
  59       -0.9526
  60       -0.9515
  61       -0.9493
  62       -0.9492
  63       -0.9458
  64       -0.8744
  65       -0.8730
  66       -0.8729
  67       -0.8717
  68       -0.8309
  69       -0.7847
  70       -0.7840
  71       -0.7836
  72       -0.7831
  73       -0.7468
  74       -0.7448
  75       -0.7447
  76       -0.7428
  77       -0.6483
  78       -0.6478
  79       -0.6478
  80       -0.6472
  81       -0.6358
  82       -0.6358
  83       -0.5310
  84       -0.5286
  85       -0.5286
  86       -0.5262
  87       -0.3843
  88       -0.3835
  89       -0.3835
  90       -0.3827
  91       -0.3572
  92       -0.3572
  93       -0.2803
  94       -0.2797
  95       -0.2784
  96       -0.2779
  97       -0.1744
  98       -0.1744
  99       -0.1265
 100        0.0318
 101        0.0334
 102        0.0335
 103        0.0349
 104        0.0621
 105        0.0651
 106        0.0652
 107        0.0674
 108        0.0832
 109        0.0853
 110        0.0856
 111        0.0884
 112        0.1002
 113        0.1016
 114        0.1019
 115        0.1031
 116        0.1142
 117        0.1984
 118        0.2000
 119        0.2001
 120        0.2016
 121        0.2212
 122        0.2227
 123        0.2227
 124        0.2242
 125        0.2616
 126        0.3881
 127        0.4291
 128        0.4292
 129        0.5208
 130        0.5227
 131        0.5227
 132        0.5246
 133        0.5565
 134        0.5571
 135        0.5581
 136        0.5587
 137        0.5666
 138        0.5668
 139        0.5791
 140        0.5805
 141        0.5806
 142        0.5818
 143        0.6901
 144        0.6906
 145        0.6957
 146        0.7483
 147        0.7935
 148        0.7936
 149        0.7950
 150        0.7964
 151        0.7964
 152        0.7978
 153        0.8432
 154        0.8442
 155        0.8443
 156        0.8454
 157        0.8858
 158        0.9830
 159        0.9835
 160        0.9836
 161        0.9839
 162        0.9938
 163        0.9939
 164        1.1683
 165        1.1684
 166        1.1688
 167        1.1688
 168        1.4645
 169        1.4661
 170        1.4661
 171        1.4676
 172        2.3924
 173        2.3932
 174        2.3952
 175        2.3959
 176        2.6172
 177        2.6175
 178        2.6206
 179        2.6208
 180        2.7026
 181        3.5771
 182        3.5793
 183        3.5793
 184        3.5816
 185        5.2120
 186        5.2127
 187        5.2206
 188        5.2219
 189        5.2221
 190        5.2239
 191        5.8603
 192        5.8629
 193        5.8633
 194        5.8659
 195        6.4468
 196        6.4469
 197        6.6779
 198        6.6783
 199        6.6960
 200        6.6965
 201        8.0104
 202        8.0125
 203        8.0130
 204        8.0151
 205        8.5585
 206        8.5608
 207        8.5610
 208        8.5633
 209        8.8188
 210        9.0255
 211        9.0751
 212        9.0765
 
  0.3333333E+00  0.3333333E+00  0.1654361E-23  0.2962963E+00
   1       -4.0684
   2       -3.3712
   3       -3.3673
   4       -2.7732
   5       -2.3695
   6       -2.3694
   7       -2.3548
   8       -2.3546
   9       -2.1916
  10       -2.1904
  11       -2.1898
  12       -2.1885
  13       -2.1109
  14       -2.1109
  15       -2.0104
  16       -2.0088
  17       -2.0086
  18       -1.9306
  19       -1.9286
  20       -1.8501
  21       -1.8496
  22       -1.7499
  23       -1.7434
  24       -1.7412
  25       -1.7079
  26       -1.7070
  27       -1.7049
  28       -1.7039
  29       -1.6499
  30       -1.6488
  31       -1.6473
  32       -1.6195
  33       -1.6180
  34       -1.5082
  35       -1.5071
  36       -1.4806
  37       -1.4791
  38       -1.3733
  39       -1.3731
  40       -1.3711
  41       -1.3689
  42       -1.3686
  43       -1.3678
  44       -1.2833
  45       -1.2832
  46       -1.1859
  47       -1.1859
  48       -1.0680
  49       -1.0671
  50       -1.0664
  51       -1.0652
  52       -1.0632
  53       -1.0618
  54       -1.0598
  55       -1.0434
  56       -0.9248
  57       -0.9247
  58       -0.8760
  59       -0.8747
  60       -0.8577
  61       -0.7880
  62       -0.7868
  63       -0.7862
  64       -0.7851
  65       -0.7508
  66       -0.7507
  67       -0.6937
  68       -0.6931
  69       -0.6909
  70       -0.6903
  71       -0.6813
  72       -0.6813
  73       -0.6166
  74       -0.6166
  75       -0.6020
  76       -0.5839
  77       -0.5838
  78       -0.5753
  79       -0.5263
  80       -0.5125
  81       -0.4767
  82       -0.4763
  83       -0.4607
  84       -0.4605
  85       -0.4505
  86       -0.4470
  87       -0.4298
  88       -0.4288
  89       -0.4287
  90       -0.4279
  91       -0.3562
  92       -0.3537
  93       -0.3346
  94       -0.3338
  95       -0.3328
  96       -0.3320
  97       -0.2483
  98       -0.2457
  99       -0.2448
 100       -0.2095
 101       -0.2058
 102       -0.2034
 103       -0.2028
 104       -0.1450
 105       -0.1437
 106       -0.1423
 107       -0.1410
 108       -0.1096
 109       -0.0272
 110       -0.0258
 111        0.0954
 112        0.1040
 113        0.1041
 114        0.1104
 115        0.1104
 116        0.1546
 117        0.1547
 118        0.1861
 119        0.2663
 120        0.3719
 121        0.3729
 122        0.3784
 123        0.3790
 124        0.3799
 125        0.3809
 126        0.4392
 127        0.4541
 128        0.4563
 129        0.4922
 130        0.4939
 131        0.5504
 132        0.5507
 133        0.5519
 134        0.5528
 135        0.5554
 136        0.5576
 137        0.5616
 138        0.5632
 139        0.6444
 140        0.6462
 141        0.6772
 142        0.7076
 143        0.7137
 144        0.7137
 145        0.7291
 146        0.7291
 147        0.7731
 148        0.7735
 149        0.7736
 150        0.7740
 151        0.8293
 152        0.8300
 153        0.8333
 154        0.9052
 155        0.9052
 156        0.9256
 157        0.9257
 158        0.9266
 159        0.9268
 160        0.9869
 161        0.9879
 162        0.9888
 163        0.9898
 164        0.9917
 165        0.9930
 166        1.0464
 167        1.4332
 168        1.4337
 169        1.4349
 170        1.4354
 171        1.5729
 172        1.5730
 173        1.5785
 174        1.5795
 175        2.5583
 176        2.5587
 177        3.3256
 178        3.3273
 179        3.8277
 180        3.8291
 181        3.8292
 182        3.8306
 183        4.2762
 184        4.2763
 185        4.3394
 186        4.3417
 187        4.7440
 188        4.7841
 189        4.7842
 190        5.2364
 191        5.2364
 192        5.7967
 193        5.9344
 194        5.9349
 195        6.4845
 196        6.5539
 197        6.5540
 198        6.7769
 199        6.7780
 200        6.7789
 201        6.7800
 202        7.1495
 203        7.1532
 204        7.5585
 205        7.5585
 206        8.3457
 207        8.6031
 208        8.6041
 209        8.6879
 210        8.9419
 211        9.0228
 212        9.0293
 
  0.0000000E+00  0.3333333E+00  0.3333333E+00  0.1481481E+00
   1       -4.0684
   2       -3.3693
   3       -3.3692
   4       -2.7732
   5       -2.3699
   6       -2.3692
   7       -2.3563
   8       -2.3530
   9       -2.1922
  10       -2.1906
  11       -2.1895
  12       -2.1878
  13       -2.1109
  14       -2.1109
  15       -2.0104
  16       -2.0087
  17       -2.0087
  18       -1.9296
  19       -1.9296
  20       -1.8498
  21       -1.8498
  22       -1.7494
  23       -1.7426
  24       -1.7425
  25       -1.7062
  26       -1.7061
  27       -1.7058
  28       -1.7057
  29       -1.6498
  30       -1.6480
  31       -1.6480
  32       -1.6188
  33       -1.6188
  34       -1.5076
  35       -1.5076
  36       -1.4799
  37       -1.4798
  38       -1.3731
  39       -1.3730
  40       -1.3704
  41       -1.3702
  42       -1.3682
  43       -1.3680
  44       -1.2834
  45       -1.2833
  46       -1.1873
  47       -1.1847
  48       -1.0671
  49       -1.0667
  50       -1.0667
  51       -1.0663
  52       -1.0621
  53       -1.0620
  54       -1.0609
  55       -1.0433
  56       -0.9248
  57       -0.9248
  58       -0.8755
  59       -0.8754
  60       -0.8577
  61       -0.7881
  62       -0.7868
  63       -0.7862
  64       -0.7848
  65       -0.7517
  66       -0.7496
  67       -0.6947
  68       -0.6922
  69       -0.6918
  70       -0.6894
  71       -0.6812
  72       -0.6812
  73       -0.6182
  74       -0.6147
  75       -0.6021
  76       -0.5841
  77       -0.5838
  78       -0.5753
  79       -0.5263
  80       -0.5125
  81       -0.4763
  82       -0.4763
  83       -0.4607
  84       -0.4606
  85       -0.4490
  86       -0.4488
  87       -0.4290
  88       -0.4289
  89       -0.4286
  90       -0.4285
  91       -0.3550
  92       -0.3550
  93       -0.3343
  94       -0.3338
  95       -0.3329
  96       -0.3323
  97       -0.2477
  98       -0.2456
  99       -0.2455
 100       -0.2074
 101       -0.2073
 102       -0.2041
 103       -0.2028
 104       -0.1436
 105       -0.1434
 106       -0.1425
 107       -0.1424
 108       -0.1097
 109       -0.0266
 110       -0.0265
 111        0.0953
 112        0.1039
 113        0.1042
 114        0.1096
 115        0.1112
 116        0.1547
 117        0.1547
 118        0.1861
 119        0.2664
 120        0.3726
 121        0.3726
 122        0.3792
 123        0.3792
 124        0.3795
 125        0.3796
 126        0.4392
 127        0.4552
 128        0.4554
 129        0.4928
 130        0.4930
 131        0.5506
 132        0.5515
 133        0.5516
 134        0.5524
 135        0.5567
 136        0.5567
 137        0.5622
 138        0.5623
 139        0.6453
 140        0.6453
 141        0.6772
 142        0.7077
 143        0.7129
 144        0.7146
 145        0.7289
 146        0.7293
 147        0.7726
 148        0.7733
 149        0.7738
 150        0.7745
 151        0.8296
 152        0.8297
 153        0.8332
 154        0.9050
 155        0.9054
 156        0.9256
 157        0.9257
 158        0.9265
 159        0.9266
 160        0.9878
 161        0.9878
 162        0.9892
 163        0.9892
 164        0.9922
 165        0.9922
 166        1.0464
 167        1.4339
 168        1.4342
 169        1.4344
 170        1.4347
 171        1.5721
 172        1.5740
 173        1.5789
 174        1.5789
 175        2.5584
 176        2.5585
 177        3.3264
 178        3.3264
 179        3.8258
 180        3.8288
 181        3.8296
 182        3.8325
 183        4.2762
 184        4.2763
 185        4.3405
 186        4.3406
 187        4.7440
 188        4.7842
 189        4.7842
 190        5.2364
 191        5.2364
 192        5.7968
 193        5.9346
 194        5.9346
 195        6.4845
 196        6.5539
 197        6.5540
 198        6.7755
 199        6.7784
 200        6.7785
 201        6.7813
 202        7.1513
 203        7.1515
 204        7.5570
 205        7.5600
 206        8.3457
 207        8.6036
 208        8.6037
 209        8.6878
 210        8.9413
 211        9.0038
 212        9.0273
 
  0.3333333E+00  0.3333333E+00  0.3333333E+00  0.2962963E+00
   1       -3.8388
   2       -3.1984
   3       -3.1958
   4       -3.1932
   5       -2.7419
   6       -2.7398
   7       -2.7378
   8       -2.6140
   9       -2.0347
  10       -2.0345
  11       -2.0343
  12       -1.9564
  13       -1.9562
  14       -1.9561
  15       -1.9180
  16       -1.9163
  17       -1.9145
  18       -1.8066
  19       -1.8059
  20       -1.8042
  21       -1.8042
  22       -1.8026
  23       -1.8019
  24       -1.7410
  25       -1.7392
  26       -1.7376
  27       -1.7219
  28       -1.7213
  29       -1.7202
  30       -1.7201
  31       -1.7191
  32       -1.7184
  33       -1.6654
  34       -1.6648
  35       -1.6642
  36       -1.4369
  37       -1.4361
  38       -1.4353
  39       -1.2965
  40       -1.2953
  41       -1.2943
  42       -1.2943
  43       -1.2933
  44       -1.2922
  45       -1.0637
  46       -1.0623
  47       -1.0612
  48       -1.0486
  49       -1.0475
  50       -1.0466
  51       -1.0466
  52       -1.0459
  53       -1.0444
  54       -0.9670
  55       -0.9657
  56       -0.9643
  57       -0.9396
  58       -0.9394
  59       -0.9391
  60       -0.8449
  61       -0.7919
  62       -0.7902
  63       -0.7885
  64       -0.7038
  65       -0.7035
  66       -0.7021
  67       -0.7020
  68       -0.7008
  69       -0.7005
  70       -0.6250
  71       -0.6249
  72       -0.5709
  73       -0.5708
  74       -0.5269
  75       -0.5257
  76       -0.5244
  77       -0.4994
  78       -0.4986
  79       -0.4978
  80       -0.4851
  81       -0.4848
  82       -0.4845
  83       -0.4481
  84       -0.4474
  85       -0.4468
  86       -0.4322
  87       -0.4321
  88       -0.4304
  89       -0.4303
  90       -0.4285
  91       -0.4281
  92       -0.4025
  93       -0.4014
  94       -0.4002
  95       -0.3819
  96       -0.3799
  97       -0.3777
  98       -0.3698
  99       -0.3697
 100       -0.3696
 101       -0.1732
 102       -0.1718
 103       -0.1705
 104       -0.0451
 105       -0.0430
 106       -0.0413
 107       -0.0264
 108       -0.0262
 109       -0.0245
 110       -0.0245
 111       -0.0228
 112       -0.0227
 113        0.0148
 114        0.1357
 115        0.1377
 116        0.1397
 117        0.1639
 118        0.1654
 119        0.1670
 120        0.1876
 121        0.1880
 122        0.1887
 123        0.1951
 124        0.1951
 125        0.2204
 126        0.2222
 127        0.2239
 128        0.2755
 129        0.2764
 130        0.2772
 131        0.2772
 132        0.2780
 133        0.2790
 134        0.4387
 135        0.4401
 136        0.4414
 137        0.4915
 138        0.4916
 139        0.4916
 140        0.6159
 141        0.6159
 142        0.7567
 143        0.7577
 144        0.7587
 145        0.8688
 146        0.8690
 147        0.8695
 148        0.8824
 149        0.8833
 150        0.8836
 151        0.8837
 152        0.8839
 153        0.8850
 154        0.9616
 155        0.9617
 156        0.9620
 157        0.9752
 158        0.9761
 159        0.9764
 160        0.9764
 161        0.9768
 162        0.9776
 163        0.9953
 164        0.9955
 165        0.9957
 166        1.0592
 167        1.0592
 168        1.0593
 169        1.9129
 170        1.9143
 171        1.9157
 172        2.7595
 173        2.7611
 174        2.7622
 175        2.7622
 176        2.7633
 177        2.7649
 178        3.3995
 179        3.4006
 180        3.4016
 181        3.7764
 182        3.7777
 183        3.7791
 184        4.6511
 185        4.6535
 186        4.6542
 187        4.6542
 188        4.6550
 189        4.6574
 190        4.9934
 191        4.9934
 192        4.9935
 193        5.9104
 194        5.9126
 195        5.9148
 196        6.1582
 197        6.1599
 198        6.1615
 199        7.2386
 200        7.2392
 201        7.2407
 202        7.2407
 203        7.2423
 204        7.2429
 205        8.2219
 206        8.2219
 207        8.2238
 208        8.2238
 209        8.2257
 210        8.2257
 211        8.3815
 212        8.3819
