   32   32  100    1
  0.2214645E+02  0.8915617E-09  0.8915617E-09  0.8915617E-09  0.5000000E-15
  1.000000000000000E-004
  CAR 
 No title                                
  352    4  212
 
  0.0000000E+00  0.0000000E+00  0.0000000E+00  0.3703704E-01
   1       -4.5702
   2       -2.6014
   3       -2.6014
   4       -2.6014
   5       -2.6014
   6       -2.6014
   7       -2.6014
   8       -2.4751
   9       -2.4751
  10       -2.4751
  11       -2.4751
  12       -2.2296
  13       -2.2296
  14       -2.2296
  15       -2.0435
  16       -2.0435
  17       -2.0435
  18       -1.5981
  19       -1.5981
  20       -1.5981
  21       -1.5981
  22       -1.5981
  23       -1.5981
  24       -1.5981
  25       -1.5981
  26       -1.5981
  27       -1.5981
  28       -1.5981
  29       -1.5981
  30       -1.4647
  31       -1.4647
  32       -1.4647
  33       -1.4647
  34       -1.4647
  35       -1.4647
  36       -1.4285
  37       -1.4285
  38       -1.4284
  39       -1.4284
  40       -1.4284
  41       -1.4284
  42       -1.0172
  43       -1.0172
  44       -1.0172
  45       -1.0172
  46       -1.0172
  47       -1.0172
  48       -1.0172
  49       -1.0172
  50       -1.0172
  51       -1.0172
  52       -1.0172
  53       -1.0172
  54       -0.9652
  55       -0.9652
  56       -0.9652
  57       -0.9652
  58       -0.9652
  59       -0.9652
  60       -0.9652
  61       -0.9652
  62       -0.9652
  63       -0.9652
  64       -0.9652
  65       -0.9652
  66       -0.7506
  67       -0.7506
  68       -0.7506
  69       -0.7506
  70       -0.7506
  71       -0.7506
  72       -0.7506
  73       -0.7506
  74       -0.7506
  75       -0.7506
  76       -0.7506
  77       -0.7506
  78       -0.7441
  79       -0.7441
  80       -0.7441
  81       -0.7441
  82       -0.7441
  83       -0.7441
  84       -0.7441
  85       -0.7441
  86       -0.7319
  87       -0.7319
  88       -0.7319
  89       -0.2099
  90       -0.2099
  91       -0.2099
  92       -0.2099
  93       -0.2099
  94       -0.2099
  95       -0.1228
  96       -0.1228
  97       -0.1228
  98       -0.1228
  99       -0.1228
 100       -0.1228
 101       -0.1228
 102       -0.1228
 103       -0.1228
 104       -0.1228
 105       -0.1228
 106       -0.1228
 107        0.0695
 108        0.0695
 109        0.0695
 110        0.0695
 111        0.0695
 112        0.0695
 113        0.0695
 114        0.0695
 115        0.0695
 116        0.0695
 117        0.0695
 118        0.0695
 119        0.1759
 120        0.1759
 121        0.1759
 122        0.1759
 123        0.1759
 124        0.1759
 125        0.2158
 126        0.2158
 127        0.2337
 128        0.2337
 129        0.2337
 130        0.2337
 131        0.2337
 132        0.2337
 133        0.2337
 134        0.2337
 135        0.2337
 136        0.2337
 137        0.2337
 138        0.2337
 139        0.5655
 140        0.5655
 141        0.5655
 142        0.5655
 143        0.5655
 144        0.5655
 145        0.9369
 146        0.9369
 147        0.9369
 148        0.9696
 149        0.9696
 150        0.9696
 151        0.9696
 152        0.9696
 153        0.9696
 154        0.9696
 155        0.9696
 156        1.1681
 157        1.1681
 158        1.1681
 159        1.1681
 160        1.1681
 161        1.1681
 162        1.1691
 163        1.1691
 164        1.1691
 165        1.1691
 166        1.1691
 167        1.1691
 168        2.3405
 169        2.3405
 170        2.3405
 171        2.3405
 172        2.3405
 173        2.3405
 174        2.3405
 175        2.3405
 176        2.3405
 177        2.3405
 178        2.3405
 179        2.3405
 180        2.9683
 181        2.9683
 182        2.9683
 183        2.9683
 184        4.5285
 185        4.5285
 186        4.5285
 187        4.7352
 188        4.7352
 189        4.7352
 190        4.7352
 191        6.3251
 192        6.3251
 193        6.3251
 194        6.3251
 195        6.3251
 196        6.3251
 197        6.8219
 198        6.8219
 199        6.8219
 200        8.3996
 201        8.3996
 202        8.3996
 203        8.3996
 204        8.3996
 205        8.3996
 206        8.3996
 207        8.3996
 208        8.3996
 209        8.3996
 210        8.3996
 211        8.3996
 212       10.0487
 
  0.3333333E+00  0.8271806E-24  0.0000000E+00  0.2222222E+00
   1       -4.3143
   2       -3.5844
   3       -2.4236
   4       -2.4236
   5       -2.4236
   6       -2.4236
   7       -2.3452
   8       -2.3452
   9       -2.3452
  10       -2.3452
  11       -2.1636
  12       -2.1028
  13       -2.0814
  14       -2.0814
  15       -1.9865
  16       -1.9865
  17       -1.9865
  18       -1.9865
  19       -1.9761
  20       -1.9761
  21       -1.9761
  22       -1.9761
  23       -1.9650
  24       -1.9219
  25       -1.9219
  26       -1.7447
  27       -1.7150
  28       -1.7150
  29       -1.5592
  30       -1.5592
  31       -1.3812
  32       -1.3812
  33       -1.3812
  34       -1.3812
  35       -1.3771
  36       -1.3771
  37       -1.3771
  38       -1.3771
  39       -1.3609
  40       -1.3609
  41       -1.3609
  42       -1.3609
  43       -1.1892
  44       -1.1892
  45       -1.1892
  46       -1.1892
  47       -1.0920
  48       -1.0574
  49       -1.0574
  50       -1.0574
  51       -1.0574
  52       -0.9874
  53       -0.9874
  54       -0.9874
  55       -0.9874
  56       -0.9551
  57       -0.9551
  58       -0.9551
  59       -0.9551
  60       -0.9493
  61       -0.9493
  62       -0.9493
  63       -0.9493
  64       -0.8730
  65       -0.8730
  66       -0.8730
  67       -0.8730
  68       -0.8309
  69       -0.7838
  70       -0.7838
  71       -0.7838
  72       -0.7838
  73       -0.7448
  74       -0.7448
  75       -0.7448
  76       -0.7448
  77       -0.6478
  78       -0.6478
  79       -0.6478
  80       -0.6478
  81       -0.6358
  82       -0.6358
  83       -0.5286
  84       -0.5286
  85       -0.5286
  86       -0.5286
  87       -0.3835
  88       -0.3835
  89       -0.3835
  90       -0.3835
  91       -0.3571
  92       -0.3571
  93       -0.2790
  94       -0.2790
  95       -0.2790
  96       -0.2790
  97       -0.1743
  98       -0.1743
  99       -0.1265
 100        0.0336
 101        0.0336
 102        0.0336
 103        0.0336
 104        0.0651
 105        0.0651
 106        0.0651
 107        0.0651
 108        0.0856
 109        0.0856
 110        0.0856
 111        0.0856
 112        0.1016
 113        0.1016
 114        0.1016
 115        0.1016
 116        0.1140
 117        0.2000
 118        0.2000
 119        0.2000
 120        0.2000
 121        0.2226
 122        0.2226
 123        0.2226
 124        0.2226
 125        0.2615
 126        0.3881
 127        0.4292
 128        0.4292
 129        0.5227
 130        0.5227
 131        0.5227
 132        0.5227
 133        0.5576
 134        0.5576
 135        0.5576
 136        0.5576
 137        0.5667
 138        0.5667
 139        0.5804
 140        0.5804
 141        0.5804
 142        0.5804
 143        0.6906
 144        0.6906
 145        0.6952
 146        0.7483
 147        0.7936
 148        0.7936
 149        0.7964
 150        0.7964
 151        0.7964
 152        0.7964
 153        0.8443
 154        0.8443
 155        0.8443
 156        0.8443
 157        0.8858
 158        0.9835
 159        0.9835
 160        0.9835
 161        0.9835
 162        0.9938
 163        0.9938
 164        1.1683
 165        1.1683
 166        1.1688
 167        1.1688
 168        1.4661
 169        1.4661
 170        1.4661
 171        1.4661
 172        2.3942
 173        2.3942
 174        2.3942
 175        2.3942
 176        2.6190
 177        2.6190
 178        2.6190
 179        2.6190
 180        2.7026
 181        3.5793
 182        3.5793
 183        3.5793
 184        3.5793
 185        5.2128
 186        5.2128
 187        5.2219
 188        5.2219
 189        5.2219
 190        5.2219
 191        5.8631
 192        5.8631
 193        5.8631
 194        5.8631
 195        6.4468
 196        6.4468
 197        6.6784
 198        6.6784
 199        6.6960
 200        6.6960
 201        8.0128
 202        8.0128
 203        8.0128
 204        8.0128
 205        8.5609
 206        8.5609
 207        8.5609
 208        8.5610
 209        8.8176
 210        8.8178
 211        8.8181
 212        8.8257
 
  0.3333333E+00  0.3333333E+00  0.1654361E-23  0.4444444E+00
   1       -4.0683
   2       -3.3691
   3       -3.3691
   4       -2.7731
   5       -2.3693
   6       -2.3693
   7       -2.3547
   8       -2.3547
   9       -2.1900
  10       -2.1900
  11       -2.1900
  12       -2.1900
  13       -2.1109
  14       -2.1109
  15       -2.0103
  16       -2.0087
  17       -2.0087
  18       -1.9295
  19       -1.9295
  20       -1.8497
  21       -1.8497
  22       -1.7493
  23       -1.7425
  24       -1.7425
  25       -1.7059
  26       -1.7059
  27       -1.7059
  28       -1.7059
  29       -1.6498
  30       -1.6480
  31       -1.6480
  32       -1.6188
  33       -1.6188
  34       -1.5076
  35       -1.5076
  36       -1.4798
  37       -1.4798
  38       -1.3730
  39       -1.3730
  40       -1.3701
  41       -1.3701
  42       -1.3682
  43       -1.3682
  44       -1.2832
  45       -1.2832
  46       -1.1859
  47       -1.1859
  48       -1.0666
  49       -1.0666
  50       -1.0666
  51       -1.0666
  52       -1.0620
  53       -1.0620
  54       -1.0609
  55       -1.0434
  56       -0.9247
  57       -0.9247
  58       -0.8753
  59       -0.8753
  60       -0.8577
  61       -0.7865
  62       -0.7865
  63       -0.7865
  64       -0.7865
  65       -0.7507
  66       -0.7507
  67       -0.6920
  68       -0.6920
  69       -0.6920
  70       -0.6920
  71       -0.6812
  72       -0.6812
  73       -0.6165
  74       -0.6165
  75       -0.6021
  76       -0.5838
  77       -0.5838
  78       -0.5753
  79       -0.5262
  80       -0.5125
  81       -0.4763
  82       -0.4763
  83       -0.4606
  84       -0.4606
  85       -0.4487
  86       -0.4487
  87       -0.4288
  88       -0.4288
  89       -0.4288
  90       -0.4288
  91       -0.3549
  92       -0.3549
  93       -0.3333
  94       -0.3333
  95       -0.3333
  96       -0.3333
  97       -0.2477
  98       -0.2455
  99       -0.2455
 100       -0.2073
 101       -0.2073
 102       -0.2034
 103       -0.2034
 104       -0.1430
 105       -0.1430
 106       -0.1430
 107       -0.1430
 108       -0.1096
 109       -0.0265
 110       -0.0265
 111        0.0955
 112        0.1041
 113        0.1041
 114        0.1104
 115        0.1104
 116        0.1546
 117        0.1546
 118        0.1861
 119        0.2664
 120        0.3726
 121        0.3726
 122        0.3793
 123        0.3793
 124        0.3796
 125        0.3796
 126        0.4393
 127        0.4552
 128        0.4552
 129        0.4930
 130        0.4930
 131        0.5516
 132        0.5516
 133        0.5516
 134        0.5516
 135        0.5565
 136        0.5565
 137        0.5622
 138        0.5622
 139        0.6453
 140        0.6453
 141        0.6772
 142        0.7076
 143        0.7137
 144        0.7137
 145        0.7291
 146        0.7291
 147        0.7736
 148        0.7736
 149        0.7736
 150        0.7736
 151        0.8296
 152        0.8296
 153        0.8332
 154        0.9052
 155        0.9052
 156        0.9257
 157        0.9257
 158        0.9266
 159        0.9266
 160        0.9877
 161        0.9877
 162        0.9892
 163        0.9892
 164        0.9921
 165        0.9921
 166        1.0464
 167        1.4343
 168        1.4343
 169        1.4343
 170        1.4343
 171        1.5731
 172        1.5731
 173        1.5789
 174        1.5789
 175        2.5585
 176        2.5585
 177        3.3265
 178        3.3265
 179        3.8292
 180        3.8292
 181        3.8292
 182        3.8292
 183        4.2764
 184        4.2764
 185        4.3405
 186        4.3405
 187        4.7440
 188        4.7842
 189        4.7842
 190        5.2364
 191        5.2364
 192        5.7968
 193        5.9346
 194        5.9346
 195        6.4845
 196        6.5540
 197        6.5540
 198        6.7784
 199        6.7784
 200        6.7784
 201        6.7784
 202        7.1514
 203        7.1514
 204        7.5585
 205        7.5585
 206        8.3457
 207        8.6036
 208        8.6036
 209        8.6879
 210        8.9413
 211        8.9433
 212        9.0274
 
  0.3333333E+00  0.3333333E+00  0.3333333E+00  0.2962963E+00
   1       -3.8387
   2       -3.1957
   3       -3.1957
   4       -3.1957
   5       -2.7398
   6       -2.7398
   7       -2.7398
   8       -2.6140
   9       -2.0344
  10       -2.0344
  11       -2.0344
  12       -1.9561
  13       -1.9561
  14       -1.9561
  15       -1.9162
  16       -1.9162
  17       -1.9162
  18       -1.8042
  19       -1.8042
  20       -1.8042
  21       -1.8042
  22       -1.8042
  23       -1.8042
  24       -1.7392
  25       -1.7392
  26       -1.7392
  27       -1.7201
  28       -1.7201
  29       -1.7201
  30       -1.7201
  31       -1.7201
  32       -1.7201
  33       -1.6648
  34       -1.6648
  35       -1.6648
  36       -1.4360
  37       -1.4360
  38       -1.4360
  39       -1.2943
  40       -1.2943
  41       -1.2943
  42       -1.2943
  43       -1.2943
  44       -1.2943
  45       -1.0622
  46       -1.0622
  47       -1.0622
  48       -1.0466
  49       -1.0466
  50       -1.0466
  51       -1.0466
  52       -1.0466
  53       -1.0466
  54       -0.9656
  55       -0.9656
  56       -0.9656
  57       -0.9394
  58       -0.9394
  59       -0.9394
  60       -0.8448
  61       -0.7901
  62       -0.7901
  63       -0.7901
  64       -0.7021
  65       -0.7021
  66       -0.7021
  67       -0.7021
  68       -0.7021
  69       -0.7021
  70       -0.6249
  71       -0.6249
  72       -0.5708
  73       -0.5708
  74       -0.5256
  75       -0.5256
  76       -0.5256
  77       -0.4985
  78       -0.4985
  79       -0.4985
  80       -0.4847
  81       -0.4847
  82       -0.4847
  83       -0.4474
  84       -0.4474
  85       -0.4474
  86       -0.4302
  87       -0.4302
  88       -0.4302
  89       -0.4302
  90       -0.4302
  91       -0.4302
  92       -0.4014
  93       -0.4014
  94       -0.4014
  95       -0.3799
  96       -0.3799
  97       -0.3799
  98       -0.3698
  99       -0.3698
 100       -0.3698
 101       -0.1718
 102       -0.1718
 103       -0.1718
 104       -0.0430
 105       -0.0430
 106       -0.0430
 107       -0.0245
 108       -0.0245
 109       -0.0245
 110       -0.0245
 111       -0.0245
 112       -0.0245
 113        0.0148
 114        0.1378
 115        0.1378
 116        0.1378
 117        0.1655
 118        0.1655
 119        0.1655
 120        0.1882
 121        0.1882
 122        0.1882
 123        0.1950
 124        0.1950
 125        0.2221
 126        0.2221
 127        0.2221
 128        0.2772
 129        0.2772
 130        0.2772
 131        0.2772
 132        0.2772
 133        0.2772
 134        0.4400
 135        0.4400
 136        0.4400
 137        0.4915
 138        0.4915
 139        0.4915
 140        0.6159
 141        0.6159
 142        0.7577
 143        0.7577
 144        0.7577
 145        0.8692
 146        0.8692
 147        0.8692
 148        0.8836
 149        0.8836
 150        0.8836
 151        0.8836
 152        0.8836
 153        0.8836
 154        0.9618
 155        0.9618
 156        0.9618
 157        0.9764
 158        0.9764
 159        0.9764
 160        0.9764
 161        0.9764
 162        0.9764
 163        0.9955
 164        0.9955
 165        0.9955
 166        1.0592
 167        1.0592
 168        1.0592
 169        1.9143
 170        1.9143
 171        1.9143
 172        2.7622
 173        2.7622
 174        2.7622
 175        2.7622
 176        2.7622
 177        2.7622
 178        3.4006
 179        3.4006
 180        3.4006
 181        3.7777
 182        3.7777
 183        3.7777
 184        4.6542
 185        4.6542
 186        4.6542
 187        4.6542
 188        4.6542
 189        4.6542
 190        4.9934
 191        4.9934
 192        4.9934
 193        5.9127
 194        5.9127
 195        5.9127
 196        6.1599
 197        6.1599
 198        6.1599
 199        7.2407
 200        7.2407
 201        7.2407
 202        7.2407
 203        7.2407
 204        7.2407
 205        8.2238
 206        8.2238
 207        8.2238
 208        8.2238
 209        8.2238
 210        8.2277
 211        8.3817
 212        8.3817
