        4  number of thermod.function
       71  number of points of thermod.function
   Total    
         0.0010        0.4484592E+01
         1.0000        0.4484356E+01
         2.0000        0.4482713E+01
         3.0000        0.4478415E+01
         4.0000        0.4470463E+01
         5.0000        0.4457967E+01
        10.0000        0.4303156E+01
        15.0000        0.3965765E+01
        20.0000        0.3442473E+01
        30.0000        0.1894014E+01
        40.0000       -0.2175072E+00
        50.0000       -0.2787389E+01
        60.0000       -0.5738806E+01
        70.0000       -0.9015242E+01
        80.0000       -0.1257402E+02
        90.0000       -0.1638202E+02
       100.0000       -0.2041290E+02
       125.0000       -0.3133346E+02
       150.0000       -0.4327341E+02
       175.0000       -0.5606461E+02
       200.0000       -0.6958634E+02
       225.0000       -0.8374779E+02
       250.0000       -0.9847817E+02
       273.0000       -0.1124837E+03
       275.0000       -0.1137208E+03
       298.0000       -0.1281563E+03
       300.0000       -0.1294292E+03
       350.0000       -0.1620945E+03
       400.0000       -0.1962281E+03
       450.0000       -0.2316462E+03
       500.0000       -0.2682056E+03
       550.0000       -0.3057919E+03
       600.0000       -0.3443117E+03
       650.0000       -0.3836871E+03
       700.0000       -0.4238523E+03
       750.0000       -0.4647507E+03
       800.0000       -0.5063334E+03
       850.0000       -0.5485577E+03
       900.0000       -0.5913857E+03
       950.0000       -0.6347839E+03
      1000.0000       -0.6787224E+03
      1050.0000       -0.7231740E+03
      1100.0000       -0.7681141E+03
      1150.0000       -0.8135210E+03
      1200.0000       -0.8593740E+03
      1250.0000       -0.9056547E+03
      1300.0000       -0.9523457E+03
      1350.0000       -0.9994316E+03
      1400.0000       -0.1046898E+04
      1450.0000       -0.1094730E+04
      1500.0000       -0.1142916E+04
      1550.0000       -0.1191445E+04
      1600.0000       -0.1240304E+04
      1650.0000       -0.1289484E+04
      1700.0000       -0.1338975E+04
      1750.0000       -0.1388768E+04
      1800.0000       -0.1438854E+04
      1850.0000       -0.1489225E+04
      1900.0000       -0.1539873E+04
      1950.0000       -0.1590792E+04
      2000.0000       -0.1641974E+04
      2100.0000       -0.1745100E+04
      2200.0000       -0.1849204E+04
      2300.0000       -0.1954242E+04
      2400.0000       -0.2060171E+04
      2500.0000       -0.2166957E+04
      2600.0000       -0.2274563E+04
      2700.0000       -0.2382958E+04
      2800.0000       -0.2492114E+04
      2900.0000       -0.2602003E+04
      3000.0000       -0.2712601E+04
       71  number of points of thermod.function
   1Au__:X/D
         0.0010        0.1475152E+01
         1.0000        0.1475041E+01
         2.0000        0.1474404E+01
         3.0000        0.1472830E+01
         4.0000        0.1469987E+01
         5.0000        0.1465582E+01
        10.0000        0.1412242E+01
        15.0000        0.1297533E+01
        20.0000        0.1120740E+01
        30.0000        0.6001745E+00
        40.0000       -0.1073656E+00
        50.0000       -0.9669576E+00
        60.0000       -0.1953058E+01
        70.0000       -0.3046901E+01
        80.0000       -0.4234328E+01
        90.0000       -0.5504353E+01
       100.0000       -0.6848236E+01
       125.0000       -0.1048742E+02
       150.0000       -0.1446440E+02
       175.0000       -0.1872343E+02
       200.0000       -0.2322453E+02
       225.0000       -0.2793758E+02
       250.0000       -0.3283914E+02
       273.0000       -0.3749885E+02
       275.0000       -0.3791042E+02
       298.0000       -0.4271262E+02
       300.0000       -0.4313604E+02
       350.0000       -0.5400092E+02
       400.0000       -0.6535230E+02
       450.0000       -0.7712924E+02
       500.0000       -0.8928433E+02
       550.0000       -0.1017797E+03
       600.0000       -0.1145843E+03
       650.0000       -0.1276724E+03
       700.0000       -0.1410222E+03
       750.0000       -0.1546149E+03
       800.0000       -0.1684343E+03
       850.0000       -0.1824664E+03
       900.0000       -0.1966984E+03
       950.0000       -0.2111194E+03
      1000.0000       -0.2257193E+03
      1050.0000       -0.2404893E+03
      1100.0000       -0.2554212E+03
      1150.0000       -0.2705076E+03
      1200.0000       -0.2857419E+03
      1250.0000       -0.3011179E+03
      1300.0000       -0.3166299E+03
      1350.0000       -0.3322726E+03
      1400.0000       -0.3480413E+03
      1450.0000       -0.3639314E+03
      1500.0000       -0.3799387E+03
      1550.0000       -0.3960595E+03
      1600.0000       -0.4122898E+03
      1650.0000       -0.4286264E+03
      1700.0000       -0.4450661E+03
      1750.0000       -0.4616057E+03
      1800.0000       -0.4782424E+03
      1850.0000       -0.4949738E+03
      1900.0000       -0.5117969E+03
      1950.0000       -0.5287095E+03
      2000.0000       -0.5457092E+03
      2100.0000       -0.5799615E+03
      2200.0000       -0.6145381E+03
      2300.0000       -0.6494236E+03
      2400.0000       -0.6846047E+03
      2500.0000       -0.7200693E+03
      2600.0000       -0.7558060E+03
      2700.0000       -0.7918043E+03
      2800.0000       -0.8280542E+03
      2900.0000       -0.8645473E+03
      3000.0000       -0.9012748E+03
       71  number of points of thermod.function
   1Au__:Y/D
         0.0010        0.1508874E+01
         1.0000        0.1508834E+01
         2.0000        0.1508397E+01
         3.0000        0.1507111E+01
         4.0000        0.1504623E+01
         5.0000        0.1500629E+01
        10.0000        0.1449967E+01
        15.0000        0.1338517E+01
        20.0000        0.1165035E+01
        30.0000        0.6503000E+00
        40.0000       -0.5286019E-01
        50.0000       -0.9094999E+00
        60.0000       -0.1893931E+01
        70.0000       -0.2987239E+01
        80.0000       -0.4175138E+01
        90.0000       -0.5446538E+01
       100.0000       -0.6792612E+01
       125.0000       -0.1044038E+02
       150.0000       -0.1442974E+02
       175.0000       -0.1870433E+02
       200.0000       -0.2322371E+02
       225.0000       -0.2795746E+02
       250.0000       -0.3288186E+02
       273.0000       -0.3756430E+02
       275.0000       -0.3797792E+02
       298.0000       -0.4280446E+02
       300.0000       -0.4323005E+02
       350.0000       -0.5415269E+02
       400.0000       -0.6556740E+02
       450.0000       -0.7741251E+02
       500.0000       -0.8964006E+02
       550.0000       -0.1022118E+03
       600.0000       -0.1150963E+03
       650.0000       -0.1282675E+03
       700.0000       -0.1417034E+03
       750.0000       -0.1553850E+03
       800.0000       -0.1692959E+03
       850.0000       -0.1834218E+03
       900.0000       -0.1977500E+03
       950.0000       -0.2122694E+03
      1000.0000       -0.2269697E+03
      1050.0000       -0.2418420E+03
      1100.0000       -0.2568781E+03
      1150.0000       -0.2720705E+03
      1200.0000       -0.2874124E+03
      1250.0000       -0.3028976E+03
      1300.0000       -0.3185203E+03
      1350.0000       -0.3342754E+03
      1400.0000       -0.3501578E+03
      1450.0000       -0.3661630E+03
      1500.0000       -0.3822868E+03
      1550.0000       -0.3985253E+03
      1600.0000       -0.4148747E+03
      1650.0000       -0.4313315E+03
      1700.0000       -0.4478925E+03
      1750.0000       -0.4645547E+03
      1800.0000       -0.4813152E+03
      1850.0000       -0.4981710E+03
      1900.0000       -0.5151199E+03
      1950.0000       -0.5321594E+03
      2000.0000       -0.5492870E+03
      2100.0000       -0.5837979E+03
      2200.0000       -0.6186364E+03
      2300.0000       -0.6537876E+03
      2400.0000       -0.6892379E+03
      2500.0000       -0.7249747E+03
      2600.0000       -0.7609870E+03
      2700.0000       -0.7972635E+03
      2800.0000       -0.8337949E+03
      2900.0000       -0.8705719E+03
      3000.0000       -0.9075862E+03
       71  number of points of thermod.function
   1Au__:Z/D
         0.0010        0.1500565E+01
         1.0000        0.1500480E+01
         2.0000        0.1499911E+01
         3.0000        0.1498474E+01
         4.0000        0.1495854E+01
         5.0000        0.1491757E+01
        10.0000        0.1440947E+01
        15.0000        0.1329715E+01
        20.0000        0.1156698E+01
        30.0000        0.6435386E+00
        40.0000       -0.5728163E-01
        50.0000       -0.9109313E+00
        60.0000       -0.1891817E+01
        70.0000       -0.2981099E+01
        80.0000       -0.4164552E+01
        90.0000       -0.5431131E+01
       100.0000       -0.6772048E+01
       125.0000       -0.1040565E+02
       150.0000       -0.1437928E+02
       175.0000       -0.1863685E+02
       200.0000       -0.2313810E+02
       225.0000       -0.2785274E+02
       250.0000       -0.3275715E+02
       273.0000       -0.3742051E+02
       275.0000       -0.3783244E+02
       298.0000       -0.4263923E+02
       300.0000       -0.4306310E+02
       350.0000       -0.5394085E+02
       400.0000       -0.6530843E+02
       450.0000       -0.7710442E+02
       500.0000       -0.8928114E+02
       550.0000       -0.1018004E+03
       600.0000       -0.1146311E+03
       650.0000       -0.1277472E+03
       700.0000       -0.1411266E+03
       750.0000       -0.1547507E+03
       800.0000       -0.1686031E+03
       850.0000       -0.1826694E+03
       900.0000       -0.1969372E+03
       950.0000       -0.2113952E+03
      1000.0000       -0.2260333E+03
      1050.0000       -0.2408427E+03
      1100.0000       -0.2558150E+03
      1150.0000       -0.2709430E+03
      1200.0000       -0.2862198E+03
      1250.0000       -0.3016393E+03
      1300.0000       -0.3171956E+03
      1350.0000       -0.3328837E+03
      1400.0000       -0.3486985E+03
      1450.0000       -0.3646356E+03
      1500.0000       -0.3806906E+03
      1550.0000       -0.3968599E+03
      1600.0000       -0.4131395E+03
      1650.0000       -0.4295261E+03
      1700.0000       -0.4460164E+03
      1750.0000       -0.4626075E+03
      1800.0000       -0.4792963E+03
      1850.0000       -0.4960802E+03
      1900.0000       -0.5129567E+03
      1950.0000       -0.5299231E+03
      2000.0000       -0.5469774E+03
      2100.0000       -0.5813406E+03
      2200.0000       -0.6160298E+03
      2300.0000       -0.6510304E+03
      2400.0000       -0.6863286E+03
      2500.0000       -0.7219122E+03
      2600.0000       -0.7577697E+03
      2700.0000       -0.7938905E+03
      2800.0000       -0.8302648E+03
      2900.0000       -0.8668837E+03
      3000.0000       -0.9037388E+03
