   1   4   1   0  0.1166450E+02  0.1000000E-03
  CAR 
 unknown system                          
   0   0   0
   1   1
 256 256 256
 256
  0.1000000E-09
  0.6250000E-11
   0
  0.5000000E-15  0.3600052E-09  0.3600052E-09  0.3600052E-09
  0.0000000E+00  0.0000000E+00
  0.000
  0.000
  0.000
  0.000
  0.000
  0.000
  0.000
  0.000
  0.000
  0.000
  0.000
  0.000
  0.000
  0.000
  0.000
  0.000
  0.000
  0.000
  0.000
  0.000
  0.000
  0.000
  0.000
  0.000
  0.000
  0.000
  0.000
  0.000
  0.000
  0.000
  0.000
  0.000
  0.000
  0.000
  0.000
  0.000
  0.000
  0.000
  0.000
  0.000
 27.814
  0.000
  0.000
  0.000
  0.000
  0.000
  0.000
  0.000
  0.000
  0.000
  0.000
  0.000
  0.000
  0.000
  0.000
  0.000
  0.000
  0.000
  0.000
  0.000
  0.000
  0.000
  0.000
  0.000
  0.000
  0.000
  0.000
  0.000
  0.000
  0.000
 18.359
  0.000
  0.000
  0.000
  0.000
  0.000
  0.000
  0.000
  0.000
  0.000
  0.000
  0.000
  0.000
  0.000
  0.000
  0.000
  0.000
  0.000
  0.000
  0.000
  0.000
 10.899
  0.000
  0.000
  0.000
  0.000
  0.000
  0.000
  0.000
  0.000
  0.000
  0.000
  0.000
  0.000
  0.000
  0.000
  0.000
 15.792
  0.000
  0.000
  0.000
  0.000
  0.000
  0.000
  0.000
  0.000
  0.000
  0.000
  0.000
  0.000
  0.000
  0.000
  9.121
  0.000
  0.000
  0.000
  0.000
  0.000
  0.000
  0.000
  0.000
  0.000
  0.000
  0.000
  0.000
  4.970
  0.000
  0.000
  0.000
  0.000
  0.000
  0.000
  0.000
  0.000
  0.000
  0.000
 12.755
  0.000
  0.000
  0.000
  0.000
  0.000
  0.000
  0.000
  0.000
  0.000
  0.000
  7.357
  0.000
  0.000
  0.000
  0.000
  0.000
  0.000
  0.000
  0.000
  0.000
  6.505
  0.000
  0.000
  0.000
  0.000
  0.000
  0.000
  0.000
  0.000
  0.000
  8.689
  0.000
  0.000
  0.000
  0.000
  0.000
  0.000
  0.000
  0.000
  5.247
  0.000
  0.000
  0.000
  0.000
  0.000
  0.000
  0.000
  0.000
  4.775
  0.000
  0.000
  0.000
  0.000
  0.000
  0.000
  0.000
  7.712
  0.000
  0.000
  0.000
  0.000
  0.000
  0.000
  0.000
  8.160
  0.000
  0.000
  0.000
  0.000
  0.000
  0.000
  0.000
  1.894
  0.000
  0.000
  0.000
  0.000
  0.000
  0.000
  7.115
  0.000
  0.000
  0.000
  0.000
  0.000
  0.000
  6.694
  0.000
  0.000
  0.000
  0.000
  0.000
  0.000
  3.155
  0.000
  0.000
  0.000
  0.000
  0.000
  0.000
  7.448
  0.000
  0.000
  0.000
  0.000
  0.000
  0.000
  2.818
  0.000
