   32   32    1    1
  0.2114345E+02  0.8778937E-09  0.8778937E-09  0.8778937E-09  0.5000000E-15
  1.000000000000000E-004
  CAR 
 No title                                
  352    1  212
 
  0.2500000E+00  0.2500000E+00  0.2500000E+00  0.1000000E+01
   1       -4.0990
   2       -3.3460
   3       -3.2843
   4       -3.2841
   5       -3.2839
   6       -3.2677
   7       -3.2661
   8       -3.2645
   9       -3.2224
  10       -3.2223
  11       -3.2222
  12       -3.1741
  13       -3.1737
  14       -3.1734
  15       -3.0502
  16       -3.0488
  17       -3.0482
  18       -3.0460
  19       -3.0454
  20       -3.0441
  21       -2.9622
  22       -2.9611
  23       -2.9606
  24       -2.9606
  25       -2.9601
  26       -2.9591
  27       -2.9185
  28       -2.9175
  29       -2.9164
  30       -2.8915
  31       -2.8911
  32       -2.8900
  33       -2.8900
  34       -2.8889
  35       -2.8885
  36       -2.8661
  37       -2.8654
  38       -2.8647
  39       -2.7487
  40       -2.7480
  41       -2.7473
  42       -2.7472
  43       -2.7465
  44       -2.7459
  45       -2.5650
  46       -2.5639
  47       -2.5627
  48       -2.5033
  49       -2.5020
  50       -2.5015
  51       -2.5014
  52       -2.5009
  53       -2.5002
  54       -2.4993
  55       -2.4987
  56       -2.4974
  57       -2.4259
  58       -2.4257
  59       -2.4255
  60       -2.3739
  61       -2.3275
  62       -2.3267
  63       -2.3258
  64       -2.2792
  65       -2.2791
  66       -2.2421
  67       -2.2420
  68       -2.2353
  69       -2.2353
  70       -2.2342
  71       -2.2341
  72       -2.2330
  73       -2.2330
  74       -2.1692
  75       -2.1690
  76       -2.1690
  77       -2.1184
  78       -2.1180
  79       -2.1175
  80       -2.0889
  81       -2.0884
  82       -2.0876
  83       -2.0875
  84       -2.0866
  85       -2.0862
  86       -2.0733
  87       -2.0732
  88       -2.0732
  89       -2.0602
  90       -2.0595
  91       -2.0589
  92       -2.0284
  93       -2.0279
  94       -2.0275
  95       -2.0029
  96       -2.0017
  97       -2.0004
  98       -1.8233
  99       -1.8220
 100       -1.8208
 101       -1.7920
 102       -1.7906
 103       -1.7893
 104       -1.7652
 105       -1.7650
 106       -1.7639
 107       -1.7639
 108       -1.7627
 109       -1.7627
 110       -1.6491
 111       -1.6476
 112       -1.6465
 113       -1.6427
 114       -1.6424
 115       -1.6408
 116       -1.6398
 117       -1.6381
 118       -1.5567
 119       -1.5559
 120       -1.5552
 121       -1.5489
 122       -1.5476
 123       -1.5462
 124       -1.5327
 125       -1.5314
 126       -1.5312
 127       -1.5311
 128       -1.5309
 129       -1.5296
 130       -1.4308
 131       -1.4300
 132       -1.4292
 133       -1.2965
 134       -1.2963
 135       -1.2962
 136       -1.2729
 137       -1.2727
 138       -1.2727
 139       -1.2597
 140       -1.2585
 141       -1.2583
 142       -1.2583
 143       -1.2581
 144       -1.2570
 145       -1.2452
 146       -1.2449
 147       -1.2448
 148       -1.2278
 149       -1.2277
 150       -1.1533
 151       -1.1533
 152       -1.1533
 153       -1.0662
 154       -1.0661
 155       -1.0659
 156       -1.0455
 157       -1.0450
 158       -1.0447
 159       -1.0447
 160       -1.0444
 161       -1.0439
 162       -0.9961
 163       -0.9961
 164       -0.9961
 165       -0.5764
 166       -0.5753
 167       -0.5741
 168       -0.0861
 169        0.1454
 170        0.1467
 171        0.1480
 172        1.4840
 173        1.4850
 174        1.4862
 175        1.4862
 176        1.4875
 177        1.4884
 178        2.2538
 179        2.2543
 180        2.2547
 181        3.1690
 182        3.1698
 183        3.1706
 184        3.6704
 185        3.6715
 186        3.6726
 187        4.6784
 188        4.6800
 189        4.6809
 190        4.6809
 191        4.6818
 192        4.6835
 193        5.1103
 194        5.1112
 195        5.1121
 196        5.9651
 197        5.9659
 198        5.9666
 199        6.8117
 200        6.8122
 201        6.8141
 202        6.8141
 203        6.8160
 204        6.8164
 205        7.2059
 206        8.0851
 207        8.0852
 208        8.0868
 209        8.0868
 210        8.0883
 211        8.0884
 212        8.3720
