   1   4   1   0  0.1031045E+02  0.1000000E-03
  CAR 
 unknown system                          
   0   0   0
   1   1
 256 256 256
 256
  0.1000000E-09
  0.6250000E-11
   0
  0.5000000E-15  0.3454983E-09  0.3454983E-09  0.3454983E-09
  0.0000000E+00  0.0000000E+00
  0.000
  0.000
  0.000
  0.000
  0.000
  0.000
  0.000
  0.000
  0.000
  0.000
  0.000
  0.000
  0.000
  0.000
  0.000
  0.000
  0.000
  0.000
  0.000
  0.000
  0.000
  0.000
  0.000
  0.000
  0.000
  0.000
  0.000
  0.000
  0.000
  0.000
  0.000
  0.000
  0.000
  0.000
  0.000
  0.000
  0.000
  0.000
  0.000
 25.846
  0.000
  0.000
  0.000
  0.000
  0.000
  0.000
  0.000
  0.000
  0.000
  0.000
  0.000
  0.000
  0.000
  0.000
  0.000
  0.000
  0.000
  0.000
  0.000
  0.000
  0.000
  0.000
  0.000
  0.000
  0.000
  0.000
  0.000
 17.702
  0.000
  0.000
  0.000
  0.000
  0.000
  0.000
  0.000
  0.000
  0.000
  0.000
  0.000
  0.000
  0.000
  0.000
  0.000
  0.000
  0.000
  0.000
  0.000
 10.535
  0.000
  0.000
  0.000
  0.000
  0.000
  0.000
  0.000
  0.000
  0.000
  0.000
  0.000
  0.000
  0.000
  0.000
  0.000
 15.059
  0.000
  0.000
  0.000
  0.000
  0.000
  0.000
  0.000
  0.000
  0.000
  0.000
  0.000
  0.000
  0.000
  8.763
  0.000
  0.000
  0.000
  0.000
  0.000
  0.000
  0.000
  0.000
  0.000
  0.000
  0.000
  4.809
  0.000
  0.000
  0.000
  0.000
  0.000
  0.000
  0.000
  0.000
  0.000
  0.000
 12.258
  0.000
  0.000
  0.000
  0.000
  0.000
  0.000
  0.000
  0.000
  0.000
  0.000
  7.028
  0.000
  0.000
  0.000
  0.000
  0.000
  0.000
  0.000
  0.000
  0.000
  6.185
  0.000
  0.000
  0.000
  0.000
  0.000
  0.000
  0.000
  0.000
  8.324
  0.000
  0.000
  0.000
  0.000
  0.000
  0.000
  0.000
  0.000
  5.007
  0.000
  0.000
  0.000
  0.000
  0.000
  0.000
  0.000
  4.588
  0.000
  0.000
  0.000
  0.000
  0.000
  0.000
  0.000
  7.386
  0.000
  0.000
  0.000
  0.000
  0.000
  0.000
  0.000
  7.791
  0.000
  0.000
  0.000
  0.000
  0.000
  0.000
  1.820
  0.000
  0.000
  0.000
  0.000
  0.000
  0.000
  6.820
  0.000
  0.000
  0.000
  0.000
  0.000
  0.000
  6.401
  0.000
  0.000
  0.000
  0.000
  0.000
  0.000
  3.010
  0.000
  0.000
  0.000
  0.000
  0.000
  7.150
  0.000
  0.000
  0.000
  0.000
  0.000
  0.000
  2.698
  0.000
  0.000
  0.000
  0.000
  0.000
  2.571
  0.000
  0.000
  0.000
  0.000
  0.000
