   32   32  100    1
  0.2093874E+02  0.8750513E-09  0.8750513E-09  0.8750513E-09  0.5000000E-15
  1.000000000000000E-004
  CAR 
 No title                                
  352   20  212
 
  0.6250000E-01  0.6250000E-01  0.6250000E-01  0.1562500E-01
   1       -4.4636
   2       -2.6040
   3       -2.6040
   4       -2.6040
   5       -2.3047
   6       -2.2844
   7       -2.2844
   8       -2.2844
   9       -2.2558
  10       -2.2558
  11       -2.2558
  12       -2.0403
  13       -2.0403
  14       -2.0403
  15       -1.8332
  16       -1.8332
  17       -1.8332
  18       -1.5317
  19       -1.5317
  20       -1.5317
  21       -1.3725
  22       -1.3725
  23       -1.3725
  24       -1.3725
  25       -1.3725
  26       -1.3725
  27       -1.3027
  28       -1.3027
  29       -1.3027
  30       -1.2342
  31       -1.2342
  32       -1.2342
  33       -1.2308
  34       -1.2308
  35       -1.2308
  36       -1.2308
  37       -1.2308
  38       -1.2308
  39       -1.0942
  40       -1.0942
  41       -1.0942
  42       -0.8130
  43       -0.8130
  44       -0.8130
  45       -0.8130
  46       -0.8130
  47       -0.8130
  48       -0.7433
  49       -0.7433
  50       -0.7433
  51       -0.7227
  52       -0.7227
  53       -0.7227
  54       -0.7227
  55       -0.7227
  56       -0.7227
  57       -0.6650
  58       -0.6650
  59       -0.6650
  60       -0.5304
  61       -0.5304
  62       -0.5304
  63       -0.5304
  64       -0.5304
  65       -0.5304
  66       -0.4651
  67       -0.4651
  68       -0.4651
  69       -0.4651
  70       -0.4651
  71       -0.4651
  72       -0.4518
  73       -0.4518
  74       -0.4518
  75       -0.4237
  76       -0.4237
  77       -0.4237
  78       -0.4078
  79       -0.4078
  80       -0.4045
  81       -0.3981
  82       -0.3981
  83       -0.3981
  84       -0.3906
  85       -0.3906
  86       -0.3906
  87       -0.3885
  88       -0.3885
  89        0.0869
  90        0.0869
  91        0.0869
  92        0.1654
  93        0.1654
  94        0.1654
  95        0.2242
  96        0.2242
  97        0.2242
  98        0.2870
  99        0.2870
 100        0.2870
 101        0.2870
 102        0.2870
 103        0.2870
 104        0.2898
 105        0.2898
 106        0.2898
 107        0.3734
 108        0.3734
 109        0.3734
 110        0.4414
 111        0.4414
 112        0.4414
 113        0.5661
 114        0.5661
 115        0.5661
 116        0.5877
 117        0.5877
 118        0.5877
 119        0.6138
 120        0.6138
 121        0.6138
 122        0.6138
 123        0.6138
 124        0.6138
 125        0.6493
 126        0.6493
 127        0.6497
 128        0.6497
 129        0.6497
 130        0.7060
 131        0.7060
 132        0.7060
 133        0.7060
 134        0.7060
 135        0.7060
 136        0.7886
 137        0.7886
 138        0.7886
 139        1.0085
 140        1.0085
 141        1.0085
 142        1.0907
 143        1.0907
 144        1.0907
 145        1.3998
 146        1.3998
 147        1.3998
 148        1.4372
 149        1.4372
 150        1.4372
 151        1.4699
 152        1.4699
 153        1.4874
 154        1.4874
 155        1.4874
 156        1.6560
 157        1.6560
 158        1.6560
 159        1.6918
 160        1.6918
 161        1.6918
 162        1.6918
 163        1.6918
 164        1.6918
 165        1.6949
 166        1.6949
 167        1.6949
 168        2.5405
 169        2.5405
 170        2.5405
 171        2.9267
 172        2.9267
 173        2.9267
 174        2.9267
 175        2.9267
 176        2.9267
 177        2.9905
 178        3.3348
 179        3.3348
 180        3.3348
 181        3.3646
 182        3.3646
 183        3.3646
 184        4.8954
 185        4.8954
 186        4.8954
 187        5.5511
 188        5.5511
 189        5.5511
 190        5.8716
 191        7.0247
 192        7.0247
 193        7.0247
 194        7.0247
 195        7.0247
 196        7.0247
 197        7.8353
 198        7.8353
 199        7.8354
 200        8.7665
 201        8.7666
 202        8.7666
 203        8.7671
 204        8.7687
 205        8.7769
 206        9.4682
 207        9.4697
 208        9.4721
 209        9.4770
 210        9.5233
 211        9.7509
 212       10.3472
 
  0.1875000E+00  0.6250000E-01  0.6250000E-01  0.4687500E-01
   1       -4.3877
   2       -2.9971
   3       -2.5497
   4       -2.5497
   5       -2.2860
   6       -2.2452
   7       -2.2452
   8       -2.2254
   9       -2.2034
  10       -2.2034
  11       -2.0180
  12       -2.0160
  13       -1.9950
  14       -1.9950
  15       -1.8089
  16       -1.7953
  17       -1.7953
  18       -1.7134
  19       -1.7134
  20       -1.6707
  21       -1.5322
  22       -1.5322
  23       -1.4781
  24       -1.4781
  25       -1.4529
  26       -1.3682
  27       -1.3224
  28       -1.3224
  29       -1.2519
  30       -1.2519
  31       -1.2319
  32       -1.2319
  33       -1.2103
  34       -1.2103
  35       -1.2090
  36       -1.2090
  37       -1.1961
  38       -1.1961
  39       -1.0741
  40       -1.0741
  41       -1.0600
  42       -1.0600
  43       -0.9532
  44       -0.8310
  45       -0.8310
  46       -0.8131
  47       -0.8131
  48       -0.8055
  49       -0.8055
  50       -0.7864
  51       -0.7864
  52       -0.7289
  53       -0.7289
  54       -0.6514
  55       -0.6451
  56       -0.6451
  57       -0.6326
  58       -0.6326
  59       -0.6082
  60       -0.5768
  61       -0.5768
  62       -0.5753
  63       -0.5753
  64       -0.5246
  65       -0.5246
  66       -0.4989
  67       -0.4989
  68       -0.4854
  69       -0.4854
  70       -0.4527
  71       -0.4390
  72       -0.4390
  73       -0.4334
  74       -0.4056
  75       -0.3873
  76       -0.3697
  77       -0.3697
  78       -0.3658
  79       -0.3658
  80       -0.3615
  81       -0.3594
  82       -0.3585
  83       -0.3240
  84       -0.3240
  85       -0.3007
  86       -0.2526
  87       -0.2187
  88       -0.2187
  89       -0.0269
  90       -0.0269
  91        0.0194
  92        0.0194
  93        0.0901
  94        0.1053
  95        0.1741
  96        0.1741
  97        0.1868
  98        0.1946
  99        0.2425
 100        0.2425
 101        0.2831
 102        0.3521
 103        0.3521
 104        0.3592
 105        0.3592
 106        0.3661
 107        0.3661
 108        0.3997
 109        0.4023
 110        0.4023
 111        0.5116
 112        0.5116
 113        0.5458
 114        0.5458
 115        0.5459
 116        0.5459
 117        0.6165
 118        0.6179
 119        0.6179
 120        0.6305
 121        0.6305
 122        0.6614
 123        0.6614
 124        0.6641
 125        0.7058
 126        0.7058
 127        0.7211
 128        0.7643
 129        0.7643
 130        0.7663
 131        0.8313
 132        0.8313
 133        0.8564
 134        0.8564
 135        0.8962
 136        0.8966
 137        0.9062
 138        0.9062
 139        0.9294
 140        1.0498
 141        1.0498
 142        1.1564
 143        1.1564
 144        1.1737
 145        1.2173
 146        1.2388
 147        1.2388
 148        1.3678
 149        1.3867
 150        1.3867
 151        1.4127
 152        1.4163
 153        1.4642
 154        1.4657
 155        1.4657
 156        1.4885
 157        1.4885
 158        1.5950
 159        1.6309
 160        1.6309
 161        1.6317
 162        1.6317
 163        1.6431
 164        1.6917
 165        1.6917
 166        1.6919
 167        1.6919
 168        2.2017
 169        2.2017
 170        2.5359
 171        2.5589
 172        2.5589
 173        2.6949
 174        2.9381
 175        2.9381
 176        3.2680
 177        3.2680
 178        3.3627
 179        3.3770
 180        3.3770
 181        3.6298
 182        3.7978
 183        3.7978
 184        4.2190
 185        5.1234
 186        5.1234
 187        5.5590
 188        5.8959
 189        5.8959
 190        6.3922
 191        6.5587
 192        6.5587
 193        6.7200
 194        6.7200
 195        7.0106
 196        7.0106
 197        7.7950
 198        7.7956
 199        8.1915
 200        8.1923
 201        8.6538
 202        8.7083
 203        8.7179
 204        8.8359
 205        8.8509
 206        9.3700
 207        9.6275
 208        9.6597
 209        9.7813
 210        9.8285
 211        9.9079
 212       10.0175
 
  0.3125000E+00  0.6250000E-01  0.6250000E-01  0.4687500E-01
   1       -4.2374
   2       -3.3820
   3       -2.4443
   4       -2.4443
   5       -2.2286
   6       -2.1675
   7       -2.1675
   8       -2.1291
   9       -2.1024
  10       -2.1024
  11       -1.9781
  12       -1.9120
  13       -1.9120
  14       -1.9080
  15       -1.9073
  16       -1.9073
  17       -1.8440
  18       -1.7610
  19       -1.7251
  20       -1.7251
  21       -1.7196
  22       -1.7196
  23       -1.6470
  24       -1.6245
  25       -1.6245
  26       -1.4914
  27       -1.4698
  28       -1.4698
  29       -1.2744
  30       -1.2744
  31       -1.2085
  32       -1.2085
  33       -1.1766
  34       -1.1766
  35       -1.1631
  36       -1.1631
  37       -1.1293
  38       -1.1293
  39       -1.1039
  40       -1.1039
  41       -1.0353
  42       -1.0353
  43       -0.9058
  44       -0.9058
  45       -0.8492
  46       -0.8492
  47       -0.8471
  48       -0.8471
  49       -0.8230
  50       -0.8230
  51       -0.8169
  52       -0.7882
  53       -0.7882
  54       -0.6928
  55       -0.6928
  56       -0.6620
  57       -0.6620
  58       -0.6425
  59       -0.6425
  60       -0.6222
  61       -0.5774
  62       -0.5774
  63       -0.5168
  64       -0.5168
  65       -0.5149
  66       -0.5080
  67       -0.5080
  68       -0.4942
  69       -0.4918
  70       -0.4902
  71       -0.4902
  72       -0.4645
  73       -0.4645
  74       -0.4164
  75       -0.3617
  76       -0.3617
  77       -0.3372
  78       -0.3055
  79       -0.3055
  80       -0.3031
  81       -0.3015
  82       -0.2904
  83       -0.1531
  84       -0.1531
  85       -0.1524
  86       -0.1524
  87       -0.0689
  88       -0.0689
  89       -0.0523
  90       -0.0309
  91        0.0208
  92        0.0327
  93        0.0347
  94        0.0522
  95        0.0596
  96        0.0596
  97        0.1196
  98        0.1196
  99        0.2745
 100        0.2983
 101        0.2983
 102        0.3512
 103        0.3512
 104        0.4342
 105        0.4342
 106        0.4664
 107        0.4664
 108        0.4887
 109        0.4887
 110        0.5188
 111        0.5188
 112        0.5337
 113        0.5337
 114        0.5536
 115        0.5997
 116        0.5997
 117        0.6173
 118        0.6173
 119        0.6479
 120        0.6479
 121        0.6574
 122        0.6574
 123        0.6934
 124        0.7588
 125        0.7963
 126        0.7963
 127        0.8554
 128        0.8554
 129        0.8561
 130        0.8850
 131        0.9632
 132        0.9648
 133        0.9760
 134        0.9760
 135        0.9897
 136        0.9897
 137        1.0257
 138        1.0257
 139        1.0398
 140        1.0511
 141        1.0511
 142        1.0813
 143        1.1691
 144        1.1691
 145        1.1818
 146        1.1818
 147        1.2314
 148        1.2560
 149        1.3128
 150        1.3128
 151        1.3193
 152        1.3391
 153        1.3391
 154        1.3713
 155        1.3943
 156        1.3943
 157        1.4023
 158        1.4769
 159        1.5192
 160        1.5192
 161        1.5202
 162        1.5202
 163        1.5488
 164        1.6915
 165        1.6915
 166        1.6916
 167        1.6916
 168        1.8964
 169        1.8964
 170        2.2190
 171        2.2190
 172        2.5276
 173        2.5563
 174        2.9624
 175        2.9624
 176        3.1539
 177        3.1539
 178        3.3599
 179        3.4184
 180        3.6754
 181        3.9046
 182        3.9046
 183        4.3254
 184        4.3254
 185        5.5168
 186        5.5168
 187        5.8903
 188        5.8903
 189        5.9654
 190        6.1843
 191        6.1843
 192        6.4774
 193        6.4774
 194        6.8859
 195        6.8859
 196        7.0452
 197        7.7243
 198        7.7247
 199        7.7509
 200        7.7510
 201        8.3865
 202        8.7692
 203        8.7822
 204        8.9382
 205        8.9492
 206        8.9938
 207        9.0427
 208        9.5207
 209        9.6263
 210        9.6788
 211        9.8198
 212       10.0072
 
  0.4375000E+00  0.6250000E-01  0.6250000E-01  0.4687500E-01
   1       -4.0153
   2       -3.7271
   3       -2.2946
   4       -2.2946
   5       -2.1335
   6       -2.1119
   7       -2.1119
   8       -2.0526
   9       -2.0526
  10       -2.0034
  11       -1.9975
  12       -1.9612
  13       -1.9612
  14       -1.9309
  15       -1.9033
  16       -1.9033
  17       -1.8961
  18       -1.8343
  19       -1.7944
  20       -1.7944
  21       -1.7832
  22       -1.7832
  23       -1.6907
  24       -1.6323
  25       -1.6323
  26       -1.6064
  27       -1.6064
  28       -1.6000
  29       -1.4571
  30       -1.4571
  31       -1.1729
  32       -1.1729
  33       -1.1585
  34       -1.1585
  35       -1.0942
  36       -1.0942
  37       -1.0373
  38       -1.0373
  39       -1.0064
  40       -1.0064
  41       -0.9964
  42       -0.9964
  43       -0.9807
  44       -0.9807
  45       -0.9153
  46       -0.9153
  47       -0.8923
  48       -0.8923
  49       -0.8694
  50       -0.8694
  51       -0.8369
  52       -0.8369
  53       -0.7762
  54       -0.7762
  55       -0.6912
  56       -0.6899
  57       -0.6899
  58       -0.6874
  59       -0.6874
  60       -0.5822
  61       -0.5818
  62       -0.5368
  63       -0.5361
  64       -0.5361
  65       -0.5111
  66       -0.5111
  67       -0.5094
  68       -0.5094
  69       -0.4980
  70       -0.4980
  71       -0.4691
  72       -0.4380
  73       -0.4226
  74       -0.4226
  75       -0.3278
  76       -0.3278
  77       -0.3056
  78       -0.3056
  79       -0.2589
  80       -0.2573
  81       -0.2573
  82       -0.2185
  83       -0.2185
  84       -0.2164
  85       -0.2156
  86       -0.1962
  87       -0.1553
  88       -0.1101
  89       -0.1101
  90       -0.1047
  91       -0.1029
  92       -0.0798
  93        0.3029
  94        0.3059
  95        0.3059
  96        0.3317
  97        0.3317
  98        0.3435
  99        0.3435
 100        0.3478
 101        0.3656
 102        0.4664
 103        0.4764
 104        0.4764
 105        0.4908
 106        0.4908
 107        0.5184
 108        0.5184
 109        0.5249
 110        0.5249
 111        0.5489
 112        0.5489
 113        0.5798
 114        0.5798
 115        0.5983
 116        0.5983
 117        0.6034
 118        0.6034
 119        0.6445
 120        0.6445
 121        0.6508
 122        0.6508
 123        0.6655
 124        0.6969
 125        0.6969
 126        0.6981
 127        0.7361
 128        0.7571
 129        0.7571
 130        0.7909
 131        0.8388
 132        0.8388
 133        1.0232
 134        1.0232
 135        1.0473
 136        1.0775
 137        1.1457
 138        1.1457
 139        1.1471
 140        1.1807
 141        1.1807
 142        1.1816
 143        1.1951
 144        1.2016
 145        1.2016
 146        1.2116
 147        1.2116
 148        1.2841
 149        1.2841
 150        1.2881
 151        1.3058
 152        1.3062
 153        1.3398
 154        1.3693
 155        1.3693
 156        1.3714
 157        1.3714
 158        1.3733
 159        1.3733
 160        1.4366
 161        1.6018
 162        1.6018
 163        1.6179
 164        1.6179
 165        1.6914
 166        1.6914
 167        1.6915
 168        1.6915
 169        1.7764
 170        1.8998
 171        1.8998
 172        2.5170
 173        2.5187
 174        2.5189
 175        3.0027
 176        3.0027
 177        3.0643
 178        3.0643
 179        3.5002
 180        3.5982
 181        4.5114
 182        4.5114
 183        4.9163
 184        4.9163
 185        5.1842
 186        5.1842
 187        5.5516
 188        5.5516
 189        6.0033
 190        6.0033
 191        6.5077
 192        6.5077
 193        6.6450
 194        7.2071
 195        7.2071
 196        7.4715
 197        7.6097
 198        7.6100
 199        7.6458
 200        7.6467
 201        7.7980
 202        8.0365
 203        8.0375
 204        8.6404
 205        8.9477
 206        9.0052
 207        9.2033
 208        9.2212
 209        9.2474
 210        9.4542
 211       10.0020
 212       10.1684
 
  0.1875000E+00  0.1875000E+00  0.6250000E-01  0.4687500E-01
   1       -4.3127
   2       -2.9388
   3       -2.9388
   4       -2.5029
   5       -2.2901
   6       -2.2273
   7       -2.1684
   8       -2.1684
   9       -2.1615
  10       -1.9723
  11       -1.9723
  12       -1.9640
  13       -1.9636
  14       -1.9636
  15       -1.9576
  16       -1.8197
  17       -1.8197
  18       -1.7715
  19       -1.7715
  20       -1.7518
  21       -1.6246
  22       -1.6246
  23       -1.4016
  24       -1.4016
  25       -1.3796
  26       -1.3796
  27       -1.3407
  28       -1.3407
  29       -1.3251
  30       -1.3251
  31       -1.2885
  32       -1.2885
  33       -1.2855
  34       -1.2696
  35       -1.2696
  36       -1.1772
  37       -1.1760
  38       -1.1760
  39       -1.0488
  40       -1.0488
  41       -1.0462
  42       -1.0277
  43       -1.0277
  44       -0.9372
  45       -0.9372
  46       -0.8671
  47       -0.8671
  48       -0.8295
  49       -0.8295
  50       -0.7826
  51       -0.6981
  52       -0.6981
  53       -0.6943
  54       -0.6943
  55       -0.6476
  56       -0.6476
  57       -0.6376
  58       -0.6376
  59       -0.6294
  60       -0.6294
  61       -0.6100
  62       -0.5260
  63       -0.5260
  64       -0.4847
  65       -0.4847
  66       -0.4467
  67       -0.4461
  68       -0.4461
  69       -0.4437
  70       -0.4277
  71       -0.3981
  72       -0.3820
  73       -0.3820
  74       -0.3664
  75       -0.3485
  76       -0.3369
  77       -0.3337
  78       -0.3321
  79       -0.3321
  80       -0.3145
  81       -0.3145
  82       -0.2944
  83       -0.2944
  84       -0.2877
  85       -0.2615
  86       -0.2615
  87       -0.2248
  88       -0.2248
  89       -0.0895
  90       -0.0634
  91       -0.0137
  92       -0.0137
  93        0.1074
  94        0.1074
  95        0.1863
  96        0.1863
  97        0.1883
  98        0.1883
  99        0.1969
 100        0.2137
 101        0.2137
 102        0.2673
 103        0.2673
 104        0.2857
 105        0.2893
 106        0.2893
 107        0.3883
 108        0.3883
 109        0.4037
 110        0.4054
 111        0.4484
 112        0.4911
 113        0.4911
 114        0.6085
 115        0.6218
 116        0.6218
 117        0.6578
 118        0.6690
 119        0.6690
 120        0.6849
 121        0.6982
 122        0.6982
 123        0.7316
 124        0.7316
 125        0.7409
 126        0.7409
 127        0.8201
 128        0.8201
 129        0.8354
 130        0.8354
 131        0.9501
 132        0.9546
 133        0.9546
 134        0.9737
 135        0.9737
 136        0.9874
 137        1.0040
 138        1.0040
 139        1.0173
 140        1.0173
 141        1.0435
 142        1.0435
 143        1.0647
 144        1.0775
 145        1.1664
 146        1.2435
 147        1.2965
 148        1.2965
 149        1.3279
 150        1.3279
 151        1.3450
 152        1.3615
 153        1.4330
 154        1.4557
 155        1.4557
 156        1.4755
 157        1.4755
 158        1.4839
 159        1.5827
 160        1.5827
 161        1.6305
 162        1.6305
 163        1.6327
 164        1.6327
 165        1.6420
 166        1.6420
 167        1.6600
 168        1.8957
 169        2.1877
 170        2.1877
 171        2.2654
 172        2.5598
 173        2.5598
 174        2.9449
 175        2.9870
 176        2.9870
 177        3.4114
 178        3.4114
 179        3.8476
 180        3.8476
 181        3.8559
 182        3.8559
 183        4.2613
 184        4.4358
 185        4.4358
 186        5.3332
 187        5.5635
 188        5.5635
 189        6.3341
 190        6.3341
 191        6.4264
 192        6.4799
 193        6.4799
 194        6.8349
 195        6.8349
 196        6.9943
 197        7.7475
 198        8.2045
 199        8.2046
 200        8.2447
 201        8.2450
 202        8.6149
 203        8.6172
 204        8.6570
 205        8.6589
 206        8.8803
 207        8.8812
 208        9.3773
 209        9.4300
 210        9.6218
 211        9.9818
 212       10.1111
 
  0.3125000E+00  0.1875000E+00  0.6250000E-01  0.9375000E-01
   1       -4.1641
   2       -3.3190
   3       -2.8247
   4       -2.4130
   5       -2.2575
   6       -2.2160
   7       -2.1721
   8       -2.0823
   9       -2.0751
  10       -2.0575
  11       -1.9782
  12       -1.9589
  13       -1.9315
  14       -1.8843
  15       -1.8837
  16       -1.8624
  17       -1.8562
  18       -1.7981
  19       -1.7333
  20       -1.7245
  21       -1.6967
  22       -1.6661
  23       -1.6016
  24       -1.5613
  25       -1.4854
  26       -1.4608
  27       -1.4399
  28       -1.3888
  29       -1.3291
  30       -1.3122
  31       -1.3066
  32       -1.2859
  33       -1.2756
  34       -1.2577
  35       -1.2237
  36       -1.2114
  37       -1.1537
  38       -1.1132
  39       -1.1130
  40       -1.1104
  41       -1.0266
  42       -0.9908
  43       -0.9653
  44       -0.9642
  45       -0.9372
  46       -0.9192
  47       -0.9075
  48       -0.8454
  49       -0.8051
  50       -0.7978
  51       -0.7969
  52       -0.7763
  53       -0.7643
  54       -0.7293
  55       -0.7038
  56       -0.6849
  57       -0.6663
  58       -0.6637
  59       -0.5973
  60       -0.5394
  61       -0.5383
  62       -0.5269
  63       -0.5209
  64       -0.4970
  65       -0.4843
  66       -0.4780
  67       -0.4649
  68       -0.4569
  69       -0.4357
  70       -0.4226
  71       -0.3959
  72       -0.3645
  73       -0.3546
  74       -0.3238
  75       -0.3038
  76       -0.2989
  77       -0.2818
  78       -0.2813
  79       -0.2536
  80       -0.2412
  81       -0.2389
  82       -0.2363
  83       -0.2360
  84       -0.1904
  85       -0.1821
  86       -0.1796
  87       -0.1192
  88       -0.1114
  89       -0.0509
  90       -0.0340
  91       -0.0202
  92       -0.0044
  93        0.0260
  94        0.0308
  95        0.0785
  96        0.1021
  97        0.1387
  98        0.1404
  99        0.1595
 100        0.1828
 101        0.1994
 102        0.2384
 103        0.2630
 104        0.3379
 105        0.3631
 106        0.3735
 107        0.3884
 108        0.4112
 109        0.4519
 110        0.4677
 111        0.4895
 112        0.5567
 113        0.5892
 114        0.5980
 115        0.6165
 116        0.6214
 117        0.6775
 118        0.6783
 119        0.6834
 120        0.7260
 121        0.7586
 122        0.7763
 123        0.8008
 124        0.8089
 125        0.8116
 126        0.8379
 127        0.8432
 128        0.8482
 129        0.8550
 130        0.8688
 131        0.8846
 132        0.9369
 133        0.9553
 134        1.0023
 135        1.0025
 136        1.0190
 137        1.0208
 138        1.0333
 139        1.0667
 140        1.0992
 141        1.1084
 142        1.1205
 143        1.1205
 144        1.1307
 145        1.1346
 146        1.1521
 147        1.2059
 148        1.2256
 149        1.2636
 150        1.3168
 151        1.3340
 152        1.3474
 153        1.3898
 154        1.4404
 155        1.4405
 156        1.4452
 157        1.4948
 158        1.4957
 159        1.5203
 160        1.5224
 161        1.5545
 162        1.5809
 163        1.5816
 164        1.6261
 165        1.6305
 166        1.6339
 167        1.6393
 168        1.6421
 169        1.8774
 170        2.0911
 171        2.1603
 172        2.2137
 173        2.5644
 174        2.6167
 175        2.7335
 176        3.4807
 177        3.5028
 178        3.5910
 179        3.8418
 180        3.9454
 181        3.9653
 182        4.2319
 183        4.3995
 184        4.7747
 185        4.7937
 186        5.5589
 187        5.5952
 188        5.7012
 189        5.9519
 190        5.9867
 191        6.0260
 192        6.1832
 193        6.4450
 194        6.8587
 195        7.0824
 196        7.6622
 197        7.6825
 198        7.7215
 199        7.8936
 200        7.9085
 201        8.1244
 202        8.3215
 203        8.4125
 204        8.4776
 205        8.5242
 206        8.5582
 207        8.9570
 208        9.1151
 209        9.1876
 210        9.5860
 211       10.0941
 212       10.1085
 
  0.4375000E+00  0.1875000E+00  0.6250000E-01  0.9375000E-01
   1       -3.9447
   2       -3.6599
   3       -2.6600
   4       -2.4530
   5       -2.2877
   6       -2.1890
   7       -2.1383
   8       -2.0874
   9       -2.0804
  10       -1.9753
  11       -1.9542
  12       -1.9473
  13       -1.9153
  14       -1.8828
  15       -1.8541
  16       -1.8461
  17       -1.7877
  18       -1.7781
  19       -1.7583
  20       -1.7468
  21       -1.7205
  22       -1.6557
  23       -1.6427
  24       -1.6054
  25       -1.5848
  26       -1.5669
  27       -1.5535
  28       -1.5418
  29       -1.4374
  30       -1.3865
  31       -1.3313
  32       -1.3270
  33       -1.2334
  34       -1.2042
  35       -1.1719
  36       -1.1545
  37       -1.1384
  38       -1.0964
  39       -1.0728
  40       -1.0526
  41       -1.0094
  42       -1.0055
  43       -0.9922
  44       -0.9293
  45       -0.9130
  46       -0.9097
  47       -0.9094
  48       -0.8770
  49       -0.8742
  50       -0.8690
  51       -0.8471
  52       -0.8292
  53       -0.8085
  54       -0.7682
  55       -0.7239
  56       -0.6836
  57       -0.6465
  58       -0.6213
  59       -0.5946
  60       -0.5788
  61       -0.5760
  62       -0.5741
  63       -0.5045
  64       -0.5029
  65       -0.4768
  66       -0.4761
  67       -0.4600
  68       -0.4243
  69       -0.4238
  70       -0.4065
  71       -0.4031
  72       -0.3531
  73       -0.3312
  74       -0.3191
  75       -0.3064
  76       -0.2722
  77       -0.2694
  78       -0.2648
  79       -0.2559
  80       -0.2287
  81       -0.2156
  82       -0.2066
  83       -0.2015
  84       -0.1840
  85       -0.1639
  86       -0.1434
  87       -0.1332
  88       -0.1157
  89       -0.1121
  90       -0.1042
  91       -0.0359
  92       -0.0118
  93        0.1504
  94        0.1731
  95        0.1737
  96        0.1840
  97        0.1927
  98        0.2047
  99        0.2368
 100        0.2851
 101        0.3069
 102        0.3463
 103        0.3709
 104        0.3914
 105        0.3981
 106        0.4446
 107        0.4463
 108        0.4732
 109        0.4774
 110        0.4809
 111        0.5149
 112        0.5215
 113        0.5499
 114        0.5550
 115        0.5649
 116        0.5746
 117        0.5844
 118        0.6388
 119        0.6632
 120        0.7041
 121        0.7149
 122        0.7230
 123        0.7261
 124        0.7308
 125        0.7590
 126        0.7680
 127        0.7708
 128        0.7884
 129        0.7935
 130        0.8830
 131        0.9156
 132        0.9453
 133        0.9794
 134        0.9964
 135        1.0193
 136        1.0269
 137        1.0510
 138        1.1221
 139        1.1441
 140        1.1783
 141        1.1832
 142        1.1966
 143        1.2016
 144        1.2050
 145        1.2348
 146        1.2578
 147        1.2584
 148        1.2595
 149        1.2611
 150        1.2793
 151        1.3313
 152        1.3458
 153        1.3510
 154        1.3665
 155        1.3704
 156        1.3738
 157        1.3812
 158        1.3830
 159        1.3839
 160        1.3869
 161        1.4535
 162        1.5875
 163        1.5961
 164        1.6316
 165        1.6347
 166        1.6353
 167        1.6371
 168        1.8904
 169        1.9122
 170        2.0856
 171        2.0936
 172        2.1226
 173        2.2591
 174        2.5806
 175        2.6258
 176        2.7839
 177        3.5847
 178        3.7161
 179        4.0831
 180        4.1115
 181        4.2266
 182        4.5956
 183        4.8042
 184        5.0096
 185        5.2149
 186        5.2780
 187        5.3332
 188        5.6392
 189        5.6414
 190        5.9104
 191        6.1474
 192        6.1595
 193        6.6150
 194        6.6759
 195        6.9655
 196        7.5029
 197        7.5188
 198        7.5636
 199        7.8334
 200        7.9238
 201        8.1457
 202        8.2663
 203        8.4463
 204        8.4756
 205        8.5002
 206        8.5503
 207        8.5558
 208        8.6864
 209        8.8529
 210        9.3206
 211        9.5157
 212        9.9201
 
  0.3125000E+00  0.3125000E+00  0.6250000E-01  0.4687500E-01
   1       -4.0188
   2       -3.1951
   3       -3.1951
   4       -2.5126
   5       -2.3538
   6       -2.2539
   7       -2.1430
   8       -2.0700
   9       -2.0700
  10       -2.0446
  11       -1.9538
  12       -1.9538
  13       -1.8676
  14       -1.8676
  15       -1.8410
  16       -1.8410
  17       -1.8336
  18       -1.7557
  19       -1.7557
  20       -1.6515
  21       -1.6515
  22       -1.5669
  23       -1.4936
  24       -1.4936
  25       -1.4735
  26       -1.4735
  27       -1.4657
  28       -1.4657
  29       -1.3995
  30       -1.3995
  31       -1.3939
  32       -1.3847
  33       -1.3847
  34       -1.2624
  35       -1.2624
  36       -1.2240
  37       -1.2240
  38       -1.1390
  39       -1.1390
  40       -1.1105
  41       -1.1105
  42       -1.0258
  43       -1.0258
  44       -1.0060
  45       -0.9905
  46       -0.9905
  47       -0.9022
  48       -0.7853
  49       -0.7853
  50       -0.7659
  51       -0.7654
  52       -0.7654
  53       -0.7653
  54       -0.7653
  55       -0.7361
  56       -0.6116
  57       -0.6116
  58       -0.5959
  59       -0.5959
  60       -0.5229
  61       -0.4974
  62       -0.4974
  63       -0.4856
  64       -0.4856
  65       -0.4582
  66       -0.4403
  67       -0.4403
  68       -0.3959
  69       -0.3959
  70       -0.3899
  71       -0.3176
  72       -0.3176
  73       -0.2790
  74       -0.2702
  75       -0.2604
  76       -0.2426
  77       -0.2339
  78       -0.2283
  79       -0.2210
  80       -0.1913
  81       -0.1838
  82       -0.1838
  83       -0.1501
  84       -0.1501
  85       -0.1287
  86       -0.1287
  87       -0.0933
  88       -0.0933
  89       -0.0771
  90       -0.0771
  91        0.0039
  92        0.0039
  93        0.0314
  94        0.0314
  95        0.0639
  96        0.0639
  97        0.1083
  98        0.1083
  99        0.1291
 100        0.1480
 101        0.1602
 102        0.1602
 103        0.2409
 104        0.2409
 105        0.2695
 106        0.2695
 107        0.2775
 108        0.3174
 109        0.3881
 110        0.3881
 111        0.5347
 112        0.5357
 113        0.5536
 114        0.5536
 115        0.5675
 116        0.6007
 117        0.6007
 118        0.6516
 119        0.6931
 120        0.7355
 121        0.7355
 122        0.8006
 123        0.8006
 124        0.8769
 125        0.8769
 126        0.8955
 127        0.8955
 128        0.9103
 129        0.9103
 130        0.9179
 131        0.9179
 132        0.9194
 133        0.9194
 134        0.9346
 135        0.9622
 136        1.0299
 137        1.0299
 138        1.0596
 139        1.0596
 140        1.1463
 141        1.1742
 142        1.1779
 143        1.1779
 144        1.1820
 145        1.2370
 146        1.2370
 147        1.2382
 148        1.2382
 149        1.2606
 150        1.2975
 151        1.3151
 152        1.3151
 153        1.3789
 154        1.3927
 155        1.4488
 156        1.4488
 157        1.4526
 158        1.4526
 159        1.4588
 160        1.5245
 161        1.5245
 162        1.5258
 163        1.5258
 164        1.5455
 165        1.5455
 166        1.5882
 167        1.8102
 168        1.8408
 169        1.8408
 170        1.9543
 171        1.9543
 172        2.2083
 173        2.2083
 174        2.4393
 175        3.1109
 176        3.1109
 177        3.9522
 178        3.9522
 179        4.0852
 180        4.0852
 181        4.5446
 182        4.5446
 183        4.5630
 184        4.5630
 185        5.1883
 186        5.1883
 187        5.2570
 188        5.6104
 189        5.6104
 190        6.0034
 191        6.0034
 192        6.0289
 193        6.6589
 194        6.6589
 195        7.3591
 196        7.3591
 197        7.4689
 198        7.4690
 199        7.5485
 200        7.7675
 201        7.8089
 202        7.8094
 203        7.9527
 204        7.9528
 205        8.3878
 206        8.8153
 207        9.1820
 208        9.2177
 209        9.7036
 210        9.7669
 211       10.0144
 212       10.3359
 
  0.4375000E+00  0.3125000E+00  0.6250000E-01  0.9375000E-01
   1       -3.8047
   2       -3.5271
   3       -3.0143
   4       -2.7834
   5       -2.2724
   6       -2.2189
   7       -2.1758
   8       -2.1554
   9       -2.0809
  10       -1.9935
  11       -1.9876
  12       -1.9333
  13       -1.8198
  14       -1.8070
  15       -1.7895
  16       -1.7514
  17       -1.7490
  18       -1.7128
  19       -1.6582
  20       -1.6405
  21       -1.6373
  22       -1.6134
  23       -1.5854
  24       -1.5562
  25       -1.5423
  26       -1.5004
  27       -1.4834
  28       -1.4508
  29       -1.4420
  30       -1.4322
  31       -1.3982
  32       -1.3596
  33       -1.3428
  34       -1.3163
  35       -1.3072
  36       -1.2743
  37       -1.2599
  38       -1.2452
  39       -1.2180
  40       -1.1828
  41       -1.1716
  42       -1.1001
  43       -0.9874
  44       -0.9592
  45       -0.9375
  46       -0.8695
  47       -0.8556
  48       -0.8542
  49       -0.8535
  50       -0.7722
  51       -0.7654
  52       -0.7560
  53       -0.7253
  54       -0.7161
  55       -0.6752
  56       -0.6648
  57       -0.6622
  58       -0.6573
  59       -0.6131
  60       -0.5846
  61       -0.4928
  62       -0.4722
  63       -0.4634
  64       -0.4256
  65       -0.3942
  66       -0.3871
  67       -0.3862
  68       -0.3455
  69       -0.3377
  70       -0.3245
  71       -0.3122
  72       -0.2928
  73       -0.2782
  74       -0.2535
  75       -0.2161
  76       -0.2020
  77       -0.1878
  78       -0.1708
  79       -0.1650
  80       -0.1632
  81       -0.1563
  82       -0.1539
  83       -0.1363
  84       -0.1286
  85       -0.1274
  86       -0.0988
  87       -0.0957
  88       -0.0415
  89       -0.0380
  90       -0.0365
  91       -0.0006
  92       -0.0004
  93        0.0269
  94        0.0386
  95        0.0428
  96        0.0744
  97        0.0847
  98        0.0864
  99        0.1488
 100        0.1680
 101        0.1733
 102        0.1997
 103        0.2021
 104        0.2155
 105        0.2877
 106        0.3459
 107        0.3534
 108        0.3641
 109        0.3753
 110        0.3811
 111        0.3854
 112        0.3861
 113        0.4133
 114        0.4234
 115        0.4625
 116        0.4783
 117        0.4799
 118        0.5474
 119        0.6599
 120        0.6760
 121        0.6780
 122        0.7409
 123        0.7425
 124        0.8201
 125        0.8301
 126        0.8453
 127        0.8889
 128        0.9029
 129        0.9373
 130        0.9424
 131        0.9946
 132        1.0273
 133        1.0625
 134        1.0677
 135        1.0743
 136        1.0787
 137        1.0987
 138        1.1173
 139        1.1348
 140        1.1909
 141        1.2071
 142        1.2087
 143        1.2106
 144        1.2383
 145        1.2497
 146        1.2684
 147        1.2762
 148        1.3002
 149        1.3140
 150        1.3253
 151        1.3294
 152        1.3357
 153        1.3417
 154        1.3798
 155        1.3950
 156        1.3960
 157        1.3982
 158        1.3984
 159        1.4097
 160        1.4148
 161        1.4316
 162        1.5303
 163        1.5341
 164        1.5367
 165        1.5532
 166        1.5546
 167        1.5746
 168        1.7504
 169        1.7915
 170        1.8808
 171        2.2179
 172        2.2774
 173        2.3367
 174        2.4859
 175        2.7228
 176        3.1636
 177        3.7102
 178        4.2582
 179        4.3645
 180        4.4084
 181        4.4601
 182        4.7489
 183        4.7603
 184        4.7850
 185        4.9340
 186        5.1921
 187        5.4552
 188        5.7222
 189        5.7628
 190        5.7775
 191        6.2052
 192        6.2567
 193        6.4275
 194        6.5223
 195        6.7159
 196        7.0000
 197        7.0325
 198        7.1350
 199        7.3204
 200        7.4202
 201        7.4347
 202        7.5729
 203        8.0703
 204        8.4273
 205        8.5244
 206        9.1608
 207        9.3126
 208        9.3868
 209        9.4798
 210        9.7850
 211        9.9105
 212       10.1930
 
  0.4375000E+00  0.4375000E+00  0.6250000E-01  0.4687500E-01
   1       -3.5987
   2       -3.3322
   3       -3.3322
   4       -3.0812
   5       -2.2466
   6       -2.2244
   7       -2.2081
   8       -2.2081
   9       -2.0549
  10       -2.0052
  11       -2.0042
  12       -2.0042
  13       -1.6946
  14       -1.6739
  15       -1.6739
  16       -1.6571
  17       -1.6571
  18       -1.6112
  19       -1.6112
  20       -1.6052
  21       -1.6052
  22       -1.5434
  23       -1.5181
  24       -1.5181
  25       -1.5160
  26       -1.5160
  27       -1.4953
  28       -1.4953
  29       -1.4799
  30       -1.4799
  31       -1.4436
  32       -1.4436
  33       -1.4002
  34       -1.4002
  35       -1.3745
  36       -1.3745
  37       -1.3400
  38       -1.3400
  39       -1.2927
  40       -1.2657
  41       -1.2657
  42       -1.1376
  43       -1.1376
  44       -0.9908
  45       -0.8906
  46       -0.8906
  47       -0.8100
  48       -0.8100
  49       -0.8098
  50       -0.8098
  51       -0.7392
  52       -0.7392
  53       -0.7038
  54       -0.6780
  55       -0.6780
  56       -0.6459
  57       -0.6156
  58       -0.5779
  59       -0.4556
  60       -0.4556
  61       -0.4525
  62       -0.3808
  63       -0.3808
  64       -0.3806
  65       -0.3723
  66       -0.3697
  67       -0.3697
  68       -0.3234
  69       -0.3183
  70       -0.3183
  71       -0.2150
  72       -0.2150
  73       -0.1609
  74       -0.1573
  75       -0.1545
  76       -0.1508
  77       -0.1508
  78       -0.1403
  79       -0.1356
  80       -0.1356
  81       -0.0847
  82       -0.0807
  83       -0.0740
  84       -0.0740
  85       -0.0698
  86       -0.0698
  87       -0.0344
  88       -0.0344
  89       -0.0319
  90       -0.0170
  91       -0.0064
  92       -0.0048
  93       -0.0048
  94        0.0123
  95        0.0123
  96        0.0195
  97        0.0195
  98        0.0793
  99        0.0793
 100        0.0924
 101        0.0924
 102        0.0935
 103        0.1001
 104        0.1950
 105        0.1950
 106        0.2180
 107        0.2180
 108        0.2364
 109        0.2364
 110        0.2609
 111        0.2609
 112        0.3292
 113        0.3292
 114        0.3514
 115        0.3514
 116        0.3627
 117        0.4005
 118        0.4005
 119        0.4468
 120        0.4952
 121        0.7649
 122        0.7985
 123        0.8632
 124        0.8632
 125        0.8974
 126        0.8974
 127        0.9643
 128        0.9643
 129        0.9784
 130        1.0256
 131        1.0438
 132        1.0438
 133        1.0505
 134        1.0505
 135        1.1571
 136        1.1571
 137        1.1600
 138        1.1600
 139        1.2309
 140        1.2309
 141        1.2315
 142        1.2421
 143        1.2670
 144        1.2670
 145        1.3106
 146        1.3218
 147        1.3218
 148        1.3407
 149        1.3453
 150        1.3830
 151        1.3830
 152        1.3872
 153        1.3872
 154        1.3901
 155        1.3901
 156        1.4015
 157        1.4015
 158        1.4069
 159        1.4069
 160        1.4123
 161        1.4165
 162        1.4165
 163        1.4296
 164        1.4296
 165        1.4805
 166        1.5019
 167        1.5019
 168        1.5170
 169        1.6559
 170        1.9030
 171        1.9030
 172        2.0263
 173        2.8942
 174        2.8942
 175        3.3041
 176        3.3041
 177        3.5779
 178        3.5779
 179        3.9975
 180        3.9975
 181        4.9980
 182        4.9980
 183        5.2830
 184        5.2830
 185        5.4564
 186        5.4564
 187        5.6752
 188        5.6752
 189        5.7984
 190        5.7984
 191        6.1793
 192        6.1793
 193        6.1891
 194        6.4628
 195        6.4628
 196        6.5568
 197        6.5568
 198        6.6442
 199        6.6442
 200        6.6585
 201        7.3394
 202        7.6040
 203        7.6040
 204        7.9846
 205        9.3793
 206        9.8642
 207        9.9537
 208        9.9959
 209       10.0638
 210       10.1383
 211       10.2221
 212       10.5432
 
  0.1875000E+00  0.1875000E+00  0.1875000E+00  0.1562500E-01
   1       -4.2387
   2       -2.8857
   3       -2.8857
   4       -2.8857
   5       -2.3196
   6       -2.1325
   7       -2.1325
   8       -2.1325
   9       -2.0304
  10       -2.0304
  11       -2.0304
  12       -1.9351
  13       -1.9351
  14       -1.9351
  15       -1.9243
  16       -1.9243
  17       -1.9243
  18       -1.7279
  19       -1.7279
  20       -1.7279
  21       -1.4540
  22       -1.4540
  23       -1.4540
  24       -1.4540
  25       -1.4540
  26       -1.4540
  27       -1.3733
  28       -1.3733
  29       -1.3733
  30       -1.3028
  31       -1.3028
  32       -1.3028
  33       -1.2990
  34       -1.2990
  35       -1.2990
  36       -1.2990
  37       -1.2990
  38       -1.2990
  39       -1.0195
  40       -1.0195
  41       -1.0195
  42       -1.0195
  43       -1.0195
  44       -1.0195
  45       -0.9146
  46       -0.9146
  47       -0.9146
  48       -0.6940
  49       -0.6940
  50       -0.6940
  51       -0.6689
  52       -0.6689
  53       -0.6689
  54       -0.6689
  55       -0.6689
  56       -0.6689
  57       -0.6420
  58       -0.6420
  59       -0.6420
  60       -0.5622
  61       -0.5622
  62       -0.5622
  63       -0.5622
  64       -0.5622
  65       -0.5622
  66       -0.5006
  67       -0.5006
  68       -0.5006
  69       -0.4562
  70       -0.3663
  71       -0.3663
  72       -0.3246
  73       -0.3246
  74       -0.2843
  75       -0.2843
  76       -0.2843
  77       -0.2843
  78       -0.2843
  79       -0.2843
  80       -0.2786
  81       -0.2786
  82       -0.2786
  83       -0.2663
  84       -0.2663
  85       -0.2663
  86       -0.2230
  87       -0.2230
  88       -0.2230
  89       -0.0624
  90       -0.0624
  91       -0.0624
  92        0.0547
  93        0.0547
  94        0.0547
  95        0.0767
  96        0.0767
  97        0.0767
  98        0.1355
  99        0.1355
 100        0.1355
 101        0.3116
 102        0.3116
 103        0.3116
 104        0.3474
 105        0.3474
 106        0.3474
 107        0.3474
 108        0.3474
 109        0.3474
 110        0.4941
 111        0.4941
 112        0.4941
 113        0.5685
 114        0.5685
 115        0.5685
 116        0.6183
 117        0.6183
 118        0.6183
 119        0.6277
 120        0.6277
 121        0.7102
 122        0.7102
 123        0.7102
 124        0.7102
 125        0.7102
 126        0.7102
 127        0.8889
 128        0.8889
 129        0.8889
 130        0.9658
 131        0.9658
 132        0.9658
 133        0.9870
 134        0.9870
 135        0.9870
 136        0.9870
 137        0.9870
 138        0.9870
 139        1.0752
 140        1.0752
 141        1.0752
 142        1.2673
 143        1.2673
 144        1.2673
 145        1.2839
 146        1.2839
 147        1.2839
 148        1.2911
 149        1.2911
 150        1.2911
 151        1.3015
 152        1.3015
 153        1.3015
 154        1.3457
 155        1.3457
 156        1.4958
 157        1.4958
 158        1.4958
 159        1.5847
 160        1.5847
 161        1.5847
 162        1.5847
 163        1.5847
 164        1.5847
 165        1.6364
 166        1.6364
 167        1.6364
 168        1.6883
 169        1.8744
 170        1.8744
 171        1.8744
 172        3.0114
 173        3.0114
 174        3.0114
 175        3.0114
 176        3.0114
 177        3.0114
 178        3.6774
 179        3.6774
 180        3.6774
 181        4.3311
 182        4.3311
 183        4.3311
 184        4.6296
 185        4.6296
 186        4.6296
 187        5.9411
 188        5.9411
 189        5.9411
 190        6.3536
 191        6.3536
 192        6.3536
 193        6.3536
 194        6.3536
 195        6.3536
 196        7.6343
 197        8.2168
 198        8.2168
 199        8.2168
 200        8.2168
 201        8.2171
 202        8.2196
 203        8.4490
 204        8.4494
 205        8.4514
 206        8.5671
 207        8.5692
 208        8.5836
 209        9.9249
 210        9.9313
 211       10.0436
 212       10.2469
 
  0.3125000E+00  0.1875000E+00  0.1875000E+00  0.4687500E-01
   1       -4.0920
   2       -3.2597
   3       -2.7823
   4       -2.7823
   5       -2.3153
   6       -2.2455
   7       -2.2455
   8       -2.1240
   9       -2.0611
  10       -2.0611
  11       -2.0083
  12       -1.8947
  13       -1.8624
  14       -1.8624
  15       -1.8507
  16       -1.8507
  17       -1.8186
  18       -1.6808
  19       -1.6466
  20       -1.6466
  21       -1.6420
  22       -1.6420
  23       -1.5387
  24       -1.5387
  25       -1.5217
  26       -1.4639
  27       -1.4639
  28       -1.4194
  29       -1.3679
  30       -1.3679
  31       -1.3194
  32       -1.3194
  33       -1.3174
  34       -1.3174
  35       -1.2560
  36       -1.2560
  37       -1.2260
  38       -1.2260
  39       -1.1908
  40       -1.1908
  41       -1.0006
  42       -1.0006
  43       -0.9628
  44       -0.9628
  45       -0.8712
  46       -0.8712
  47       -0.7878
  48       -0.7659
  49       -0.7659
  50       -0.7655
  51       -0.7655
  52       -0.7293
  53       -0.7293
  54       -0.7099
  55       -0.6817
  56       -0.6817
  57       -0.6290
  58       -0.6290
  59       -0.5971
  60       -0.5971
  61       -0.5833
  62       -0.5833
  63       -0.5641
  64       -0.5274
  65       -0.5274
  66       -0.4976
  67       -0.4526
  68       -0.3808
  69       -0.3808
  70       -0.3491
  71       -0.3362
  72       -0.2956
  73       -0.2956
  74       -0.2836
  75       -0.2770
  76       -0.2679
  77       -0.2679
  78       -0.2484
  79       -0.2484
  80       -0.2266
  81       -0.2266
  82       -0.2115
  83       -0.2115
  84       -0.1935
  85       -0.1721
  86       -0.1334
  87       -0.1334
  88       -0.1003
  89       -0.1003
  90       -0.0781
  91       -0.0607
  92        0.0017
  93        0.0053
  94        0.0182
  95        0.0182
  96        0.0528
  97        0.0528
  98        0.1034
  99        0.1034
 100        0.1791
 101        0.1950
 102        0.1950
 103        0.3321
 104        0.4010
 105        0.4010
 106        0.4052
 107        0.4079
 108        0.4079
 109        0.4842
 110        0.4842
 111        0.5387
 112        0.5387
 113        0.5497
 114        0.5497
 115        0.5712
 116        0.5792
 117        0.5792
 118        0.6469
 119        0.6469
 120        0.6648
 121        0.6648
 122        0.6655
 123        0.6839
 124        0.7124
 125        0.7124
 126        0.7452
 127        0.7888
 128        0.8499
 129        0.8499
 130        0.8733
 131        1.0103
 132        1.0119
 133        1.0119
 134        1.0229
 135        1.0229
 136        1.0346
 137        1.0346
 138        1.1319
 139        1.1427
 140        1.1427
 141        1.1558
 142        1.1558
 143        1.1737
 144        1.1737
 145        1.1947
 146        1.2170
 147        1.2267
 148        1.2299
 149        1.2299
 150        1.2348
 151        1.2348
 152        1.3638
 153        1.4686
 154        1.4834
 155        1.4834
 156        1.5002
 157        1.5002
 158        1.5025
 159        1.5025
 160        1.5890
 161        1.5890
 162        1.5901
 163        1.5918
 164        1.5971
 165        1.5971
 166        1.6022
 167        1.6022
 168        1.6225
 169        1.6225
 170        1.7305
 171        1.8316
 172        2.6359
 173        2.6359
 174        3.0636
 175        3.0636
 176        3.4623
 177        3.4623
 178        3.5553
 179        3.5553
 180        3.7881
 181        4.4114
 182        4.4674
 183        4.8651
 184        4.8651
 185        4.9579
 186        4.9579
 187        5.5855
 188        5.6457
 189        5.6457
 190        6.1017
 191        6.1017
 192        6.2875
 193        6.2875
 194        6.5427
 195        6.5427
 196        7.4348
 197        7.7673
 198        7.7673
 199        8.0774
 200        8.0778
 201        8.2170
 202        8.2181
 203        8.3417
 204        8.3711
 205        8.3742
 206        8.4802
 207        8.4836
 208        8.9899
 209        9.0367
 210        9.4249
 211        9.6318
 212       10.5110
 
  0.4375000E+00  0.1875000E+00  0.1875000E+00  0.4687500E-01
   1       -3.8757
   2       -3.5951
   3       -2.6346
   4       -2.6346
   5       -2.4516
   6       -2.4516
   7       -2.2784
   8       -2.2122
   9       -1.9550
  10       -1.9550
  11       -1.8590
  12       -1.8464
  13       -1.8159
  14       -1.8159
  15       -1.8095
  16       -1.7568
  17       -1.7568
  18       -1.7527
  19       -1.7527
  20       -1.6923
  21       -1.6436
  22       -1.6436
  23       -1.6220
  24       -1.6220
  25       -1.6118
  26       -1.5235
  27       -1.5176
  28       -1.5176
  29       -1.3627
  30       -1.3627
  31       -1.3566
  32       -1.3566
  33       -1.3385
  34       -1.3385
  35       -1.2378
  36       -1.2378
  37       -1.2222
  38       -1.2222
  39       -1.1088
  40       -1.1088
  41       -0.9595
  42       -0.9595
  43       -0.9526
  44       -0.9526
  45       -0.8853
  46       -0.8853
  47       -0.8788
  48       -0.8788
  49       -0.8112
  50       -0.8112
  51       -0.8004
  52       -0.8004
  53       -0.7433
  54       -0.7433
  55       -0.6805
  56       -0.6717
  57       -0.6273
  58       -0.5955
  59       -0.5955
  60       -0.5725
  61       -0.5626
  62       -0.5626
  63       -0.5605
  64       -0.5605
  65       -0.4835
  66       -0.4835
  67       -0.4539
  68       -0.4539
  69       -0.3672
  70       -0.3473
  71       -0.2873
  72       -0.2873
  73       -0.2769
  74       -0.2508
  75       -0.2508
  76       -0.2371
  77       -0.2371
  78       -0.2331
  79       -0.2331
  80       -0.2108
  81       -0.2062
  82       -0.1950
  83       -0.1950
  84       -0.1900
  85       -0.1239
  86       -0.1210
  87       -0.1210
  88       -0.1129
  89       -0.0851
  90       -0.0679
  91       -0.0679
  92        0.0419
  93        0.0660
  94        0.0660
  95        0.0824
  96        0.0824
  97        0.1125
  98        0.1273
  99        0.1273
 100        0.2379
 101        0.3479
 102        0.3479
 103        0.3646
 104        0.3646
 105        0.4260
 106        0.4594
 107        0.4594
 108        0.4658
 109        0.4972
 110        0.5018
 111        0.5018
 112        0.5037
 113        0.5037
 114        0.5283
 115        0.5620
 116        0.5620
 117        0.5928
 118        0.5928
 119        0.5938
 120        0.5938
 121        0.6016
 122        0.6016
 123        0.6337
 124        0.6800
 125        0.6800
 126        0.6867
 127        0.6867
 128        0.7204
 129        0.7906
 130        0.9113
 131        0.9192
 132        0.9516
 133        1.0004
 134        1.0004
 135        1.0822
 136        1.0976
 137        1.1009
 138        1.1009
 139        1.1337
 140        1.1337
 141        1.1614
 142        1.1614
 143        1.1700
 144        1.1700
 145        1.2783
 146        1.2783
 147        1.2840
 148        1.2840
 149        1.3058
 150        1.3058
 151        1.3103
 152        1.3628
 153        1.3628
 154        1.3956
 155        1.3956
 156        1.3976
 157        1.3976
 158        1.4048
 159        1.4191
 160        1.4191
 161        1.4522
 162        1.5292
 163        1.5964
 164        1.5964
 165        1.6077
 166        1.6077
 167        1.6835
 168        1.7675
 169        1.9298
 170        1.9298
 171        2.2765
 172        2.2765
 173        2.2950
 174        2.9898
 175        3.1509
 176        3.1509
 177        3.2821
 178        3.2821
 179        4.1901
 180        4.1901
 181        4.6555
 182        4.7990
 183        4.8986
 184        4.8986
 185        5.3516
 186        5.3516
 187        5.4317
 188        5.4317
 189        5.7061
 190        5.7511
 191        5.7511
 192        5.9609
 193        5.9609
 194        6.4859
 195        7.2761
 196        7.2762
 197        7.6276
 198        7.6277
 199        7.7817
 200        7.7822
 201        8.1003
 202        8.1011
 203        8.2744
 204        8.2789
 205        8.3730
 206        8.3756
 207        8.6406
 208        8.6463
 209        8.9965
 210        9.0781
 211        9.1510
 212       10.8490
 
  0.3125000E+00  0.3125000E+00  0.1875000E+00  0.4687500E-01
   1       -3.9494
   2       -3.1432
   3       -3.1432
   4       -2.7006
   5       -2.5125
   6       -2.3449
   7       -2.2884
   8       -2.2884
   9       -2.0154
  10       -1.9279
  11       -1.9279
  12       -1.8269
  13       -1.8229
  14       -1.8229
  15       -1.8140
  16       -1.7477
  17       -1.7477
  18       -1.6961
  19       -1.6961
  20       -1.5945
  21       -1.5945
  22       -1.5414
  23       -1.5108
  24       -1.5108
  25       -1.4821
  26       -1.4821
  27       -1.4781
  28       -1.4781
  29       -1.4280
  30       -1.4280
  31       -1.4246
  32       -1.4205
  33       -1.4205
  34       -1.3357
  35       -1.3357
  36       -1.3091
  37       -1.3091
  38       -1.1472
  39       -1.1472
  40       -1.1109
  41       -1.0893
  42       -1.0893
  43       -0.9514
  44       -0.9514
  45       -0.8612
  46       -0.8612
  47       -0.7997
  48       -0.7593
  49       -0.7567
  50       -0.7567
  51       -0.7533
  52       -0.7533
  53       -0.7343
  54       -0.7343
  55       -0.6742
  56       -0.6023
  57       -0.6023
  58       -0.6006
  59       -0.6006
  60       -0.5625
  61       -0.5625
  62       -0.5361
  63       -0.5174
  64       -0.4821
  65       -0.4821
  66       -0.4694
  67       -0.4694
  68       -0.3370
  69       -0.3370
  70       -0.3347
  71       -0.3095
  72       -0.3095
  73       -0.3013
  74       -0.2584
  75       -0.2440
  76       -0.2249
  77       -0.2249
  78       -0.1957
  79       -0.1912
  80       -0.1733
  81       -0.1621
  82       -0.1508
  83       -0.1211
  84       -0.1211
  85       -0.1167
  86       -0.1167
  87       -0.1073
  88       -0.1073
  89       -0.0712
  90       -0.0712
  91       -0.0536
  92       -0.0536
  93       -0.0149
  94       -0.0149
  95       -0.0007
  96       -0.0007
  97        0.0053
  98        0.0349
  99        0.1022
 100        0.1022
 101        0.2347
 102        0.2347
 103        0.2711
 104        0.2711
 105        0.3214
 106        0.3214
 107        0.4059
 108        0.4201
 109        0.4704
 110        0.4712
 111        0.4712
 112        0.4775
 113        0.4775
 114        0.4798
 115        0.5588
 116        0.5588
 117        0.5653
 118        0.6257
 119        0.6257
 120        0.6677
 121        0.7043
 122        0.7168
 123        0.7168
 124        0.7170
 125        0.7214
 126        0.7214
 127        0.7819
 128        0.7819
 129        0.8446
 130        0.8446
 131        0.8459
 132        0.8459
 133        0.8516
 134        0.9083
 135        0.9083
 136        1.0276
 137        1.1187
 138        1.1567
 139        1.1567
 140        1.1911
 141        1.1911
 142        1.2214
 143        1.2214
 144        1.2436
 145        1.2682
 146        1.2753
 147        1.2753
 148        1.2781
 149        1.2781
 150        1.3142
 151        1.3647
 152        1.3647
 153        1.3649
 154        1.3683
 155        1.4664
 156        1.4664
 157        1.4826
 158        1.4826
 159        1.5038
 160        1.5127
 161        1.5127
 162        1.5159
 163        1.5159
 164        1.5548
 165        1.5548
 166        1.5865
 167        1.5865
 168        1.5942
 169        1.7233
 170        2.0408
 171        2.0408
 172        2.6819
 173        2.6819
 174        3.1519
 175        3.1608
 176        3.1608
 177        3.6613
 178        3.6613
 179        4.1130
 180        4.1130
 181        4.2612
 182        4.2612
 183        5.0426
 184        5.0426
 185        5.2436
 186        5.2891
 187        5.2891
 188        5.3579
 189        5.7924
 190        5.7924
 191        6.0667
 192        6.0667
 193        6.1992
 194        6.1992
 195        7.0450
 196        7.0451
 197        7.2025
 198        7.5820
 199        7.5821
 200        7.7328
 201        7.7730
 202        7.7731
 203        8.3327
 204        8.4942
 205        8.5072
 206        8.6402
 207        8.6443
 208        9.0980
 209        9.4968
 210        9.5731
 211        9.6861
 212       10.2284
 
  0.4375000E+00  0.3125000E+00  0.1875000E+00  0.9375000E-01
   1       -3.7394
   2       -3.4675
   3       -2.9742
   4       -2.7603
   5       -2.5855
   6       -2.4451
   7       -2.3476
   8       -2.3265
   9       -1.9385
  10       -1.8314
  11       -1.8173
  12       -1.7912
  13       -1.7787
  14       -1.7759
  15       -1.7461
  16       -1.7396
  17       -1.7346
  18       -1.7190
  19       -1.6777
  20       -1.6511
  21       -1.6234
  22       -1.6231
  23       -1.5859
  24       -1.5382
  25       -1.5249
  26       -1.4832
  27       -1.4694
  28       -1.4641
  29       -1.4369
  30       -1.4272
  31       -1.4058
  32       -1.4011
  33       -1.3927
  34       -1.3805
  35       -1.3693
  36       -1.3314
  37       -1.3146
  38       -1.2484
  39       -1.2097
  40       -1.0765
  41       -1.0460
  42       -0.9778
  43       -0.9709
  44       -0.9494
  45       -0.9119
  46       -0.8861
  47       -0.8519
  48       -0.8355
  49       -0.8157
  50       -0.7565
  51       -0.7289
  52       -0.7196
  53       -0.6974
  54       -0.6933
  55       -0.6881
  56       -0.6733
  57       -0.6541
  58       -0.6474
  59       -0.5786
  60       -0.5711
  61       -0.5705
  62       -0.5510
  63       -0.4443
  64       -0.4320
  65       -0.3748
  66       -0.3533
  67       -0.3427
  68       -0.3378
  69       -0.3220
  70       -0.3167
  71       -0.2849
  72       -0.2523
  73       -0.2407
  74       -0.2236
  75       -0.2159
  76       -0.2017
  77       -0.1985
  78       -0.1924
  79       -0.1832
  80       -0.1690
  81       -0.1459
  82       -0.1455
  83       -0.1370
  84       -0.1348
  85       -0.1165
  86       -0.0931
  87       -0.0847
  88       -0.0701
  89       -0.0520
  90       -0.0468
  91       -0.0367
  92       -0.0213
  93       -0.0207
  94       -0.0150
  95       -0.0127
  96       -0.0005
  97        0.0902
  98        0.1203
  99        0.1341
 100        0.1372
 101        0.1807
 102        0.1870
 103        0.2450
 104        0.2796
 105        0.2944
 106        0.2949
 107        0.3035
 108        0.3366
 109        0.3650
 110        0.3866
 111        0.4454
 112        0.4641
 113        0.4693
 114        0.4877
 115        0.5111
 116        0.5138
 117        0.5165
 118        0.5514
 119        0.5812
 120        0.5915
 121        0.6204
 122        0.6249
 123        0.6698
 124        0.6875
 125        0.6952
 126        0.7236
 127        0.7492
 128        0.7734
 129        0.7951
 130        0.8073
 131        0.8819
 132        0.9065
 133        0.9080
 134        0.9752
 135        1.0077
 136        1.0196
 137        1.0336
 138        1.0816
 139        1.0919
 140        1.1231
 141        1.1679
 142        1.2542
 143        1.2946
 144        1.3158
 145        1.3175
 146        1.3184
 147        1.3298
 148        1.3527
 149        1.3545
 150        1.3642
 151        1.3707
 152        1.3740
 153        1.3876
 154        1.3946
 155        1.4167
 156        1.4223
 157        1.4230
 158        1.4242
 159        1.4430
 160        1.4574
 161        1.4613
 162        1.4711
 163        1.4847
 164        1.5336
 165        1.5338
 166        1.5363
 167        1.5621
 168        1.5624
 169        1.9984
 170        2.3268
 171        2.4002
 172        2.6204
 173        2.7707
 174        2.7760
 175        2.9224
 176        3.3188
 177        3.7887
 178        3.8207
 179        4.0286
 180        4.3437
 181        4.4981
 182        4.5059
 183        4.8997
 184        5.0793
 185        5.1149
 186        5.2978
 187        5.5914
 188        5.6121
 189        5.6669
 190        5.8370
 191        5.8922
 192        5.9367
 193        6.0700
 194        6.1632
 195        6.7789
 196        6.7846
 197        6.9353
 198        7.4560
 199        7.4812
 200        7.6013
 201        7.7425
 202        7.9208
 203        7.9460
 204        8.0697
 205        8.1306
 206        8.7610
 207        8.9268
 208        9.0528
 209        9.2200
 210        9.5088
 211        9.8575
 212       10.4371
 
  0.4375000E+00  0.4375000E+00  0.1875000E+00  0.4687500E-01
   1       -3.5392
   2       -3.2809
   3       -3.2809
   4       -3.0418
   5       -2.5157
   6       -2.4284
   7       -2.4284
   8       -2.3971
   9       -1.8977
  10       -1.8330
  11       -1.8330
  12       -1.8196
  13       -1.6826
  14       -1.6747
  15       -1.6747
  16       -1.6745
  17       -1.6745
  18       -1.6413
  19       -1.6413
  20       -1.5987
  21       -1.5987
  22       -1.5481
  23       -1.5481
  24       -1.5456
  25       -1.5456
  26       -1.5456
  27       -1.5388
  28       -1.5388
  29       -1.5196
  30       -1.5196
  31       -1.4403
  32       -1.4403
  33       -1.3985
  34       -1.3985
  35       -1.3092
  36       -1.3092
  37       -1.2655
  38       -1.2420
  39       -1.2420
  40       -1.1486
  41       -1.1486
  42       -1.1123
  43       -1.1123
  44       -0.9711
  45       -0.8530
  46       -0.8530
  47       -0.7891
  48       -0.7891
  49       -0.7842
  50       -0.7842
  51       -0.7584
  52       -0.7279
  53       -0.7279
  54       -0.6529
  55       -0.6432
  56       -0.6432
  57       -0.5989
  58       -0.5989
  59       -0.5919
  60       -0.5525
  61       -0.5349
  62       -0.3684
  63       -0.3684
  64       -0.3513
  65       -0.3397
  66       -0.3397
  67       -0.3101
  68       -0.2400
  69       -0.2295
  70       -0.2295
  71       -0.2077
  72       -0.2077
  73       -0.2027
  74       -0.1840
  75       -0.1840
  76       -0.1688
  77       -0.1687
  78       -0.1482
  79       -0.1446
  80       -0.1446
  81       -0.1347
  82       -0.1347
  83       -0.1346
  84       -0.1346
  85       -0.1252
  86       -0.1058
  87       -0.1058
  88       -0.0847
  89       -0.0722
  90       -0.0238
  91       -0.0238
  92       -0.0119
  93       -0.0074
  94       -0.0074
  95        0.0168
  96        0.0561
  97        0.0561
  98        0.0655
  99        0.0703
 100        0.0703
 101        0.1306
 102        0.1306
 103        0.1663
 104        0.1663
 105        0.2015
 106        0.2015
 107        0.2125
 108        0.2584
 109        0.2584
 110        0.2863
 111        0.2863
 112        0.3034
 113        0.3034
 114        0.4033
 115        0.4033
 116        0.4240
 117        0.4524
 118        0.4688
 119        0.4688
 120        0.4968
 121        0.6824
 122        0.7737
 123        0.7737
 124        0.7771
 125        0.7946
 126        0.7946
 127        0.8332
 128        0.8332
 129        0.8777
 130        0.8777
 131        0.8985
 132        0.8985
 133        0.9031
 134        0.9380
 135        0.9476
 136        0.9476
 137        0.9771
 138        0.9771
 139        1.0039
 140        1.1035
 141        1.1420
 142        1.1857
 143        1.2493
 144        1.2493
 145        1.3715
 146        1.3715
 147        1.3918
 148        1.4145
 149        1.4145
 150        1.4251
 151        1.4251
 152        1.4262
 153        1.4262
 154        1.4303
 155        1.4303
 156        1.4316
 157        1.4316
 158        1.4392
 159        1.4531
 160        1.4531
 161        1.4618
 162        1.4618
 163        1.4622
 164        1.4622
 165        1.4855
 166        1.5033
 167        1.5033
 168        1.5110
 169        2.1698
 170        2.4393
 171        2.4393
 172        2.6383
 173        2.9960
 174        2.9960
 175        3.3895
 176        3.3895
 177        3.7022
 178        3.7022
 179        4.1040
 180        4.1040
 181        4.5655
 182        4.5655
 183        4.8436
 184        4.8436
 185        5.3323
 186        5.3323
 187        5.6236
 188        5.6236
 189        5.8770
 190        6.1024
 191        6.1024
 192        6.1176
 193        6.1176
 194        6.1193
 195        6.3536
 196        6.3536
 197        6.8801
 198        6.8801
 199        7.1784
 200        7.1784
 201        7.3488
 202        7.5384
 203        7.5384
 204        7.8180
 205        8.6851
 206        9.4872
 207        9.4993
 208        9.5271
 209        9.6142
 210        9.9938
 211       10.0802
 212       10.1663
 
  0.3125000E+00  0.3125000E+00  0.3125000E+00  0.1562500E-01
   1       -3.8122
   2       -3.0419
   3       -3.0419
   4       -3.0419
   5       -2.5081
   6       -2.5081
   7       -2.5081
   8       -2.4148
   9       -1.8762
  10       -1.8762
  11       -1.8762
  12       -1.7795
  13       -1.7795
  14       -1.7795
  15       -1.7259
  16       -1.7259
  17       -1.7259
  18       -1.5692
  19       -1.5692
  20       -1.5692
  21       -1.5692
  22       -1.5692
  23       -1.5692
  24       -1.4936
  25       -1.4936
  26       -1.4936
  27       -1.4908
  28       -1.4908
  29       -1.4908
  30       -1.4675
  31       -1.4675
  32       -1.4675
  33       -1.4675
  34       -1.4675
  35       -1.4675
  36       -1.2182
  37       -1.2182
  38       -1.2182
  39       -1.0440
  40       -1.0440
  41       -1.0440
  42       -1.0440
  43       -1.0440
  44       -1.0440
  45       -0.7703
  46       -0.7703
  47       -0.7703
  48       -0.7414
  49       -0.7414
  50       -0.7414
  51       -0.7414
  52       -0.7414
  53       -0.7414
  54       -0.7023
  55       -0.7023
  56       -0.7023
  57       -0.6172
  58       -0.6172
  59       -0.6172
  60       -0.5214
  61       -0.5013
  62       -0.5013
  63       -0.5013
  64       -0.4268
  65       -0.4268
  66       -0.4268
  67       -0.4268
  68       -0.4268
  69       -0.4268
  70       -0.2946
  71       -0.2946
  72       -0.2334
  73       -0.2334
  74       -0.1865
  75       -0.1865
  76       -0.1865
  77       -0.1352
  78       -0.1352
  79       -0.1352
  80       -0.1086
  81       -0.1086
  82       -0.1086
  83       -0.1086
  84       -0.1086
  85       -0.1086
  86       -0.1064
  87       -0.1064
  88       -0.1064
  89       -0.0694
  90       -0.0694
  91       -0.0694
  92       -0.0600
  93       -0.0600
  94       -0.0600
  95       -0.0493
  96       -0.0493
  97       -0.0493
  98       -0.0199
  99       -0.0199
 100       -0.0199
 101        0.2780
 102        0.2780
 103        0.2780
 104        0.3494
 105        0.3494
 106        0.3494
 107        0.3738
 108        0.3738
 109        0.3738
 110        0.3738
 111        0.3738
 112        0.3738
 113        0.5095
 114        0.5714
 115        0.5714
 116        0.5714
 117        0.5735
 118        0.5735
 119        0.5735
 120        0.6220
 121        0.6220
 122        0.6393
 123        0.6393
 124        0.6393
 125        0.6936
 126        0.6936
 127        0.6936
 128        0.7299
 129        0.7299
 130        0.7299
 131        0.7299
 132        0.7299
 133        0.7299
 134        0.9102
 135        0.9102
 136        0.9102
 137        1.0105
 138        1.0105
 139        1.0105
 140        1.1322
 141        1.1322
 142        1.3209
 143        1.3209
 144        1.3209
 145        1.3372
 146        1.3372
 147        1.3372
 148        1.3410
 149        1.3410
 150        1.3410
 151        1.3410
 152        1.3410
 153        1.3410
 154        1.4539
 155        1.4539
 156        1.4539
 157        1.4934
 158        1.4934
 159        1.4934
 160        1.4934
 161        1.4934
 162        1.4934
 163        1.5118
 164        1.5118
 165        1.5118
 166        1.5916
 167        1.5916
 168        1.5916
 169        2.2460
 170        2.2460
 171        2.2460
 172        3.2648
 173        3.2648
 174        3.2648
 175        3.2648
 176        3.2648
 177        3.2648
 178        3.9352
 179        3.9352
 180        3.9352
 181        4.3919
 182        4.3919
 183        4.3919
 184        5.4725
 185        5.4725
 186        5.4725
 187        5.4725
 188        5.4725
 189        5.4725
 190        5.5486
 191        5.5486
 192        5.5486
 193        6.6970
 194        6.6970
 195        6.6970
 196        6.7158
 197        6.7158
 198        6.7158
 199        7.9289
 200        7.9289
 201        7.9289
 202        7.9290
 203        7.9298
 204        7.9307
 205        9.0957
 206        9.0957
 207        9.0962
 208        9.1150
 209        9.1338
 210        9.1520
 211        9.1662
 212       10.9068
 
  0.4375000E+00  0.3125000E+00  0.3125000E+00  0.4687500E-01
   1       -3.6106
   2       -3.3506
   3       -2.8965
   4       -2.8965
   5       -2.7150
   6       -2.7150
   7       -2.4936
   8       -2.4637
   9       -1.7989
  10       -1.7989
  11       -1.7397
  12       -1.7340
  13       -1.7118
  14       -1.7059
  15       -1.7059
  16       -1.6962
  17       -1.6962
  18       -1.6868
  19       -1.6868
  20       -1.6322
  21       -1.6322
  22       -1.6014
  23       -1.6014
  24       -1.6011
  25       -1.5003
  26       -1.5003
  27       -1.4940
  28       -1.4940
  29       -1.4921
  30       -1.4921
  31       -1.4652
  32       -1.4652
  33       -1.4166
  34       -1.3528
  35       -1.3528
  36       -1.3231
  37       -1.1954
  38       -1.1954
  39       -1.0607
  40       -1.0607
  41       -0.9708
  42       -0.9708
  43       -0.9340
  44       -0.9340
  45       -0.8831
  46       -0.8831
  47       -0.8684
  48       -0.8684
  49       -0.8351
  50       -0.8351
  51       -0.7469
  52       -0.6916
  53       -0.6800
  54       -0.6800
  55       -0.6424
  56       -0.6424
  57       -0.6295
  58       -0.6295
  59       -0.6172
  60       -0.5545
  61       -0.5545
  62       -0.5537
  63       -0.3445
  64       -0.3445
  65       -0.3429
  66       -0.3429
  67       -0.3118
  68       -0.2737
  69       -0.2591
  70       -0.2318
  71       -0.2318
  72       -0.2136
  73       -0.2136
  74       -0.1975
  75       -0.1957
  76       -0.1933
  77       -0.1838
  78       -0.1838
  79       -0.1807
  80       -0.1807
  81       -0.1650
  82       -0.1650
  83       -0.1508
  84       -0.1359
  85       -0.1219
  86       -0.1055
  87       -0.1055
  88       -0.0952
  89       -0.0952
  90       -0.0890
  91       -0.0890
  92       -0.0835
  93       -0.0835
  94        0.0030
  95        0.0030
  96        0.0386
  97        0.0723
  98        0.0941
  99        0.0941
 100        0.1551
 101        0.1554
 102        0.1557
 103        0.1557
 104        0.2079
 105        0.2079
 106        0.2082
 107        0.2242
 108        0.4248
 109        0.4248
 110        0.4384
 111        0.4384
 112        0.4591
 113        0.4591
 114        0.4760
 115        0.4837
 116        0.4837
 117        0.5133
 118        0.5133
 119        0.5363
 120        0.5687
 121        0.5924
 122        0.5924
 123        0.6269
 124        0.6269
 125        0.6277
 126        0.6277
 127        0.6374
 128        0.6374
 129        0.7018
 130        0.7256
 131        0.7997
 132        0.8108
 133        0.8313
 134        0.8313
 135        0.8751
 136        0.9188
 137        0.9188
 138        0.9764
 139        0.9764
 140        0.9775
 141        1.1247
 142        1.1247
 143        1.1776
 144        1.2540
 145        1.4018
 146        1.4018
 147        1.4065
 148        1.4065
 149        1.4190
 150        1.4190
 151        1.4224
 152        1.4490
 153        1.4490
 154        1.4534
 155        1.4534
 156        1.4556
 157        1.4556
 158        1.4655
 159        1.4655
 160        1.4834
 161        1.5053
 162        1.5053
 163        1.5231
 164        1.5300
 165        1.5300
 166        1.5674
 167        1.5674
 168        1.5692
 169        2.5448
 170        2.5448
 171        2.8697
 172        2.8913
 173        2.8913
 174        3.4282
 175        3.4282
 176        3.5899
 177        3.6529
 178        3.6529
 179        3.9425
 180        3.9425
 181        4.6912
 182        4.6912
 183        4.7377
 184        4.7377
 185        4.7798
 186        5.1089
 187        5.1089
 188        5.6071
 189        5.6991
 190        5.6991
 191        5.8371
 192        5.8371
 193        5.9756
 194        6.2606
 195        6.7078
 196        6.7078
 197        7.2281
 198        7.2281
 199        7.4267
 200        7.4267
 201        8.2272
 202        8.2276
 203        8.2328
 204        8.2337
 205        8.3367
 206        8.3371
 207        8.6246
 208        8.6259
 209        8.7634
 210        8.7678
 211        9.7978
 212        9.9602
 
  0.4375000E+00  0.4375000E+00  0.3125000E+00  0.4687500E-01
   1       -3.4222
   2       -3.1807
   3       -3.1807
   4       -2.9652
   5       -2.7860
   6       -2.6492
   7       -2.6492
   8       -2.5648
   9       -1.7628
  10       -1.7077
  11       -1.7077
  12       -1.7059
  13       -1.6756
  14       -1.6756
  15       -1.6719
  16       -1.6719
  17       -1.6642
  18       -1.6603
  19       -1.6603
  20       -1.5924
  21       -1.5924
  22       -1.5918
  23       -1.5918
  24       -1.5856
  25       -1.5856
  26       -1.5830
  27       -1.5830
  28       -1.5694
  29       -1.5694
  30       -1.5578
  31       -1.5245
  32       -1.5245
  33       -1.2741
  34       -1.2741
  35       -1.2104
  36       -1.1738
  37       -1.1738
  38       -1.1146
  39       -1.1146
  40       -1.0602
  41       -1.0602
  42       -1.0081
  43       -1.0081
  44       -0.9291
  45       -0.8912
  46       -0.8723
  47       -0.8723
  48       -0.7943
  49       -0.7943
  50       -0.7851
  51       -0.7851
  52       -0.7425
  53       -0.7425
  54       -0.7275
  55       -0.7275
  56       -0.6638
  57       -0.5770
  58       -0.5770
  59       -0.5522
  60       -0.5508
  61       -0.5023
  62       -0.3669
  63       -0.3669
  64       -0.2700
  65       -0.2700
  66       -0.2604
  67       -0.2371
  68       -0.2242
  69       -0.1986
  70       -0.1986
  71       -0.1943
  72       -0.1943
  73       -0.1920
  74       -0.1920
  75       -0.1883
  76       -0.1819
  77       -0.1801
  78       -0.1737
  79       -0.1737
  80       -0.1641
  81       -0.1613
  82       -0.1613
  83       -0.1554
  84       -0.1554
  85       -0.1450
  86       -0.1450
  87       -0.1404
  88       -0.1372
  89       -0.1342
  90       -0.0804
  91       -0.0613
  92       -0.0613
  93       -0.0246
  94       -0.0246
  95       -0.0156
  96       -0.0156
  97        0.0070
  98        0.0185
  99        0.0185
 100        0.0961
 101        0.0961
 102        0.1348
 103        0.1890
 104        0.1890
 105        0.2386
 106        0.2386
 107        0.2594
 108        0.2594
 109        0.2922
 110        0.3223
 111        0.3223
 112        0.3387
 113        0.3387
 114        0.3469
 115        0.4712
 116        0.4712
 117        0.5551
 118        0.5745
 119        0.5745
 120        0.5780
 121        0.5780
 122        0.5852
 123        0.5858
 124        0.6367
 125        0.6367
 126        0.6809
 127        0.6809
 128        0.7154
 129        0.7154
 130        0.7398
 131        0.7554
 132        0.7821
 133        0.7861
 134        0.7861
 135        0.7937
 136        0.7937
 137        0.8456
 138        0.8456
 139        0.9395
 140        0.9645
 141        0.9677
 142        1.0435
 143        1.0699
 144        1.0699
 145        1.4569
 146        1.4642
 147        1.4642
 148        1.4771
 149        1.4771
 150        1.4803
 151        1.4803
 152        1.4817
 153        1.4817
 154        1.4980
 155        1.4980
 156        1.5014
 157        1.5014
 158        1.5028
 159        1.5028
 160        1.5083
 161        1.5150
 162        1.5150
 163        1.5192
 164        1.5192
 165        1.5265
 166        1.5445
 167        1.5558
 168        1.5558
 169        2.7766
 170        3.0776
 171        3.0776
 172        3.1931
 173        3.1931
 174        3.3340
 175        3.5568
 176        3.5568
 177        3.9297
 178        3.9297
 179        4.1651
 180        4.1651
 181        4.3038
 182        4.3038
 183        4.4478
 184        4.4478
 185        4.9492
 186        4.9492
 187        5.0447
 188        5.2644
 189        5.2644
 190        5.3806
 191        5.3806
 192        5.6681
 193        6.6506
 194        6.6506
 195        6.9801
 196        6.9801
 197        7.1048
 198        7.4132
 199        7.4135
 200        7.6976
 201        7.6977
 202        7.7745
 203        7.7752
 204        8.1492
 205        8.2364
 206        8.7720
 207        8.8149
 208        8.9645
 209        9.1697
 210        9.2785
 211        9.3783
 212        9.5902
 
  0.4375000E+00  0.4375000E+00  0.4375000E+00  0.1562500E-01
   1       -3.2523
   2       -3.0366
   3       -3.0366
   4       -3.0366
   5       -2.8561
   6       -2.8561
   7       -2.8561
   8       -2.7203
   9       -1.6595
  10       -1.6595
  11       -1.6595
  12       -1.6568
  13       -1.6568
  14       -1.6568
  15       -1.6502
  16       -1.6502
  17       -1.6502
  18       -1.6320
  19       -1.6320
  20       -1.6320
  21       -1.6320
  22       -1.6320
  23       -1.6320
  24       -1.5984
  25       -1.5984
  26       -1.5984
  27       -1.5984
  28       -1.5984
  29       -1.5984
  30       -1.5923
  31       -1.5923
  32       -1.5923
  33       -1.1273
  34       -1.1273
  35       -1.1273
  36       -1.0187
  37       -1.0187
  38       -1.0187
  39       -0.9800
  40       -0.9800
  41       -0.9800
  42       -0.9800
  43       -0.9800
  44       -0.9800
  45       -0.8724
  46       -0.8724
  47       -0.8724
  48       -0.8724
  49       -0.8724
  50       -0.8724
  51       -0.8622
  52       -0.8622
  53       -0.8622
  54       -0.7714
  55       -0.7714
  56       -0.7714
  57       -0.5088
  58       -0.4895
  59       -0.4895
  60       -0.4895
  61       -0.4068
  62       -0.4068
  63       -0.4068
  64       -0.2349
  65       -0.2191
  66       -0.2191
  67       -0.1890
  68       -0.1890
  69       -0.1890
  70       -0.1880
  71       -0.1880
  72       -0.1880
  73       -0.1859
  74       -0.1859
  75       -0.1809
  76       -0.1809
  77       -0.1809
  78       -0.1735
  79       -0.1735
  80       -0.1735
  81       -0.1631
  82       -0.1631
  83       -0.1631
  84       -0.1631
  85       -0.1631
  86       -0.1631
  87       -0.1093
  88       -0.1093
  89       -0.1093
  90       -0.0682
  91       -0.0682
  92       -0.0682
  93       -0.0575
  94       -0.0575
  95       -0.0575
  96       -0.0336
  97       -0.0336
  98       -0.0336
  99       -0.0336
 100       -0.0336
 101       -0.0336
 102        0.1193
 103        0.1193
 104        0.1193
 105        0.2686
 106        0.2686
 107        0.2686
 108        0.4000
 109        0.4000
 110        0.4000
 111        0.4000
 112        0.4000
 113        0.4000
 114        0.4119
 115        0.4119
 116        0.4119
 117        0.4918
 118        0.4918
 119        0.4918
 120        0.5442
 121        0.5442
 122        0.5442
 123        0.5442
 124        0.5442
 125        0.5442
 126        0.6400
 127        0.6400
 128        0.6400
 129        0.6899
 130        0.6899
 131        0.6899
 132        0.7008
 133        0.7008
 134        0.7354
 135        0.7354
 136        0.7354
 137        0.8310
 138        0.8310
 139        0.8310
 140        0.8910
 141        0.8910
 142        0.9183
 143        0.9183
 144        0.9183
 145        1.5086
 146        1.5086
 147        1.5086
 148        1.5294
 149        1.5294
 150        1.5294
 151        1.5294
 152        1.5294
 153        1.5294
 154        1.5299
 155        1.5299
 156        1.5299
 157        1.5299
 158        1.5299
 159        1.5299
 160        1.5338
 161        1.5338
 162        1.5338
 163        1.5490
 164        1.5490
 165        1.5490
 166        1.5602
 167        1.5602
 168        1.5602
 169        3.4675
 170        3.4675
 171        3.4675
 172        3.7969
 173        3.7969
 174        3.7969
 175        3.7969
 176        3.7969
 177        3.7969
 178        4.0974
 179        4.0974
 180        4.0974
 181        4.2301
 182        4.2301
 183        4.2301
 184        4.5764
 185        4.5764
 186        4.5764
 187        4.5764
 188        4.5764
 189        4.5764
 190        4.9021
 191        4.9021
 192        4.9021
 193        7.3011
 194        7.3012
 195        7.3022
 196        7.6755
 197        7.6773
 198        7.6996
 199        8.0132
 200        8.0132
 201        8.0137
 202        8.0190
 203        8.0331
 204        8.0874
 205        8.4318
 206        8.4318
 207        8.4390
 208        8.4851
 209        8.5673
 210        8.6313
 211        8.8312
 212        8.9963
