   32   32  100    1
  0.1811328E+02  0.8337753E-09  0.8337753E-09  0.8337753E-09  0.5000000E-15
  1.000000000000000E-004
  CAR 
 No title                                
  352    1  212
 
  0.2500000E+00  0.2500000E+00  0.2500000E+00  0.1000000E+01
   1       -3.7260
   2       -2.5265
   3       -2.5265
   4       -2.5265
   5       -1.8427
   6       -1.7414
   7       -1.7414
   8       -1.7414
   9       -1.4488
  10       -1.4488
  11       -1.4488
  12       -1.3056
  13       -1.3056
  14       -1.3056
  15       -1.2153
  16       -1.2153
  17       -1.2153
  18       -1.0034
  19       -1.0034
  20       -1.0034
  21       -0.8527
  22       -0.8527
  23       -0.8527
  24       -0.8527
  25       -0.8527
  26       -0.8527
  27       -0.7481
  28       -0.7481
  29       -0.7481
  30       -0.7040
  31       -0.7040
  32       -0.7040
  33       -0.7040
  34       -0.7040
  35       -0.7040
  36       -0.5705
  37       -0.5705
  38       -0.5705
  39       -0.2991
  40       -0.2991
  41       -0.2991
  42       -0.2991
  43       -0.2991
  44       -0.2991
  45        0.0397
  46        0.0397
  47        0.0397
  48        0.0938
  49        0.0938
  50        0.0938
  51        0.1750
  52        0.1750
  53        0.1750
  54        0.1750
  55        0.1750
  56        0.1750
  57        0.3202
  58        0.3202
  59        0.3202
  60        0.3578
  61        0.3578
  62        0.3578
  63        0.3578
  64        0.3578
  65        0.3578
  66        0.3624
  67        0.3624
  68        0.3624
  69        0.4619
  70        0.6665
  71        0.6665
  72        0.7445
  73        0.7445
  74        0.7793
  75        0.7793
  76        0.7793
  77        0.7968
  78        0.7968
  79        0.7968
  80        0.7968
  81        0.7968
  82        0.7968
  83        0.8534
  84        0.8534
  85        0.8534
  86        0.8630
  87        0.8630
  88        0.8630
  89        0.9536
  90        0.9536
  91        0.9536
  92        1.0505
  93        1.0505
  94        1.0505
  95        1.0643
  96        1.0643
  97        1.0643
  98        1.1347
  99        1.1347
 100        1.1347
 101        1.5073
 102        1.5073
 103        1.5073
 104        1.5459
 105        1.5459
 106        1.5459
 107        1.5459
 108        1.5459
 109        1.5459
 110        1.7243
 111        1.7243
 112        1.7243
 113        1.7676
 114        1.7676
 115        1.7676
 116        1.8668
 117        1.8668
 118        1.8668
 119        1.8702
 120        1.8702
 121        1.8702
 122        1.9085
 123        1.9085
 124        2.0434
 125        2.0434
 126        2.0434
 127        2.0434
 128        2.0434
 129        2.0434
 130        2.1013
 131        2.3138
 132        2.3138
 133        2.3138
 134        2.3273
 135        2.3273
 136        2.3273
 137        2.6088
 138        2.6088
 139        2.6088
 140        2.6088
 141        2.6088
 142        2.6088
 143        2.6223
 144        2.6223
 145        2.6223
 146        2.6785
 147        2.6785
 148        2.6785
 149        2.7206
 150        2.7206
 151        2.8845
 152        2.8845
 153        2.8845
 154        3.0623
 155        3.0623
 156        3.0623
 157        3.0875
 158        3.0875
 159        3.0875
 160        3.0875
 161        3.0875
 162        3.0875
 163        3.1060
 164        3.1060
 165        3.1060
 166        3.1780
 167        3.1780
 168        3.1780
 169        3.2041
 170        3.2041
 171        3.2041
 172        4.8216
 173        4.8216
 174        4.8216
 175        4.8216
 176        4.8216
 177        4.8216
 178        5.3558
 179        5.3558
 180        5.3558
 181        6.1340
 182        6.1340
 183        6.1340
 184        6.8066
 185        6.8066
 186        6.8066
 187        7.9766
 188        7.9766
 189        7.9766
 190        7.9766
 191        7.9766
 192        7.9766
 193        8.4184
 194        8.4184
 195        8.4184
 196        9.6391
 197        9.6391
 198        9.6391
 199       10.0312
 200       10.0312
 201       10.0312
 202       10.0312
 203       10.0312
 204       10.0312
 205       10.9789
 206       11.3538
 207       11.3538
 208       11.3538
 209       11.7643
 210       11.7643
 211       11.7643
 212       11.7643
