  108  108    1    1
  0.1166400E+02  0.1080000E-08  0.1080000E-08  0.1080000E-08  0.5000000E-15
  1.000000000000000E-004
  CAR 
 No title                                
 1188    1  712
 
  0.2500000E+00  0.2500000E+00  0.2500000E+00  0.1000000E+01
   1       -5.2916
   2       -4.6287
   3       -4.6277
   4       -4.6268
   5       -3.9939
   6       -3.9929
   7       -3.9920
   8       -3.4086
   9       -3.3855
  10       -3.3846
  11       -3.3837
  12       -2.8230
  13       -2.8216
  14       -2.8211
  15       -2.8211
  16       -2.8207
  17       -2.8193
  18       -2.3710
  19       -2.3703
  20       -2.3696
  21       -1.9020
  22       -1.9013
  23       -1.9007
  24       -1.8431
  25       -1.8422
  26       -1.8414
  27       -1.6712
  28       -1.6707
  29       -1.6702
  30       -1.4672
  31       -1.4661
  32       -1.4657
  33       -1.4657
  34       -1.4652
  35       -1.4642
  36       -1.4389
  37       -1.2583
  38       -1.2575
  39       -1.2567
  40       -1.1564
  41       -1.1564
  42       -1.1563
  43       -1.0979
  44       -1.0975
  45       -1.0970
  46       -1.0215
  47       -1.0215
  48       -1.0208
  49       -1.0208
  50       -1.0202
  51       -1.0201
  52       -1.0045
  53       -1.0044
  54       -1.0044
  55       -0.8409
  56       -0.8406
  57       -0.8401
  58       -0.8400
  59       -0.8395
  60       -0.8392
  61       -0.7922
  62       -0.7914
  63       -0.7907
  64       -0.7650
  65       -0.7645
  66       -0.7641
  67       -0.7641
  68       -0.7638
  69       -0.7633
  70       -0.7202
  71       -0.7196
  72       -0.7193
  73       -0.7193
  74       -0.7190
  75       -0.7183
  76       -0.6274
  77       -0.6274
  78       -0.6273
  79       -0.5587
  80       -0.5587
  81       -0.5586
  82       -0.5229
  83       -0.5227
  84       -0.5223
  85       -0.5223
  86       -0.5218
  87       -0.5217
  88       -0.5002
  89       -0.4997
  90       -0.4992
  91       -0.4078
  92       -0.4074
  93       -0.4071
  94       -0.3903
  95       -0.3900
  96       -0.3896
  97       -0.3734
  98       -0.3733
  99       -0.3729
 100       -0.3729
 101       -0.3725
 102       -0.3724
 103       -0.3481
 104       -0.3471
 105       -0.3470
 106       -0.3470
 107       -0.3469
 108       -0.3460
 109       -0.3093
 110       -0.3084
 111       -0.3081
 112       -0.3081
 113       -0.3078
 114       -0.3069
 115       -0.2434
 116       -0.2432
 117       -0.2430
 118       -0.2282
 119       -0.2280
 120       -0.2276
 121       -0.2276
 122       -0.2272
 123       -0.2269
 124       -0.1954
 125       -0.1952
 126       -0.1948
 127       -0.1947
 128       -0.1943
 129       -0.1940
 130       -0.0932
 131       -0.0928
 132       -0.0923
 133       -0.0737
 134       -0.0729
 135       -0.0728
 136       -0.0728
 137       -0.0728
 138       -0.0720
 139       -0.0557
 140       -0.0555
 141       -0.0553
 142       -0.0155
 143       -0.0154
 144       -0.0150
 145       -0.0150
 146       -0.0146
 147       -0.0145
 148        0.0267
 149        0.0274
 150        0.0277
 151        0.0277
 152        0.0280
 153        0.0286
 154        0.0403
 155        0.0409
 156        0.0411
 157        0.0412
 158        0.0414
 159        0.0420
 160        0.1671
 161        0.1680
 162        0.1681
 163        0.1681
 164        0.1682
 165        0.1691
 166        0.2325
 167        0.2330
 168        0.2334
 169        0.2569
 170        0.2574
 171        0.2577
 172        0.2614
 173        0.2620
 174        0.2622
 175        0.2623
 176        0.2625
 177        0.2631
 178        0.2673
 179        0.2676
 180        0.2681
 181        0.3011
 182        0.3019
 183        0.3021
 184        0.3021
 185        0.3023
 186        0.3031
 187        0.3290
 188        0.3294
 189        0.3298
 190        0.4004
 191        0.4011
 192        0.4015
 193        0.4015
 194        0.4019
 195        0.4025
 196        0.4338
 197        0.4342
 198        0.4346
 199        0.4671
 200        0.4673
 201        0.4677
 202        0.4678
 203        0.4681
 204        0.4684
 205        0.4869
 206        0.4875
 207        0.4880
 208        0.5005
 209        0.5008
 210        0.5011
 211        0.5043
 212        0.5046
 213        0.5050
 214        0.5347
 215        0.5352
 216        0.5353
 217        0.5355
 218        0.5355
 219        0.5357
 220        0.5363
 221        0.5654
 222        0.5656
 223        0.5660
 224        0.5696
 225        0.5697
 226        0.5700
 227        0.5700
 228        0.5703
 229        0.5705
 230        0.5759
 231        0.5760
 232        0.5763
 233        0.5764
 234        0.5767
 235        0.5767
 236        0.6708
 237        0.6709
 238        0.6710
 239        0.7126
 240        0.7130
 241        0.7134
 242        0.7161
 243        0.7162
 244        0.7166
 245        0.7166
 246        0.7169
 247        0.7169
 248        0.7188
 249        0.7193
 250        0.7196
 251        0.7196
 252        0.7199
 253        0.7206
 254        0.7349
 255        0.7419
 256        0.7422
 257        0.7426
 258        0.7867
 259        0.7869
 260        0.7873
 261        0.7904
 262        0.7905
 263        0.8181
 264        0.8182
 265        0.8184
 266        0.8203
 267        0.8208
 268        0.8214
 269        0.8353
 270        0.8353
 271        0.8447
 272        0.8452
 273        0.8453
 274        0.8454
 275        0.8455
 276        0.8455
 277        0.8456
 278        0.8458
 279        0.8464
 280        0.8551
 281        0.8553
 282        0.8554
 283        0.8830
 284        0.8831
 285        0.8833
 286        0.8833
 287        0.8836
 288        0.8837
 289        0.9097
 290        0.9098
 291        0.9098
 292        0.9426
 293        0.9427
 294        0.9431
 295        0.9432
 296        0.9436
 297        0.9436
 298        0.9493
 299        0.9493
 300        0.9621
 301        0.9625
 302        0.9628
 303        0.9644
 304        0.9648
 305        0.9650
 306        0.9655
 307        0.9655
 308        0.9659
 309        0.9688
 310        0.9692
 311        0.9695
 312        0.9875
 313        0.9877
 314        0.9878
 315        1.0182
 316        1.0185
 317        1.0187
 318        1.0233
 319        1.0237
 320        1.0241
 321        1.0381
 322        1.0382
 323        1.0387
 324        1.0387
 325        1.0392
 326        1.0393
 327        1.0513
 328        1.0513
 329        1.0520
 330        1.0523
 331        1.0527
 332        1.0533
 333        1.0699
 334        1.0702
 335        1.0704
 336        1.1636
 337        1.1643
 338        1.1648
 339        1.1676
 340        1.1681
 341        1.1687
 342        1.1859
 343        1.1863
 344        1.1868
 345        1.1868
 346        1.1872
 347        1.1876
 348        1.2259
 349        1.2264
 350        1.2269
 351        1.2759
 352        1.2760
 353        1.2763
 354        1.2764
 355        1.2766
 356        1.2767
 357        1.3166
 358        1.3167
 359        1.3170
 360        1.3171
 361        1.3175
 362        1.3175
 363        1.3271
 364        1.3273
 365        1.3274
 366        1.3315
 367        1.3316
 368        1.3319
 369        1.3319
 370        1.3321
 371        1.3325
 372        1.4401
 373        1.4402
 374        1.4402
 375        1.4610
 376        1.4612
 377        1.4616
 378        1.4616
 379        1.4617
 380        1.4619
 381        1.4633
 382        1.4637
 383        1.4639
 384        1.4677
 385        1.4678
 386        1.4680
 387        1.4683
 388        1.4688
 389        1.4691
 390        1.5144
 391        1.5147
 392        1.5149
 393        1.5149
 394        1.5151
 395        1.5154
 396        1.5254
 397        1.5258
 398        1.5261
 399        1.5383
 400        1.5385
 401        1.5388
 402        1.5388
 403        1.5390
 404        1.5393
 405        1.5434
 406        1.5436
 407        1.5437
 408        1.5620
 409        1.5626
 410        1.5628
 411        1.5628
 412        1.5630
 413        1.5635
 414        1.5662
 415        1.5663
 416        1.5666
 417        1.6123
 418        1.6123
 419        1.6311
 420        1.6317
 421        1.6322
 422        1.6378
 423        1.6383
 424        1.6384
 425        1.6384
 426        1.6386
 427        1.6390
 428        1.7017
 429        1.7020
 430        1.7023
 431        1.7118
 432        1.7122
 433        1.7127
 434        1.7139
 435        1.7139
 436        1.7679
 437        1.7679
 438        1.7683
 439        1.7683
 440        1.7686
 441        1.7687
 442        1.7871
 443        1.7873
 444        1.7875
 445        1.7972
 446        1.7974
 447        1.7978
 448        1.7978
 449        1.7982
 450        1.7984
 451        1.8565
 452        1.8566
 453        1.8567
 454        1.8791
 455        1.8804
 456        1.8809
 457        1.8813
 458        1.8826
 459        1.8830
 460        1.8835
 461        1.8946
 462        1.8952
 463        1.8953
 464        1.8953
 465        1.8954
 466        1.8960
 467        1.9008
 468        1.9012
 469        1.9018
 470        1.9031
 471        1.9036
 472        1.9040
 473        1.9127
 474        1.9130
 475        1.9132
 476        1.9132
 477        1.9133
 478        1.9136
 479        1.9559
 480        1.9565
 481        1.9570
 482        1.9872
 483        1.9876
 484        1.9880
 485        2.0358
 486        2.0359
 487        2.0363
 488        2.0364
 489        2.0366
 490        2.0368
 491        2.0866
 492        2.0870
 493        2.0871
 494        2.0871
 495        2.0873
 496        2.0874
 497        2.0875
 498        2.0875
 499        2.0876
 500        2.0878
 501        2.0879
 502        2.0881
 503        2.0945
 504        2.0946
 505        2.0948
 506        2.0948
 507        2.0951
 508        2.0952
 509        2.0965
 510        2.0968
 511        2.0969
 512        2.0970
 513        2.0971
 514        2.0975
 515        2.1053
 516        2.1054
 517        2.1055
 518        2.1060
 519        2.1060
 520        2.1061
 521        2.1283
 522        2.1283
 523        2.1543
 524        2.1545
 525        2.1546
 526        2.1546
 527        2.1547
 528        2.1550
 529        2.1670
 530        2.1672
 531        2.1673
 532        2.1674
 533        2.1675
 534        2.1676
 535        2.1761
 536        2.1763
 537        2.1764
 538        2.1856
 539        2.1857
 540        2.1858
 541        2.2010
 542        2.2010
 543        2.2011
 544        2.2096
 545        2.2096
 546        2.2097
 547        2.2451
 548        2.2451
 549        2.2452
 550        2.2810
 551        2.2811
 552        2.2812
 553        2.2812
 554        2.2813
 555        2.2814
 556        2.2880
 557        2.2882
 558        2.2883
 559        2.2883
 560        2.2883
 561        2.2884
 562        2.3076
 563        2.3076
 564        2.3077
 565        2.4466
 566        2.4470
 567        2.4474
 568        2.6262
 569        2.6264
 570        2.6266
 571        2.6780
 572        2.6785
 573        2.6787
 574        2.6787
 575        2.6789
 576        2.6794
 577        2.8688
 578        2.8692
 579        2.8695
 580        3.1671
 581        3.1676
 582        3.1681
 583        3.5846
 584        3.5847
 585        3.5849
 586        3.6121
 587        3.6122
 588        3.6128
 589        3.6128
 590        3.6134
 591        3.6135
 592        3.6198
 593        3.6199
 594        3.6203
 595        3.6204
 596        3.6209
 597        3.6210
 598        4.1979
 599        4.1981
 600        4.1986
 601        4.1986
 602        4.1992
 603        4.1994
 604        4.8329
 605        4.8330
 606        4.8331
 607        4.8854
 608        4.8861
 609        4.8867
 610        5.0789
 611        5.0794
 612        5.0799
 613        5.3050
 614        5.3051
 615        5.3053
 616        5.5678
 617        5.5689
 618        5.5690
 619        5.5690
 620        5.5691
 621        5.5702
 622        5.7657
 623        5.7663
 624        5.7669
 625        5.7669
 626        5.7675
 627        5.7681
 628        6.5409
 629        6.5412
 630        6.5419
 631        6.5419
 632        6.5425
 633        6.5429
 634        7.2977
 635        7.2979
 636        7.2991
 637        7.2991
 638        7.3002
 639        7.3005
 640        7.4769
 641        7.4775
 642        7.4782
 643        8.0022
 644        8.0024
 645        8.0025
 646        8.2775
 647        8.2778
 648        8.2779
 649        8.2811
 650        8.2812
 651        8.2820
 652        8.2820
 653        8.2828
 654        8.2829
 655        8.5991
 656        8.5993
 657        8.6000
 658        8.6000
 659        8.6006
 660        8.6008
 661        9.2701
 662        9.2705
 663        9.2712
 664        9.2712
 665        9.2719
 666        9.2723
 667        9.3486
 668        9.7712
 669        9.7713
 670        9.7719
 671        9.7719
 672        9.7724
 673        9.7725
 674        9.8812
 675        9.8815
 676        9.8818
 677       10.4158
 678       10.4164
 679       10.4169
 680       10.4169
 681       10.4174
 682       10.4179
 683       10.6742
 684       10.6747
 685       10.6752
 686       10.6921
 687       10.6924
 688       10.6927
 689       11.2065
 690       11.2071
 691       11.2074
 692       11.2074
 693       11.2077
 694       11.2082
 695       11.6062
 696       11.6066
 697       11.6070
 698       11.8815
 699       11.8817
 700       11.8819
 701       12.0881
 702       12.0885
 703       12.0889
 704       12.2124
 705       12.2132
 706       12.2135
 707       12.2135
 708       12.2139
 709       12.2146
 710       12.6174
 711       12.6179
 712       12.6182
