        4  number of thermod.function
       71  number of points of thermod.function
   Total    
         0.0010        0.3106912E+02
         1.0000        0.3106912E+02
         2.0000        0.3106912E+02
         3.0000        0.3106911E+02
         4.0000        0.3106910E+02
         5.0000        0.3106908E+02
        10.0000        0.3106838E+02
        15.0000        0.3106590E+02
        20.0000        0.3106004E+02
        30.0000        0.3102708E+02
        40.0000        0.3093776E+02
        50.0000        0.3075498E+02
        60.0000        0.3044780E+02
        70.0000        0.2999499E+02
        80.0000        0.2938424E+02
        90.0000        0.2860986E+02
       100.0000        0.2767074E+02
       125.0000        0.2461851E+02
       150.0000        0.2061727E+02
       175.0000        0.1575037E+02
       200.0000        0.1009860E+02
       225.0000        0.3734065E+01
       250.0000       -0.3280587E+01
       273.0000       -0.1026168E+02
       275.0000       -0.1089134E+02
       298.0000       -0.1837951E+02
       300.0000       -0.1905156E+02
       350.0000       -0.3686386E+02
       400.0000       -0.5645119E+02
       450.0000       -0.7760616E+02
       500.0000       -0.1001635E+03
       550.0000       -0.1239886E+03
       600.0000       -0.1489703E+03
       650.0000       -0.1750148E+03
       700.0000       -0.2020423E+03
       750.0000       -0.2299839E+03
       800.0000       -0.2587801E+03
       850.0000       -0.2883780E+03
       900.0000       -0.3187312E+03
       950.0000       -0.3497983E+03
      1000.0000       -0.3815420E+03
      1050.0000       -0.4139289E+03
      1100.0000       -0.4469286E+03
      1150.0000       -0.4805136E+03
      1200.0000       -0.5146586E+03
      1250.0000       -0.5493401E+03
      1300.0000       -0.5845374E+03
      1350.0000       -0.6202303E+03
      1400.0000       -0.6564007E+03
      1450.0000       -0.6930315E+03
      1500.0000       -0.7301071E+03
      1550.0000       -0.7676127E+03
      1600.0000       -0.8055342E+03
      1650.0000       -0.8438591E+03
      1700.0000       -0.8825750E+03
      1750.0000       -0.9216703E+03
      1800.0000       -0.9611343E+03
      1850.0000       -0.1000957E+04
      1900.0000       -0.1041128E+04
      1950.0000       -0.1081640E+04
      2000.0000       -0.1122482E+04
      2100.0000       -0.1205127E+04
      2200.0000       -0.1289002E+04
      2300.0000       -0.1374051E+04
      2400.0000       -0.1460223E+04
      2500.0000       -0.1547472E+04
      2600.0000       -0.1635754E+04
      2700.0000       -0.1725030E+04
      2800.0000       -0.1815263E+04
      2900.0000       -0.1906420E+04
      3000.0000       -0.1998466E+04
       71  number of points of thermod.function
   1Cu__:X/D
         0.0010        0.1033947E+02
         1.0000        0.1033947E+02
         2.0000        0.1033947E+02
         3.0000        0.1033947E+02
         4.0000        0.1033946E+02
         5.0000        0.1033945E+02
        10.0000        0.1033921E+02
        15.0000        0.1033837E+02
        20.0000        0.1033643E+02
        30.0000        0.1032557E+02
        40.0000        0.1029601E+02
        50.0000        0.1023534E+02
        60.0000        0.1013315E+02
        70.0000        0.9982353E+01
        80.0000        0.9778814E+01
        90.0000        0.9520638E+01
       100.0000        0.9207464E+01
       125.0000        0.8189402E+01
       150.0000        0.6854666E+01
       175.0000        0.5231143E+01
       200.0000        0.3345831E+01
       225.0000        0.1222815E+01
       250.0000       -0.1116995E+01
       273.0000       -0.3445549E+01
       275.0000       -0.3655570E+01
       298.0000       -0.6153196E+01
       300.0000       -0.6377350E+01
       350.0000       -0.1231831E+02
       400.0000       -0.1885105E+02
       450.0000       -0.2590641E+02
       500.0000       -0.3342926E+02
       550.0000       -0.4137477E+02
       600.0000       -0.4970580E+02
       650.0000       -0.5839113E+02
       700.0000       -0.6740415E+02
       750.0000       -0.7672192E+02
       800.0000       -0.8632452E+02
       850.0000       -0.9619437E+02
       900.0000       -0.1063160E+03
       950.0000       -0.1166756E+03
      1000.0000       -0.1272607E+03
      1050.0000       -0.1380603E+03
      1100.0000       -0.1490641E+03
      1150.0000       -0.1602630E+03
      1200.0000       -0.1716486E+03
      1250.0000       -0.1832131E+03
      1300.0000       -0.1949494E+03
      1350.0000       -0.2068510E+03
      1400.0000       -0.2189117E+03
      1450.0000       -0.2311259E+03
      1500.0000       -0.2434883E+03
      1550.0000       -0.2559941E+03
      1600.0000       -0.2686386E+03
      1650.0000       -0.2814175E+03
      1700.0000       -0.2943267E+03
      1750.0000       -0.3073624E+03
      1800.0000       -0.3205211E+03
      1850.0000       -0.3337992E+03
      1900.0000       -0.3471937E+03
      1950.0000       -0.3607013E+03
      2000.0000       -0.3743193E+03
      2100.0000       -0.4018756E+03
      2200.0000       -0.4298416E+03
      2300.0000       -0.4581992E+03
      2400.0000       -0.4869313E+03
      2500.0000       -0.5160222E+03
      2600.0000       -0.5454574E+03
      2700.0000       -0.5752240E+03
      2800.0000       -0.6053097E+03
      2900.0000       -0.6357029E+03
      3000.0000       -0.6663931E+03
       71  number of points of thermod.function
   1Cu__:Y/D
         0.0010        0.1036997E+02
         1.0000        0.1036997E+02
         2.0000        0.1036997E+02
         3.0000        0.1036997E+02
         4.0000        0.1036997E+02
         5.0000        0.1036996E+02
        10.0000        0.1036973E+02
        15.0000        0.1036890E+02
        20.0000        0.1036691E+02
        30.0000        0.1035577E+02
        40.0000        0.1032576E+02
        50.0000        0.1026459E+02
        60.0000        0.1016200E+02
        70.0000        0.1001094E+02
        80.0000        0.9807306E+01
        90.0000        0.9549208E+01
       100.0000        0.9236267E+01
       125.0000        0.8219358E+01
       150.0000        0.6886382E+01
       175.0000        0.5265039E+01
       200.0000        0.3382205E+01
       225.0000        0.1261875E+01
       250.0000       -0.1075092E+01
       273.0000       -0.3400927E+01
       275.0000       -0.3610708E+01
       298.0000       -0.6105530E+01
       300.0000       -0.6329438E+01
       350.0000       -0.1226410E+02
       400.0000       -0.1879036E+02
       450.0000       -0.2583911E+02
       500.0000       -0.3335526E+02
       550.0000       -0.4129401E+02
       600.0000       -0.4961824E+02
       650.0000       -0.5829671E+02
       700.0000       -0.6730286E+02
       750.0000       -0.7661372E+02
       800.0000       -0.8620937E+02
       850.0000       -0.9607230E+02
       900.0000       -0.1061870E+03
       950.0000       -0.1165396E+03
      1000.0000       -0.1271177E+03
      1050.0000       -0.1379103E+03
      1100.0000       -0.1489072E+03
      1150.0000       -0.1600991E+03
      1200.0000       -0.1714776E+03
      1250.0000       -0.1830351E+03
      1300.0000       -0.1947644E+03
      1350.0000       -0.2066589E+03
      1400.0000       -0.2187127E+03
      1450.0000       -0.2309198E+03
      1500.0000       -0.2432753E+03
      1550.0000       -0.2557740E+03
      1600.0000       -0.2684115E+03
      1650.0000       -0.2811833E+03
      1700.0000       -0.2940855E+03
      1750.0000       -0.3071142E+03
      1800.0000       -0.3202658E+03
      1850.0000       -0.3335369E+03
      1900.0000       -0.3469243E+03
      1950.0000       -0.3604250E+03
      2000.0000       -0.3740359E+03
      2100.0000       -0.4015780E+03
      2200.0000       -0.4295301E+03
      2300.0000       -0.4578736E+03
      2400.0000       -0.4865915E+03
      2500.0000       -0.5156683E+03
      2600.0000       -0.5450895E+03
      2700.0000       -0.5748420E+03
      2800.0000       -0.6049135E+03
      2900.0000       -0.6352927E+03
      3000.0000       -0.6659687E+03
       71  number of points of thermod.function
   1Cu__:Z/D
         0.0010        0.1035968E+02
         1.0000        0.1035968E+02
         2.0000        0.1035968E+02
         3.0000        0.1035968E+02
         4.0000        0.1035967E+02
         5.0000        0.1035966E+02
        10.0000        0.1035944E+02
        15.0000        0.1035862E+02
        20.0000        0.1035670E+02
        30.0000        0.1034575E+02
        40.0000        0.1031599E+02
        50.0000        0.1025505E+02
        60.0000        0.1015264E+02
        70.0000        0.1000170E+02
        80.0000        0.9798120E+01
        90.0000        0.9540013E+01
       100.0000        0.9227009E+01
       125.0000        0.8209749E+01
       150.0000        0.6876221E+01
       175.0000        0.5254187E+01
       200.0000        0.3370563E+01
       225.0000        0.1249378E+01
       250.0000       -0.1088496E+01
       273.0000       -0.3415200E+01
       275.0000       -0.3625057E+01
       298.0000       -0.6120774E+01
       300.0000       -0.6344764E+01
       350.0000       -0.1228144E+02
       400.0000       -0.1880976E+02
       450.0000       -0.2586062E+02
       500.0000       -0.3337892E+02
       550.0000       -0.4131984E+02
       600.0000       -0.4964622E+02
       650.0000       -0.5832688E+02
       700.0000       -0.6733524E+02
       750.0000       -0.7664831E+02
       800.0000       -0.8624617E+02
       850.0000       -0.9611131E+02
       900.0000       -0.1062282E+03
       950.0000       -0.1165830E+03
      1000.0000       -0.1271635E+03
      1050.0000       -0.1379583E+03
      1100.0000       -0.1489573E+03
      1150.0000       -0.1601515E+03
      1200.0000       -0.1715323E+03
      1250.0000       -0.1830920E+03
      1300.0000       -0.1948235E+03
      1350.0000       -0.2067203E+03
      1400.0000       -0.2187763E+03
      1450.0000       -0.2309857E+03
      1500.0000       -0.2433434E+03
      1550.0000       -0.2558444E+03
      1600.0000       -0.2684841E+03
      1650.0000       -0.2812582E+03
      1700.0000       -0.2941627E+03
      1750.0000       -0.3071936E+03
      1800.0000       -0.3203474E+03
      1850.0000       -0.3336208E+03
      1900.0000       -0.3470104E+03
      1950.0000       -0.3605133E+03
      2000.0000       -0.3741265E+03
      2100.0000       -0.4016731E+03
      2200.0000       -0.4296297E+03
      2300.0000       -0.4579778E+03
      2400.0000       -0.4867002E+03
      2500.0000       -0.5157814E+03
      2600.0000       -0.5452070E+03
      2700.0000       -0.5749640E+03
      2800.0000       -0.6050402E+03
      2900.0000       -0.6354238E+03
      3000.0000       -0.6661045E+03
