  108  108  100    1
  0.1166400E+02  0.1080000E-08  0.1080000E-08  0.1080000E-08  0.5000000E-15
  1.000000000000000E-004
  CAR 
 No title                                
 1188    1  712
 
  0.2500000E+00  0.2500000E+00  0.2500000E+00  0.1000000E+01
   1       -5.2916
   2       -4.6277
   3       -4.6277
   4       -4.6277
   5       -3.9929
   6       -3.9929
   7       -3.9929
   8       -3.4085
   9       -3.3846
  10       -3.3846
  11       -3.3846
  12       -2.8211
  13       -2.8211
  14       -2.8211
  15       -2.8211
  16       -2.8211
  17       -2.8211
  18       -2.3703
  19       -2.3703
  20       -2.3703
  21       -1.9013
  22       -1.9013
  23       -1.9013
  24       -1.8422
  25       -1.8422
  26       -1.8422
  27       -1.6707
  28       -1.6707
  29       -1.6707
  30       -1.4657
  31       -1.4657
  32       -1.4657
  33       -1.4657
  34       -1.4657
  35       -1.4657
  36       -1.4389
  37       -1.2575
  38       -1.2575
  39       -1.2575
  40       -1.1564
  41       -1.1564
  42       -1.1564
  43       -1.0975
  44       -1.0975
  45       -1.0975
  46       -1.0208
  47       -1.0208
  48       -1.0208
  49       -1.0208
  50       -1.0208
  51       -1.0208
  52       -1.0045
  53       -1.0045
  54       -1.0045
  55       -0.8400
  56       -0.8400
  57       -0.8400
  58       -0.8400
  59       -0.8400
  60       -0.8400
  61       -0.7915
  62       -0.7915
  63       -0.7915
  64       -0.7641
  65       -0.7641
  66       -0.7641
  67       -0.7641
  68       -0.7641
  69       -0.7641
  70       -0.7193
  71       -0.7193
  72       -0.7193
  73       -0.7193
  74       -0.7193
  75       -0.7193
  76       -0.6274
  77       -0.6274
  78       -0.6274
  79       -0.5587
  80       -0.5587
  81       -0.5587
  82       -0.5223
  83       -0.5223
  84       -0.5223
  85       -0.5223
  86       -0.5223
  87       -0.5223
  88       -0.4997
  89       -0.4997
  90       -0.4997
  91       -0.4074
  92       -0.4074
  93       -0.4074
  94       -0.3900
  95       -0.3900
  96       -0.3900
  97       -0.3729
  98       -0.3729
  99       -0.3729
 100       -0.3729
 101       -0.3729
 102       -0.3729
 103       -0.3470
 104       -0.3470
 105       -0.3470
 106       -0.3470
 107       -0.3470
 108       -0.3470
 109       -0.3081
 110       -0.3081
 111       -0.3081
 112       -0.3081
 113       -0.3081
 114       -0.3081
 115       -0.2432
 116       -0.2432
 117       -0.2432
 118       -0.2276
 119       -0.2276
 120       -0.2276
 121       -0.2276
 122       -0.2276
 123       -0.2276
 124       -0.1948
 125       -0.1948
 126       -0.1948
 127       -0.1948
 128       -0.1948
 129       -0.1948
 130       -0.0928
 131       -0.0928
 132       -0.0928
 133       -0.0729
 134       -0.0729
 135       -0.0729
 136       -0.0729
 137       -0.0729
 138       -0.0729
 139       -0.0555
 140       -0.0555
 141       -0.0555
 142       -0.0150
 143       -0.0150
 144       -0.0150
 145       -0.0150
 146       -0.0150
 147       -0.0150
 148        0.0277
 149        0.0277
 150        0.0277
 151        0.0277
 152        0.0277
 153        0.0277
 154        0.0411
 155        0.0411
 156        0.0411
 157        0.0411
 158        0.0411
 159        0.0411
 160        0.1681
 161        0.1681
 162        0.1681
 163        0.1681
 164        0.1681
 165        0.1681
 166        0.2329
 167        0.2329
 168        0.2330
 169        0.2574
 170        0.2574
 171        0.2574
 172        0.2622
 173        0.2622
 174        0.2622
 175        0.2622
 176        0.2622
 177        0.2622
 178        0.2676
 179        0.2676
 180        0.2676
 181        0.3021
 182        0.3021
 183        0.3021
 184        0.3021
 185        0.3021
 186        0.3021
 187        0.3294
 188        0.3294
 189        0.3294
 190        0.4015
 191        0.4015
 192        0.4015
 193        0.4015
 194        0.4015
 195        0.4015
 196        0.4342
 197        0.4342
 198        0.4342
 199        0.4677
 200        0.4677
 201        0.4677
 202        0.4677
 203        0.4677
 204        0.4677
 205        0.4874
 206        0.4874
 207        0.4874
 208        0.5008
 209        0.5008
 210        0.5008
 211        0.5046
 212        0.5046
 213        0.5046
 214        0.5351
 215        0.5355
 216        0.5355
 217        0.5355
 218        0.5355
 219        0.5355
 220        0.5355
 221        0.5657
 222        0.5657
 223        0.5657
 224        0.5700
 225        0.5700
 226        0.5700
 227        0.5700
 228        0.5700
 229        0.5700
 230        0.5762
 231        0.5762
 232        0.5762
 233        0.5762
 234        0.5762
 235        0.5762
 236        0.6709
 237        0.6709
 238        0.6709
 239        0.7131
 240        0.7131
 241        0.7131
 242        0.7165
 243        0.7165
 244        0.7165
 245        0.7165
 246        0.7165
 247        0.7165
 248        0.7196
 249        0.7196
 250        0.7196
 251        0.7196
 252        0.7196
 253        0.7196
 254        0.7349
 255        0.7422
 256        0.7422
 257        0.7422
 258        0.7869
 259        0.7869
 260        0.7869
 261        0.7904
 262        0.7904
 263        0.8183
 264        0.8183
 265        0.8183
 266        0.8208
 267        0.8208
 268        0.8208
 269        0.8353
 270        0.8353
 271        0.8454
 272        0.8454
 273        0.8454
 274        0.8455
 275        0.8455
 276        0.8455
 277        0.8455
 278        0.8455
 279        0.8455
 280        0.8552
 281        0.8552
 282        0.8552
 283        0.8833
 284        0.8833
 285        0.8833
 286        0.8833
 287        0.8833
 288        0.8833
 289        0.9097
 290        0.9097
 291        0.9097
 292        0.9431
 293        0.9431
 294        0.9431
 295        0.9431
 296        0.9431
 297        0.9431
 298        0.9493
 299        0.9493
 300        0.9625
 301        0.9625
 302        0.9625
 303        0.9648
 304        0.9648
 305        0.9648
 306        0.9654
 307        0.9654
 308        0.9654
 309        0.9691
 310        0.9691
 311        0.9691
 312        0.9876
 313        0.9876
 314        0.9876
 315        1.0184
 316        1.0184
 317        1.0184
 318        1.0237
 319        1.0237
 320        1.0237
 321        1.0387
 322        1.0387
 323        1.0387
 324        1.0387
 325        1.0387
 326        1.0387
 327        1.0517
 328        1.0517
 329        1.0517
 330        1.0526
 331        1.0526
 332        1.0526
 333        1.0701
 334        1.0701
 335        1.0701
 336        1.1643
 337        1.1643
 338        1.1643
 339        1.1681
 340        1.1681
 341        1.1681
 342        1.1867
 343        1.1867
 344        1.1867
 345        1.1867
 346        1.1867
 347        1.1867
 348        1.2263
 349        1.2263
 350        1.2263
 351        1.2763
 352        1.2763
 353        1.2763
 354        1.2763
 355        1.2763
 356        1.2763
 357        1.3171
 358        1.3171
 359        1.3171
 360        1.3171
 361        1.3171
 362        1.3171
 363        1.3273
 364        1.3273
 365        1.3273
 366        1.3319
 367        1.3319
 368        1.3319
 369        1.3319
 370        1.3319
 371        1.3319
 372        1.4402
 373        1.4402
 374        1.4402
 375        1.4615
 376        1.4615
 377        1.4615
 378        1.4615
 379        1.4615
 380        1.4615
 381        1.4635
 382        1.4635
 383        1.4635
 384        1.4678
 385        1.4678
 386        1.4678
 387        1.4686
 388        1.4686
 389        1.4686
 390        1.5149
 391        1.5149
 392        1.5149
 393        1.5149
 394        1.5149
 395        1.5149
 396        1.5258
 397        1.5258
 398        1.5258
 399        1.5387
 400        1.5387
 401        1.5387
 402        1.5387
 403        1.5387
 404        1.5387
 405        1.5435
 406        1.5435
 407        1.5435
 408        1.5627
 409        1.5627
 410        1.5627
 411        1.5627
 412        1.5627
 413        1.5627
 414        1.5663
 415        1.5663
 416        1.5663
 417        1.6123
 418        1.6123
 419        1.6317
 420        1.6317
 421        1.6317
 422        1.6383
 423        1.6383
 424        1.6383
 425        1.6383
 426        1.6383
 427        1.6383
 428        1.7020
 429        1.7020
 430        1.7020
 431        1.7122
 432        1.7122
 433        1.7122
 434        1.7138
 435        1.7138
 436        1.7683
 437        1.7683
 438        1.7683
 439        1.7683
 440        1.7683
 441        1.7683
 442        1.7873
 443        1.7873
 444        1.7873
 445        1.7978
 446        1.7978
 447        1.7978
 448        1.7978
 449        1.7978
 450        1.7978
 451        1.8566
 452        1.8566
 453        1.8566
 454        1.8791
 455        1.8809
 456        1.8809
 457        1.8809
 458        1.8830
 459        1.8830
 460        1.8830
 461        1.8953
 462        1.8953
 463        1.8953
 464        1.8953
 465        1.8953
 466        1.8953
 467        1.9013
 468        1.9013
 469        1.9013
 470        1.9035
 471        1.9035
 472        1.9035
 473        1.9131
 474        1.9131
 475        1.9131
 476        1.9131
 477        1.9131
 478        1.9131
 479        1.9564
 480        1.9564
 481        1.9564
 482        1.9876
 483        1.9876
 484        1.9876
 485        2.0362
 486        2.0362
 487        2.0362
 488        2.0363
 489        2.0363
 490        2.0363
 491        2.0872
 492        2.0872
 493        2.0872
 494        2.0872
 495        2.0872
 496        2.0872
 497        2.0876
 498        2.0876
 499        2.0876
 500        2.0876
 501        2.0876
 502        2.0876
 503        2.0948
 504        2.0948
 505        2.0948
 506        2.0948
 507        2.0948
 508        2.0948
 509        2.0969
 510        2.0969
 511        2.0969
 512        2.0969
 513        2.0969
 514        2.0969
 515        2.1054
 516        2.1054
 517        2.1054
 518        2.1060
 519        2.1060
 520        2.1060
 521        2.1283
 522        2.1283
 523        2.1546
 524        2.1546
 525        2.1546
 526        2.1546
 527        2.1546
 528        2.1546
 529        2.1673
 530        2.1673
 531        2.1673
 532        2.1673
 533        2.1673
 534        2.1673
 535        2.1762
 536        2.1762
 537        2.1762
 538        2.1857
 539        2.1857
 540        2.1857
 541        2.2010
 542        2.2010
 543        2.2010
 544        2.2096
 545        2.2096
 546        2.2096
 547        2.2451
 548        2.2451
 549        2.2451
 550        2.2812
 551        2.2812
 552        2.2812
 553        2.2812
 554        2.2812
 555        2.2812
 556        2.2882
 557        2.2882
 558        2.2882
 559        2.2882
 560        2.2882
 561        2.2882
 562        2.3076
 563        2.3076
 564        2.3076
 565        2.4470
 566        2.4470
 567        2.4470
 568        2.6264
 569        2.6264
 570        2.6264
 571        2.6787
 572        2.6787
 573        2.6787
 574        2.6787
 575        2.6787
 576        2.6787
 577        2.8692
 578        2.8692
 579        2.8692
 580        3.1676
 581        3.1676
 582        3.1676
 583        3.5847
 584        3.5847
 585        3.5847
 586        3.6128
 587        3.6128
 588        3.6128
 589        3.6128
 590        3.6128
 591        3.6128
 592        3.6203
 593        3.6203
 594        3.6203
 595        3.6203
 596        3.6203
 597        3.6203
 598        4.1986
 599        4.1986
 600        4.1986
 601        4.1986
 602        4.1986
 603        4.1986
 604        4.8330
 605        4.8330
 606        4.8330
 607        4.8860
 608        4.8860
 609        4.8860
 610        5.0794
 611        5.0794
 612        5.0794
 613        5.3051
 614        5.3051
 615        5.3051
 616        5.5690
 617        5.5690
 618        5.5690
 619        5.5690
 620        5.5690
 621        5.5690
 622        5.7669
 623        5.7669
 624        5.7669
 625        5.7669
 626        5.7669
 627        5.7669
 628        6.5418
 629        6.5418
 630        6.5418
 631        6.5418
 632        6.5418
 633        6.5418
 634        7.2991
 635        7.2991
 636        7.2991
 637        7.2991
 638        7.2991
 639        7.2991
 640        7.4775
 641        7.4775
 642        7.4775
 643        8.0024
 644        8.0024
 645        8.0024
 646        8.2778
 647        8.2778
 648        8.2778
 649        8.2820
 650        8.2820
 651        8.2820
 652        8.2820
 653        8.2820
 654        8.2820
 655        8.5999
 656        8.5999
 657        8.5999
 658        8.5999
 659        8.5999
 660        8.5999
 661        9.2712
 662        9.2712
 663        9.2712
 664        9.2712
 665        9.2712
 666        9.2712
 667        9.3486
 668        9.7719
 669        9.7719
 670        9.7719
 671        9.7719
 672        9.7719
 673        9.7719
 674        9.8815
 675        9.8815
 676        9.8815
 677       10.4169
 678       10.4169
 679       10.4169
 680       10.4169
 681       10.4169
 682       10.4169
 683       10.6747
 684       10.6747
 685       10.6747
 686       10.6924
 687       10.6924
 688       10.6924
 689       11.2074
 690       11.2074
 691       11.2074
 692       11.2074
 693       11.2074
 694       11.2074
 695       11.6066
 696       11.6066
 697       11.6066
 698       11.8817
 699       11.8817
 700       11.8817
 701       12.0885
 702       12.0885
 703       12.0885
 704       12.2135
 705       12.2135
 706       12.2135
 707       12.2135
 708       12.2135
 709       12.2135
 710       12.6181
 711       12.6201
 712       12.6220
