   32   32    1    1
  0.2174181E+02  0.8860983E-09  0.8860983E-09  0.8860983E-09  0.5000000E-15
  1.000000000000000E-004
  CAR 
 No title                                
  352    1  212
 
  0.2500000E+00  0.2500000E+00  0.2500000E+00  0.1000000E+01
   1       -4.1292
   2       -3.4124
   3       -3.3536
   4       -3.3534
   5       -3.3533
   6       -3.3216
   7       -3.3200
   8       -3.3185
   9       -3.2945
  10       -3.2944
  11       -3.2943
  12       -3.2507
  13       -3.2504
  14       -3.2501
  15       -3.1308
  16       -3.1298
  17       -3.1290
  18       -3.1212
  19       -3.1205
  20       -3.1195
  21       -3.0474
  22       -3.0464
  23       -3.0459
  24       -3.0459
  25       -3.0455
  26       -3.0445
  27       -3.0057
  28       -3.0048
  29       -3.0038
  30       -2.9792
  31       -2.9788
  32       -2.9777
  33       -2.9777
  34       -2.9767
  35       -2.9763
  36       -2.9537
  37       -2.9531
  38       -2.9525
  39       -2.8424
  40       -2.8417
  41       -2.8410
  42       -2.8410
  43       -2.8404
  44       -2.8397
  45       -2.6698
  46       -2.6688
  47       -2.6677
  48       -2.6113
  49       -2.6101
  50       -2.6096
  51       -2.6096
  52       -2.6091
  53       -2.6082
  54       -2.6051
  55       -2.6044
  56       -2.6033
  57       -2.5402
  58       -2.5401
  59       -2.5399
  60       -2.4908
  61       -2.4447
  62       -2.4439
  63       -2.4431
  64       -2.4022
  65       -2.4021
  66       -2.3673
  67       -2.3672
  68       -2.3516
  69       -2.3516
  70       -2.3505
  71       -2.3504
  72       -2.3494
  73       -2.3494
  74       -2.2972
  75       -2.2971
  76       -2.2970
  77       -2.2495
  78       -2.2491
  79       -2.2487
  80       -2.2149
  81       -2.2144
  82       -2.2136
  83       -2.2135
  84       -2.2127
  85       -2.2123
  86       -2.2057
  87       -2.2056
  88       -2.2055
  89       -2.1850
  90       -2.1844
  91       -2.1838
  92       -2.1626
  93       -2.1622
  94       -2.1618
  95       -2.1217
  96       -2.1205
  97       -2.1193
  98       -1.9677
  99       -1.9665
 100       -1.9654
 101       -1.9302
 102       -1.9289
 103       -1.9276
 104       -1.9108
 105       -1.9106
 106       -1.9096
 107       -1.9096
 108       -1.9085
 109       -1.9084
 110       -1.8036
 111       -1.8022
 112       -1.8011
 113       -1.7970
 114       -1.7968
 115       -1.7939
 116       -1.7928
 117       -1.7913
 118       -1.7070
 119       -1.7063
 120       -1.7056
 121       -1.6961
 122       -1.6950
 123       -1.6936
 124       -1.6907
 125       -1.6896
 126       -1.6893
 127       -1.6892
 128       -1.6891
 129       -1.6878
 130       -1.5961
 131       -1.5953
 132       -1.5946
 133       -1.4634
 134       -1.4632
 135       -1.4631
 136       -1.4468
 137       -1.4466
 138       -1.4466
 139       -1.4336
 140       -1.4325
 141       -1.4323
 142       -1.4323
 143       -1.4321
 144       -1.4311
 145       -1.4192
 146       -1.4190
 147       -1.4189
 148       -1.4026
 149       -1.4025
 150       -1.3329
 151       -1.3329
 152       -1.3328
 153       -1.2494
 154       -1.2494
 155       -1.2492
 156       -1.2299
 157       -1.2294
 158       -1.2291
 159       -1.2291
 160       -1.2288
 161       -1.2283
 162       -1.1825
 163       -1.1825
 164       -1.1825
 165       -0.7456
 166       -0.7444
 167       -0.7433
 168       -0.2126
 169       -0.0134
 170       -0.0120
 171       -0.0107
 172        1.2918
 173        1.2927
 174        1.2939
 175        1.2939
 176        1.2951
 177        1.2961
 178        2.0812
 179        2.0816
 180        2.0821
 181        2.9734
 182        2.9742
 183        2.9750
 184        3.4428
 185        3.4438
 186        3.4449
 187        4.4311
 188        4.4328
 189        4.4337
 190        4.4337
 191        4.4345
 192        4.4362
 193        4.8197
 194        4.8206
 195        4.8215
 196        5.6804
 197        5.6813
 198        5.6821
 199        6.5202
 200        6.5205
 201        6.5224
 202        6.5224
 203        6.5242
 204        6.5246
 205        6.8908
 206        7.7653
 207        7.7653
 208        7.7668
 209        7.7669
 210        7.7683
 211        7.7684
 212        8.0118
