Automatically generated mesh
    1330
Reciprocal lattice
    0.00000000000000    0.00000000000000    0.00000000000000             1
    0.02777777777778    0.00000000000000    0.00000000000000             6
    0.05555555555556    0.00000000000000    0.00000000000000             6
    0.08333333333333    0.00000000000000    0.00000000000000             6
    0.11111111111111    0.00000000000000    0.00000000000000             6
    0.13888888888889    0.00000000000000    0.00000000000000             6
    0.16666666666667    0.00000000000000    0.00000000000000             6
    0.19444444444444    0.00000000000000    0.00000000000000             6
    0.22222222222222    0.00000000000000    0.00000000000000             6
    0.25000000000000    0.00000000000000    0.00000000000000             6
    0.27777777777778    0.00000000000000    0.00000000000000             6
    0.30555555555556    0.00000000000000    0.00000000000000             6
    0.33333333333333    0.00000000000000    0.00000000000000             6
    0.36111111111111    0.00000000000000    0.00000000000000             6
    0.38888888888889    0.00000000000000    0.00000000000000             6
    0.41666666666667    0.00000000000000    0.00000000000000             6
    0.44444444444444    0.00000000000000    0.00000000000000             6
    0.47222222222222    0.00000000000000    0.00000000000000             6
    0.50000000000000    0.00000000000000    0.00000000000000             3
    0.02777777777778    0.02777777777778    0.00000000000000            12
    0.05555555555556    0.02777777777778    0.00000000000000            24
    0.08333333333333    0.02777777777778    0.00000000000000            24
    0.11111111111111    0.02777777777778    0.00000000000000            24
    0.13888888888889    0.02777777777778    0.00000000000000            24
    0.16666666666667    0.02777777777778    0.00000000000000            24
    0.19444444444444    0.02777777777778    0.00000000000000            24
    0.22222222222222    0.02777777777778    0.00000000000000            24
    0.25000000000000    0.02777777777778    0.00000000000000            24
    0.27777777777778    0.02777777777778    0.00000000000000            24
    0.30555555555556    0.02777777777778    0.00000000000000            24
    0.33333333333333    0.02777777777778    0.00000000000000            24
    0.36111111111111    0.02777777777778    0.00000000000000            24
    0.38888888888889    0.02777777777778    0.00000000000000            24
    0.41666666666667    0.02777777777778    0.00000000000000            24
    0.44444444444444    0.02777777777778    0.00000000000000            24
    0.47222222222222    0.02777777777778    0.00000000000000            24
    0.50000000000000    0.02777777777778    0.00000000000000            12
    0.05555555555556    0.05555555555556    0.00000000000000            12
    0.08333333333333    0.05555555555556    0.00000000000000            24
    0.11111111111111    0.05555555555556    0.00000000000000            24
    0.13888888888889    0.05555555555556    0.00000000000000            24
    0.16666666666667    0.05555555555556    0.00000000000000            24
    0.19444444444444    0.05555555555556    0.00000000000000            24
    0.22222222222222    0.05555555555556    0.00000000000000            24
    0.25000000000000    0.05555555555556    0.00000000000000            24
    0.27777777777778    0.05555555555556    0.00000000000000            24
    0.30555555555556    0.05555555555556    0.00000000000000            24
    0.33333333333333    0.05555555555556    0.00000000000000            24
    0.36111111111111    0.05555555555556    0.00000000000000            24
    0.38888888888889    0.05555555555556    0.00000000000000            24
    0.41666666666667    0.05555555555556    0.00000000000000            24
    0.44444444444444    0.05555555555556    0.00000000000000            24
    0.47222222222222    0.05555555555556    0.00000000000000            24
    0.50000000000000    0.05555555555556    0.00000000000000            12
    0.08333333333333    0.08333333333333    0.00000000000000            12
    0.11111111111111    0.08333333333333    0.00000000000000            24
    0.13888888888889    0.08333333333333    0.00000000000000            24
    0.16666666666667    0.08333333333333    0.00000000000000            24
    0.19444444444444    0.08333333333333    0.00000000000000            24
    0.22222222222222    0.08333333333333    0.00000000000000            24
    0.25000000000000    0.08333333333333    0.00000000000000            24
    0.27777777777778    0.08333333333333    0.00000000000000            24
    0.30555555555556    0.08333333333333    0.00000000000000            24
    0.33333333333333    0.08333333333333    0.00000000000000            24
    0.36111111111111    0.08333333333333    0.00000000000000            24
    0.38888888888889    0.08333333333333    0.00000000000000            24
    0.41666666666667    0.08333333333333    0.00000000000000            24
    0.44444444444444    0.08333333333333    0.00000000000000            24
    0.47222222222222    0.08333333333333    0.00000000000000            24
    0.50000000000000    0.08333333333333    0.00000000000000            12
    0.11111111111111    0.11111111111111    0.00000000000000            12
    0.13888888888889    0.11111111111111    0.00000000000000            24
    0.16666666666667    0.11111111111111    0.00000000000000            24
    0.19444444444444    0.11111111111111    0.00000000000000            24
    0.22222222222222    0.11111111111111    0.00000000000000            24
    0.25000000000000    0.11111111111111    0.00000000000000            24
    0.27777777777778    0.11111111111111    0.00000000000000            24
    0.30555555555556    0.11111111111111    0.00000000000000            24
    0.33333333333333    0.11111111111111    0.00000000000000            24
    0.36111111111111    0.11111111111111    0.00000000000000            24
    0.38888888888889    0.11111111111111    0.00000000000000            24
    0.41666666666667    0.11111111111111    0.00000000000000            24
    0.44444444444444    0.11111111111111    0.00000000000000            24
    0.47222222222222    0.11111111111111    0.00000000000000            24
    0.50000000000000    0.11111111111111    0.00000000000000            12
    0.13888888888889    0.13888888888889    0.00000000000000            12
    0.16666666666667    0.13888888888889    0.00000000000000            24
    0.19444444444444    0.13888888888889    0.00000000000000            24
    0.22222222222222    0.13888888888889    0.00000000000000            24
    0.25000000000000    0.13888888888889    0.00000000000000            24
    0.27777777777778    0.13888888888889    0.00000000000000            24
    0.30555555555556    0.13888888888889    0.00000000000000            24
    0.33333333333333    0.13888888888889    0.00000000000000            24
    0.36111111111111    0.13888888888889    0.00000000000000            24
    0.38888888888889    0.13888888888889    0.00000000000000            24
    0.41666666666667    0.13888888888889    0.00000000000000            24
    0.44444444444444    0.13888888888889    0.00000000000000            24
    0.47222222222222    0.13888888888889    0.00000000000000            24
    0.50000000000000    0.13888888888889    0.00000000000000            12
    0.16666666666667    0.16666666666667    0.00000000000000            12
    0.19444444444444    0.16666666666667    0.00000000000000            24
    0.22222222222222    0.16666666666667    0.00000000000000            24
    0.25000000000000    0.16666666666667    0.00000000000000            24
    0.27777777777778    0.16666666666667    0.00000000000000            24
    0.30555555555556    0.16666666666667    0.00000000000000            24
    0.33333333333333    0.16666666666667    0.00000000000000            24
    0.36111111111111    0.16666666666667    0.00000000000000            24
    0.38888888888889    0.16666666666667    0.00000000000000            24
    0.41666666666667    0.16666666666667    0.00000000000000            24
    0.44444444444444    0.16666666666667    0.00000000000000            24
    0.47222222222222    0.16666666666667    0.00000000000000            24
    0.50000000000000    0.16666666666667    0.00000000000000            12
    0.19444444444444    0.19444444444444    0.00000000000000            12
    0.22222222222222    0.19444444444444    0.00000000000000            24
    0.25000000000000    0.19444444444444    0.00000000000000            24
    0.27777777777778    0.19444444444444    0.00000000000000            24
    0.30555555555556    0.19444444444444    0.00000000000000            24
    0.33333333333333    0.19444444444444    0.00000000000000            24
    0.36111111111111    0.19444444444444    0.00000000000000            24
    0.38888888888889    0.19444444444444    0.00000000000000            24
    0.41666666666667    0.19444444444444    0.00000000000000            24
    0.44444444444444    0.19444444444444    0.00000000000000            24
    0.47222222222222    0.19444444444444    0.00000000000000            24
    0.50000000000000    0.19444444444444    0.00000000000000            12
    0.22222222222222    0.22222222222222    0.00000000000000            12
    0.25000000000000    0.22222222222222    0.00000000000000            24
    0.27777777777778    0.22222222222222    0.00000000000000            24
    0.30555555555556    0.22222222222222    0.00000000000000            24
    0.33333333333333    0.22222222222222    0.00000000000000            24
    0.36111111111111    0.22222222222222    0.00000000000000            24
    0.38888888888889    0.22222222222222    0.00000000000000            24
    0.41666666666667    0.22222222222222    0.00000000000000            24
    0.44444444444444    0.22222222222222    0.00000000000000            24
    0.47222222222222    0.22222222222222    0.00000000000000            24
    0.50000000000000    0.22222222222222    0.00000000000000            12
    0.25000000000000    0.25000000000000    0.00000000000000            12
    0.27777777777778    0.25000000000000    0.00000000000000            24
    0.30555555555556    0.25000000000000    0.00000000000000            24
    0.33333333333333    0.25000000000000    0.00000000000000            24
    0.36111111111111    0.25000000000000    0.00000000000000            24
    0.38888888888889    0.25000000000000    0.00000000000000            24
    0.41666666666667    0.25000000000000    0.00000000000000            24
    0.44444444444444    0.25000000000000    0.00000000000000            24
    0.47222222222222    0.25000000000000    0.00000000000000            24
    0.50000000000000    0.25000000000000    0.00000000000000            12
    0.27777777777778    0.27777777777778    0.00000000000000            12
    0.30555555555556    0.27777777777778    0.00000000000000            24
    0.33333333333333    0.27777777777778    0.00000000000000            24
    0.36111111111111    0.27777777777778    0.00000000000000            24
    0.38888888888889    0.27777777777778    0.00000000000000            24
    0.41666666666667    0.27777777777778    0.00000000000000            24
    0.44444444444444    0.27777777777778    0.00000000000000            24
    0.47222222222222    0.27777777777778    0.00000000000000            24
    0.50000000000000    0.27777777777778    0.00000000000000            12
    0.30555555555556    0.30555555555556    0.00000000000000            12
    0.33333333333333    0.30555555555556    0.00000000000000            24
    0.36111111111111    0.30555555555556    0.00000000000000            24
    0.38888888888889    0.30555555555556    0.00000000000000            24
    0.41666666666667    0.30555555555556    0.00000000000000            24
    0.44444444444444    0.30555555555556    0.00000000000000            24
    0.47222222222222    0.30555555555556    0.00000000000000            24
    0.50000000000000    0.30555555555556    0.00000000000000            12
    0.33333333333333    0.33333333333333    0.00000000000000            12
    0.36111111111111    0.33333333333333    0.00000000000000            24
    0.38888888888889    0.33333333333333    0.00000000000000            24
    0.41666666666667    0.33333333333333    0.00000000000000            24
    0.44444444444444    0.33333333333333    0.00000000000000            24
    0.47222222222222    0.33333333333333    0.00000000000000            24
    0.50000000000000    0.33333333333333    0.00000000000000            12
    0.36111111111111    0.36111111111111    0.00000000000000            12
    0.38888888888889    0.36111111111111    0.00000000000000            24
    0.41666666666667    0.36111111111111    0.00000000000000            24
    0.44444444444444    0.36111111111111    0.00000000000000            24
    0.47222222222222    0.36111111111111    0.00000000000000            24
    0.50000000000000    0.36111111111111    0.00000000000000            12
    0.38888888888889    0.38888888888889    0.00000000000000            12
    0.41666666666667    0.38888888888889    0.00000000000000            24
    0.44444444444444    0.38888888888889    0.00000000000000            24
    0.47222222222222    0.38888888888889    0.00000000000000            24
    0.50000000000000    0.38888888888889    0.00000000000000            12
    0.41666666666667    0.41666666666667    0.00000000000000            12
    0.44444444444444    0.41666666666667    0.00000000000000            24
    0.47222222222222    0.41666666666667    0.00000000000000            24
    0.50000000000000    0.41666666666667    0.00000000000000            12
    0.44444444444444    0.44444444444444    0.00000000000000            12
    0.47222222222222    0.44444444444444    0.00000000000000            24
    0.50000000000000    0.44444444444444    0.00000000000000            12
    0.47222222222222    0.47222222222222    0.00000000000000            12
    0.50000000000000    0.47222222222222    0.00000000000000            12
    0.50000000000000    0.50000000000000    0.00000000000000             3
    0.02777777777778    0.02777777777778    0.02777777777778             8
    0.05555555555556    0.02777777777778    0.02777777777778            24
    0.08333333333333    0.02777777777778    0.02777777777778            24
    0.11111111111111    0.02777777777778    0.02777777777778            24
    0.13888888888889    0.02777777777778    0.02777777777778            24
    0.16666666666667    0.02777777777778    0.02777777777778            24
    0.19444444444444    0.02777777777778    0.02777777777778            24
    0.22222222222222    0.02777777777778    0.02777777777778            24
    0.25000000000000    0.02777777777778    0.02777777777778            24
    0.27777777777778    0.02777777777778    0.02777777777778            24
    0.30555555555556    0.02777777777778    0.02777777777778            24
    0.33333333333333    0.02777777777778    0.02777777777778            24
    0.36111111111111    0.02777777777778    0.02777777777778            24
    0.38888888888889    0.02777777777778    0.02777777777778            24
    0.41666666666667    0.02777777777778    0.02777777777778            24
    0.44444444444444    0.02777777777778    0.02777777777778            24
    0.47222222222222    0.02777777777778    0.02777777777778            24
    0.50000000000000    0.02777777777778    0.02777777777778            12
    0.05555555555556    0.05555555555556    0.02777777777778            24
    0.08333333333333    0.05555555555556    0.02777777777778            48
    0.11111111111111    0.05555555555556    0.02777777777778            48
    0.13888888888889    0.05555555555556    0.02777777777778            48
    0.16666666666667    0.05555555555556    0.02777777777778            48
    0.19444444444444    0.05555555555556    0.02777777777778            48
    0.22222222222222    0.05555555555556    0.02777777777778            48
    0.25000000000000    0.05555555555556    0.02777777777778            48
    0.27777777777778    0.05555555555556    0.02777777777778            48
    0.30555555555556    0.05555555555556    0.02777777777778            48
    0.33333333333333    0.05555555555556    0.02777777777778            48
    0.36111111111111    0.05555555555556    0.02777777777778            48
    0.38888888888889    0.05555555555556    0.02777777777778            48
    0.41666666666667    0.05555555555556    0.02777777777778            48
    0.44444444444444    0.05555555555556    0.02777777777778            48
    0.47222222222222    0.05555555555556    0.02777777777778            48
    0.50000000000000    0.05555555555556    0.02777777777778            24
    0.08333333333333    0.08333333333333    0.02777777777778            24
    0.11111111111111    0.08333333333333    0.02777777777778            48
    0.13888888888889    0.08333333333333    0.02777777777778            48
    0.16666666666667    0.08333333333333    0.02777777777778            48
    0.19444444444444    0.08333333333333    0.02777777777778            48
    0.22222222222222    0.08333333333333    0.02777777777778            48
    0.25000000000000    0.08333333333333    0.02777777777778            48
    0.27777777777778    0.08333333333333    0.02777777777778            48
    0.30555555555556    0.08333333333333    0.02777777777778            48
    0.33333333333333    0.08333333333333    0.02777777777778            48
    0.36111111111111    0.08333333333333    0.02777777777778            48
    0.38888888888889    0.08333333333333    0.02777777777778            48
    0.41666666666667    0.08333333333333    0.02777777777778            48
    0.44444444444444    0.08333333333333    0.02777777777778            48
    0.47222222222222    0.08333333333333    0.02777777777778            48
    0.50000000000000    0.08333333333333    0.02777777777778            24
    0.11111111111111    0.11111111111111    0.02777777777778            24
    0.13888888888889    0.11111111111111    0.02777777777778            48
    0.16666666666667    0.11111111111111    0.02777777777778            48
    0.19444444444444    0.11111111111111    0.02777777777778            48
    0.22222222222222    0.11111111111111    0.02777777777778            48
    0.25000000000000    0.11111111111111    0.02777777777778            48
    0.27777777777778    0.11111111111111    0.02777777777778            48
    0.30555555555556    0.11111111111111    0.02777777777778            48
    0.33333333333333    0.11111111111111    0.02777777777778            48
    0.36111111111111    0.11111111111111    0.02777777777778            48
    0.38888888888889    0.11111111111111    0.02777777777778            48
    0.41666666666667    0.11111111111111    0.02777777777778            48
    0.44444444444444    0.11111111111111    0.02777777777778            48
    0.47222222222222    0.11111111111111    0.02777777777778            48
    0.50000000000000    0.11111111111111    0.02777777777778            24
    0.13888888888889    0.13888888888889    0.02777777777778            24
    0.16666666666667    0.13888888888889    0.02777777777778            48
    0.19444444444444    0.13888888888889    0.02777777777778            48
    0.22222222222222    0.13888888888889    0.02777777777778            48
    0.25000000000000    0.13888888888889    0.02777777777778            48
    0.27777777777778    0.13888888888889    0.02777777777778            48
    0.30555555555556    0.13888888888889    0.02777777777778            48
    0.33333333333333    0.13888888888889    0.02777777777778            48
    0.36111111111111    0.13888888888889    0.02777777777778            48
    0.38888888888889    0.13888888888889    0.02777777777778            48
    0.41666666666667    0.13888888888889    0.02777777777778            48
    0.44444444444444    0.13888888888889    0.02777777777778            48
    0.47222222222222    0.13888888888889    0.02777777777778            48
    0.50000000000000    0.13888888888889    0.02777777777778            24
    0.16666666666667    0.16666666666667    0.02777777777778            24
    0.19444444444444    0.16666666666667    0.02777777777778            48
    0.22222222222222    0.16666666666667    0.02777777777778            48
    0.25000000000000    0.16666666666667    0.02777777777778            48
    0.27777777777778    0.16666666666667    0.02777777777778            48
    0.30555555555556    0.16666666666667    0.02777777777778            48
    0.33333333333333    0.16666666666667    0.02777777777778            48
    0.36111111111111    0.16666666666667    0.02777777777778            48
    0.38888888888889    0.16666666666667    0.02777777777778            48
    0.41666666666667    0.16666666666667    0.02777777777778            48
    0.44444444444444    0.16666666666667    0.02777777777778            48
    0.47222222222222    0.16666666666667    0.02777777777778            48
    0.50000000000000    0.16666666666667    0.02777777777778            24
    0.19444444444444    0.19444444444444    0.02777777777778            24
    0.22222222222222    0.19444444444444    0.02777777777778            48
    0.25000000000000    0.19444444444444    0.02777777777778            48
    0.27777777777778    0.19444444444444    0.02777777777778            48
    0.30555555555556    0.19444444444444    0.02777777777778            48
    0.33333333333333    0.19444444444444    0.02777777777778            48
    0.36111111111111    0.19444444444444    0.02777777777778            48
    0.38888888888889    0.19444444444444    0.02777777777778            48
    0.41666666666667    0.19444444444444    0.02777777777778            48
    0.44444444444444    0.19444444444444    0.02777777777778            48
    0.47222222222222    0.19444444444444    0.02777777777778            48
    0.50000000000000    0.19444444444444    0.02777777777778            24
    0.22222222222222    0.22222222222222    0.02777777777778            24
    0.25000000000000    0.22222222222222    0.02777777777778            48
    0.27777777777778    0.22222222222222    0.02777777777778            48
    0.30555555555556    0.22222222222222    0.02777777777778            48
    0.33333333333333    0.22222222222222    0.02777777777778            48
    0.36111111111111    0.22222222222222    0.02777777777778            48
    0.38888888888889    0.22222222222222    0.02777777777778            48
    0.41666666666667    0.22222222222222    0.02777777777778            48
    0.44444444444444    0.22222222222222    0.02777777777778            48
    0.47222222222222    0.22222222222222    0.02777777777778            48
    0.50000000000000    0.22222222222222    0.02777777777778            24
    0.25000000000000    0.25000000000000    0.02777777777778            24
    0.27777777777778    0.25000000000000    0.02777777777778            48
    0.30555555555556    0.25000000000000    0.02777777777778            48
    0.33333333333333    0.25000000000000    0.02777777777778            48
    0.36111111111111    0.25000000000000    0.02777777777778            48
    0.38888888888889    0.25000000000000    0.02777777777778            48
    0.41666666666667    0.25000000000000    0.02777777777778            48
    0.44444444444444    0.25000000000000    0.02777777777778            48
    0.47222222222222    0.25000000000000    0.02777777777778            48
    0.50000000000000    0.25000000000000    0.02777777777778            24
    0.27777777777778    0.27777777777778    0.02777777777778            24
    0.30555555555556    0.27777777777778    0.02777777777778            48
    0.33333333333333    0.27777777777778    0.02777777777778            48
    0.36111111111111    0.27777777777778    0.02777777777778            48
    0.38888888888889    0.27777777777778    0.02777777777778            48
    0.41666666666667    0.27777777777778    0.02777777777778            48
    0.44444444444444    0.27777777777778    0.02777777777778            48
    0.47222222222222    0.27777777777778    0.02777777777778            48
    0.50000000000000    0.27777777777778    0.02777777777778            24
    0.30555555555556    0.30555555555556    0.02777777777778            24
    0.33333333333333    0.30555555555556    0.02777777777778            48
    0.36111111111111    0.30555555555556    0.02777777777778            48
    0.38888888888889    0.30555555555556    0.02777777777778            48
    0.41666666666667    0.30555555555556    0.02777777777778            48
    0.44444444444444    0.30555555555556    0.02777777777778            48
    0.47222222222222    0.30555555555556    0.02777777777778            48
    0.50000000000000    0.30555555555556    0.02777777777778            24
    0.33333333333333    0.33333333333333    0.02777777777778            24
    0.36111111111111    0.33333333333333    0.02777777777778            48
    0.38888888888889    0.33333333333333    0.02777777777778            48
    0.41666666666667    0.33333333333333    0.02777777777778            48
    0.44444444444444    0.33333333333333    0.02777777777778            48
    0.47222222222222    0.33333333333333    0.02777777777778            48
    0.50000000000000    0.33333333333333    0.02777777777778            24
    0.36111111111111    0.36111111111111    0.02777777777778            24
    0.38888888888889    0.36111111111111    0.02777777777778            48
    0.41666666666667    0.36111111111111    0.02777777777778            48
    0.44444444444444    0.36111111111111    0.02777777777778            48
    0.47222222222222    0.36111111111111    0.02777777777778            48
    0.50000000000000    0.36111111111111    0.02777777777778            24
    0.38888888888889    0.38888888888889    0.02777777777778            24
    0.41666666666667    0.38888888888889    0.02777777777778            48
    0.44444444444444    0.38888888888889    0.02777777777778            48
    0.47222222222222    0.38888888888889    0.02777777777778            48
    0.50000000000000    0.38888888888889    0.02777777777778            24
    0.41666666666667    0.41666666666667    0.02777777777778            24
    0.44444444444444    0.41666666666667    0.02777777777778            48
    0.47222222222222    0.41666666666667    0.02777777777778            48
    0.50000000000000    0.41666666666667    0.02777777777778            24
    0.44444444444444    0.44444444444444    0.02777777777778            24
    0.47222222222222    0.44444444444444    0.02777777777778            48
    0.50000000000000    0.44444444444444    0.02777777777778            24
    0.47222222222222    0.47222222222222    0.02777777777778            24
    0.50000000000000    0.47222222222222    0.02777777777778            24
    0.50000000000000    0.50000000000000    0.02777777777778             6
    0.05555555555556    0.05555555555556    0.05555555555556             8
    0.08333333333333    0.05555555555556    0.05555555555556            24
    0.11111111111111    0.05555555555556    0.05555555555556            24
    0.13888888888889    0.05555555555556    0.05555555555556            24
    0.16666666666667    0.05555555555556    0.05555555555556            24
    0.19444444444444    0.05555555555556    0.05555555555556            24
    0.22222222222222    0.05555555555556    0.05555555555556            24
    0.25000000000000    0.05555555555556    0.05555555555556            24
    0.27777777777778    0.05555555555556    0.05555555555556            24
    0.30555555555556    0.05555555555556    0.05555555555556            24
    0.33333333333333    0.05555555555556    0.05555555555556            24
    0.36111111111111    0.05555555555556    0.05555555555556            24
    0.38888888888889    0.05555555555556    0.05555555555556            24
    0.41666666666667    0.05555555555556    0.05555555555556            24
    0.44444444444444    0.05555555555556    0.05555555555556            24
    0.47222222222222    0.05555555555556    0.05555555555556            24
    0.50000000000000    0.05555555555556    0.05555555555556            12
    0.08333333333333    0.08333333333333    0.05555555555556            24
    0.11111111111111    0.08333333333333    0.05555555555556            48
    0.13888888888889    0.08333333333333    0.05555555555556            48
    0.16666666666667    0.08333333333333    0.05555555555556            48
    0.19444444444444    0.08333333333333    0.05555555555556            48
    0.22222222222222    0.08333333333333    0.05555555555556            48
    0.25000000000000    0.08333333333333    0.05555555555556            48
    0.27777777777778    0.08333333333333    0.05555555555556            48
    0.30555555555556    0.08333333333333    0.05555555555556            48
    0.33333333333333    0.08333333333333    0.05555555555556            48
    0.36111111111111    0.08333333333333    0.05555555555556            48
    0.38888888888889    0.08333333333333    0.05555555555556            48
    0.41666666666667    0.08333333333333    0.05555555555556            48
    0.44444444444444    0.08333333333333    0.05555555555556            48
    0.47222222222222    0.08333333333333    0.05555555555556            48
    0.50000000000000    0.08333333333333    0.05555555555556            24
    0.11111111111111    0.11111111111111    0.05555555555556            24
    0.13888888888889    0.11111111111111    0.05555555555556            48
    0.16666666666667    0.11111111111111    0.05555555555556            48
    0.19444444444444    0.11111111111111    0.05555555555556            48
    0.22222222222222    0.11111111111111    0.05555555555556            48
    0.25000000000000    0.11111111111111    0.05555555555556            48
    0.27777777777778    0.11111111111111    0.05555555555556            48
    0.30555555555556    0.11111111111111    0.05555555555556            48
    0.33333333333333    0.11111111111111    0.05555555555556            48
    0.36111111111111    0.11111111111111    0.05555555555556            48
    0.38888888888889    0.11111111111111    0.05555555555556            48
    0.41666666666667    0.11111111111111    0.05555555555556            48
    0.44444444444444    0.11111111111111    0.05555555555556            48
    0.47222222222222    0.11111111111111    0.05555555555556            48
    0.50000000000000    0.11111111111111    0.05555555555556            24
    0.13888888888889    0.13888888888889    0.05555555555556            24
    0.16666666666667    0.13888888888889    0.05555555555556            48
    0.19444444444444    0.13888888888889    0.05555555555556            48
    0.22222222222222    0.13888888888889    0.05555555555556            48
    0.25000000000000    0.13888888888889    0.05555555555556            48
    0.27777777777778    0.13888888888889    0.05555555555556            48
    0.30555555555556    0.13888888888889    0.05555555555556            48
    0.33333333333333    0.13888888888889    0.05555555555556            48
    0.36111111111111    0.13888888888889    0.05555555555556            48
    0.38888888888889    0.13888888888889    0.05555555555556            48
    0.41666666666667    0.13888888888889    0.05555555555556            48
    0.44444444444444    0.13888888888889    0.05555555555556            48
    0.47222222222222    0.13888888888889    0.05555555555556            48
    0.50000000000000    0.13888888888889    0.05555555555556            24
    0.16666666666667    0.16666666666667    0.05555555555556            24
    0.19444444444444    0.16666666666667    0.05555555555556            48
    0.22222222222222    0.16666666666667    0.05555555555556            48
    0.25000000000000    0.16666666666667    0.05555555555556            48
    0.27777777777778    0.16666666666667    0.05555555555556            48
    0.30555555555556    0.16666666666667    0.05555555555556            48
    0.33333333333333    0.16666666666667    0.05555555555556            48
    0.36111111111111    0.16666666666667    0.05555555555556            48
    0.38888888888889    0.16666666666667    0.05555555555556            48
    0.41666666666667    0.16666666666667    0.05555555555556            48
    0.44444444444444    0.16666666666667    0.05555555555556            48
    0.47222222222222    0.16666666666667    0.05555555555556            48
    0.50000000000000    0.16666666666667    0.05555555555556            24
    0.19444444444444    0.19444444444444    0.05555555555556            24
    0.22222222222222    0.19444444444444    0.05555555555556            48
    0.25000000000000    0.19444444444444    0.05555555555556            48
    0.27777777777778    0.19444444444444    0.05555555555556            48
    0.30555555555556    0.19444444444444    0.05555555555556            48
    0.33333333333333    0.19444444444444    0.05555555555556            48
    0.36111111111111    0.19444444444444    0.05555555555556            48
    0.38888888888889    0.19444444444444    0.05555555555556            48
    0.41666666666667    0.19444444444444    0.05555555555556            48
    0.44444444444444    0.19444444444444    0.05555555555556            48
    0.47222222222222    0.19444444444444    0.05555555555556            48
    0.50000000000000    0.19444444444444    0.05555555555556            24
    0.22222222222222    0.22222222222222    0.05555555555556            24
    0.25000000000000    0.22222222222222    0.05555555555556            48
    0.27777777777778    0.22222222222222    0.05555555555556            48
    0.30555555555556    0.22222222222222    0.05555555555556            48
    0.33333333333333    0.22222222222222    0.05555555555556            48
    0.36111111111111    0.22222222222222    0.05555555555556            48
    0.38888888888889    0.22222222222222    0.05555555555556            48
    0.41666666666667    0.22222222222222    0.05555555555556            48
    0.44444444444444    0.22222222222222    0.05555555555556            48
    0.47222222222222    0.22222222222222    0.05555555555556            48
    0.50000000000000    0.22222222222222    0.05555555555556            24
    0.25000000000000    0.25000000000000    0.05555555555556            24
    0.27777777777778    0.25000000000000    0.05555555555556            48
    0.30555555555556    0.25000000000000    0.05555555555556            48
    0.33333333333333    0.25000000000000    0.05555555555556            48
    0.36111111111111    0.25000000000000    0.05555555555556            48
    0.38888888888889    0.25000000000000    0.05555555555556            48
    0.41666666666667    0.25000000000000    0.05555555555556            48
    0.44444444444444    0.25000000000000    0.05555555555556            48
    0.47222222222222    0.25000000000000    0.05555555555556            48
    0.50000000000000    0.25000000000000    0.05555555555556            24
    0.27777777777778    0.27777777777778    0.05555555555556            24
    0.30555555555556    0.27777777777778    0.05555555555556            48
    0.33333333333333    0.27777777777778    0.05555555555556            48
    0.36111111111111    0.27777777777778    0.05555555555556            48
    0.38888888888889    0.27777777777778    0.05555555555556            48
    0.41666666666667    0.27777777777778    0.05555555555556            48
    0.44444444444444    0.27777777777778    0.05555555555556            48
    0.47222222222222    0.27777777777778    0.05555555555556            48
    0.50000000000000    0.27777777777778    0.05555555555556            24
    0.30555555555556    0.30555555555556    0.05555555555556            24
    0.33333333333333    0.30555555555556    0.05555555555556            48
    0.36111111111111    0.30555555555556    0.05555555555556            48
    0.38888888888889    0.30555555555556    0.05555555555556            48
    0.41666666666667    0.30555555555556    0.05555555555556            48
    0.44444444444444    0.30555555555556    0.05555555555556            48
    0.47222222222222    0.30555555555556    0.05555555555556            48
    0.50000000000000    0.30555555555556    0.05555555555556            24
    0.33333333333333    0.33333333333333    0.05555555555556            24
    0.36111111111111    0.33333333333333    0.05555555555556            48
    0.38888888888889    0.33333333333333    0.05555555555556            48
    0.41666666666667    0.33333333333333    0.05555555555556            48
    0.44444444444444    0.33333333333333    0.05555555555556            48
    0.47222222222222    0.33333333333333    0.05555555555556            48
    0.50000000000000    0.33333333333333    0.05555555555556            24
    0.36111111111111    0.36111111111111    0.05555555555556            24
    0.38888888888889    0.36111111111111    0.05555555555556            48
    0.41666666666667    0.36111111111111    0.05555555555556            48
    0.44444444444444    0.36111111111111    0.05555555555556            48
    0.47222222222222    0.36111111111111    0.05555555555556            48
    0.50000000000000    0.36111111111111    0.05555555555556            24
    0.38888888888889    0.38888888888889    0.05555555555556            24
    0.41666666666667    0.38888888888889    0.05555555555556            48
    0.44444444444444    0.38888888888889    0.05555555555556            48
    0.47222222222222    0.38888888888889    0.05555555555556            48
    0.50000000000000    0.38888888888889    0.05555555555556            24
    0.41666666666667    0.41666666666667    0.05555555555556            24
    0.44444444444444    0.41666666666667    0.05555555555556            48
    0.47222222222222    0.41666666666667    0.05555555555556            48
    0.50000000000000    0.41666666666667    0.05555555555556            24
    0.44444444444444    0.44444444444444    0.05555555555556            24
    0.47222222222222    0.44444444444444    0.05555555555556            48
    0.50000000000000    0.44444444444444    0.05555555555556            24
    0.47222222222222    0.47222222222222    0.05555555555556            24
    0.50000000000000    0.47222222222222    0.05555555555556            24
    0.50000000000000    0.50000000000000    0.05555555555556             6
    0.08333333333333    0.08333333333333    0.08333333333333             8
    0.11111111111111    0.08333333333333    0.08333333333333            24
    0.13888888888889    0.08333333333333    0.08333333333333            24
    0.16666666666667    0.08333333333333    0.08333333333333            24
    0.19444444444444    0.08333333333333    0.08333333333333            24
    0.22222222222222    0.08333333333333    0.08333333333333            24
    0.25000000000000    0.08333333333333    0.08333333333333            24
    0.27777777777778    0.08333333333333    0.08333333333333            24
    0.30555555555556    0.08333333333333    0.08333333333333            24
    0.33333333333333    0.08333333333333    0.08333333333333            24
    0.36111111111111    0.08333333333333    0.08333333333333            24
    0.38888888888889    0.08333333333333    0.08333333333333            24
    0.41666666666667    0.08333333333333    0.08333333333333            24
    0.44444444444444    0.08333333333333    0.08333333333333            24
    0.47222222222222    0.08333333333333    0.08333333333333            24
    0.50000000000000    0.08333333333333    0.08333333333333            12
    0.11111111111111    0.11111111111111    0.08333333333333            24
    0.13888888888889    0.11111111111111    0.08333333333333            48
    0.16666666666667    0.11111111111111    0.08333333333333            48
    0.19444444444444    0.11111111111111    0.08333333333333            48
    0.22222222222222    0.11111111111111    0.08333333333333            48
    0.25000000000000    0.11111111111111    0.08333333333333            48
    0.27777777777778    0.11111111111111    0.08333333333333            48
    0.30555555555556    0.11111111111111    0.08333333333333            48
    0.33333333333333    0.11111111111111    0.08333333333333            48
    0.36111111111111    0.11111111111111    0.08333333333333            48
    0.38888888888889    0.11111111111111    0.08333333333333            48
    0.41666666666667    0.11111111111111    0.08333333333333            48
    0.44444444444444    0.11111111111111    0.08333333333333            48
    0.47222222222222    0.11111111111111    0.08333333333333            48
    0.50000000000000    0.11111111111111    0.08333333333333            24
    0.13888888888889    0.13888888888889    0.08333333333333            24
    0.16666666666667    0.13888888888889    0.08333333333333            48
    0.19444444444444    0.13888888888889    0.08333333333333            48
    0.22222222222222    0.13888888888889    0.08333333333333            48
    0.25000000000000    0.13888888888889    0.08333333333333            48
    0.27777777777778    0.13888888888889    0.08333333333333            48
    0.30555555555556    0.13888888888889    0.08333333333333            48
    0.33333333333333    0.13888888888889    0.08333333333333            48
    0.36111111111111    0.13888888888889    0.08333333333333            48
    0.38888888888889    0.13888888888889    0.08333333333333            48
    0.41666666666667    0.13888888888889    0.08333333333333            48
    0.44444444444444    0.13888888888889    0.08333333333333            48
    0.47222222222222    0.13888888888889    0.08333333333333            48
    0.50000000000000    0.13888888888889    0.08333333333333            24
    0.16666666666667    0.16666666666667    0.08333333333333            24
    0.19444444444444    0.16666666666667    0.08333333333333            48
    0.22222222222222    0.16666666666667    0.08333333333333            48
    0.25000000000000    0.16666666666667    0.08333333333333            48
    0.27777777777778    0.16666666666667    0.08333333333333            48
    0.30555555555556    0.16666666666667    0.08333333333333            48
    0.33333333333333    0.16666666666667    0.08333333333333            48
    0.36111111111111    0.16666666666667    0.08333333333333            48
    0.38888888888889    0.16666666666667    0.08333333333333            48
    0.41666666666667    0.16666666666667    0.08333333333333            48
    0.44444444444444    0.16666666666667    0.08333333333333            48
    0.47222222222222    0.16666666666667    0.08333333333333            48
    0.50000000000000    0.16666666666667    0.08333333333333            24
    0.19444444444444    0.19444444444444    0.08333333333333            24
    0.22222222222222    0.19444444444444    0.08333333333333            48
    0.25000000000000    0.19444444444444    0.08333333333333            48
    0.27777777777778    0.19444444444444    0.08333333333333            48
    0.30555555555556    0.19444444444444    0.08333333333333            48
    0.33333333333333    0.19444444444444    0.08333333333333            48
    0.36111111111111    0.19444444444444    0.08333333333333            48
    0.38888888888889    0.19444444444444    0.08333333333333            48
    0.41666666666667    0.19444444444444    0.08333333333333            48
    0.44444444444444    0.19444444444444    0.08333333333333            48
    0.47222222222222    0.19444444444444    0.08333333333333            48
    0.50000000000000    0.19444444444444    0.08333333333333            24
    0.22222222222222    0.22222222222222    0.08333333333333            24
    0.25000000000000    0.22222222222222    0.08333333333333            48
    0.27777777777778    0.22222222222222    0.08333333333333            48
    0.30555555555556    0.22222222222222    0.08333333333333            48
    0.33333333333333    0.22222222222222    0.08333333333333            48
    0.36111111111111    0.22222222222222    0.08333333333333            48
    0.38888888888889    0.22222222222222    0.08333333333333            48
    0.41666666666667    0.22222222222222    0.08333333333333            48
    0.44444444444444    0.22222222222222    0.08333333333333            48
    0.47222222222222    0.22222222222222    0.08333333333333            48
    0.50000000000000    0.22222222222222    0.08333333333333            24
    0.25000000000000    0.25000000000000    0.08333333333333            24
    0.27777777777778    0.25000000000000    0.08333333333333            48
    0.30555555555556    0.25000000000000    0.08333333333333            48
    0.33333333333333    0.25000000000000    0.08333333333333            48
    0.36111111111111    0.25000000000000    0.08333333333333            48
    0.38888888888889    0.25000000000000    0.08333333333333            48
    0.41666666666667    0.25000000000000    0.08333333333333            48
    0.44444444444444    0.25000000000000    0.08333333333333            48
    0.47222222222222    0.25000000000000    0.08333333333333            48
    0.50000000000000    0.25000000000000    0.08333333333333            24
    0.27777777777778    0.27777777777778    0.08333333333333            24
    0.30555555555556    0.27777777777778    0.08333333333333            48
    0.33333333333333    0.27777777777778    0.08333333333333            48
    0.36111111111111    0.27777777777778    0.08333333333333            48
    0.38888888888889    0.27777777777778    0.08333333333333            48
    0.41666666666667    0.27777777777778    0.08333333333333            48
    0.44444444444444    0.27777777777778    0.08333333333333            48
    0.47222222222222    0.27777777777778    0.08333333333333            48
    0.50000000000000    0.27777777777778    0.08333333333333            24
    0.30555555555556    0.30555555555556    0.08333333333333            24
    0.33333333333333    0.30555555555556    0.08333333333333            48
    0.36111111111111    0.30555555555556    0.08333333333333            48
    0.38888888888889    0.30555555555556    0.08333333333333            48
    0.41666666666667    0.30555555555556    0.08333333333333            48
    0.44444444444444    0.30555555555556    0.08333333333333            48
    0.47222222222222    0.30555555555556    0.08333333333333            48
    0.50000000000000    0.30555555555556    0.08333333333333            24
    0.33333333333333    0.33333333333333    0.08333333333333            24
    0.36111111111111    0.33333333333333    0.08333333333333            48
    0.38888888888889    0.33333333333333    0.08333333333333            48
    0.41666666666667    0.33333333333333    0.08333333333333            48
    0.44444444444444    0.33333333333333    0.08333333333333            48
    0.47222222222222    0.33333333333333    0.08333333333333            48
    0.50000000000000    0.33333333333333    0.08333333333333            24
    0.36111111111111    0.36111111111111    0.08333333333333            24
    0.38888888888889    0.36111111111111    0.08333333333333            48
    0.41666666666667    0.36111111111111    0.08333333333333            48
    0.44444444444444    0.36111111111111    0.08333333333333            48
    0.47222222222222    0.36111111111111    0.08333333333333            48
    0.50000000000000    0.36111111111111    0.08333333333333            24
    0.38888888888889    0.38888888888889    0.08333333333333            24
    0.41666666666667    0.38888888888889    0.08333333333333            48
    0.44444444444444    0.38888888888889    0.08333333333333            48
    0.47222222222222    0.38888888888889    0.08333333333333            48
    0.50000000000000    0.38888888888889    0.08333333333333            24
    0.41666666666667    0.41666666666667    0.08333333333333            24
    0.44444444444444    0.41666666666667    0.08333333333333            48
    0.47222222222222    0.41666666666667    0.08333333333333            48
    0.50000000000000    0.41666666666667    0.08333333333333            24
    0.44444444444444    0.44444444444444    0.08333333333333            24
    0.47222222222222    0.44444444444444    0.08333333333333            48
    0.50000000000000    0.44444444444444    0.08333333333333            24
    0.47222222222222    0.47222222222222    0.08333333333333            24
    0.50000000000000    0.47222222222222    0.08333333333333            24
    0.50000000000000    0.50000000000000    0.08333333333333             6
    0.11111111111111    0.11111111111111    0.11111111111111             8
    0.13888888888889    0.11111111111111    0.11111111111111            24
    0.16666666666667    0.11111111111111    0.11111111111111            24
    0.19444444444444    0.11111111111111    0.11111111111111            24
    0.22222222222222    0.11111111111111    0.11111111111111            24
    0.25000000000000    0.11111111111111    0.11111111111111            24
    0.27777777777778    0.11111111111111    0.11111111111111            24
    0.30555555555556    0.11111111111111    0.11111111111111            24
    0.33333333333333    0.11111111111111    0.11111111111111            24
    0.36111111111111    0.11111111111111    0.11111111111111            24
    0.38888888888889    0.11111111111111    0.11111111111111            24
    0.41666666666667    0.11111111111111    0.11111111111111            24
    0.44444444444444    0.11111111111111    0.11111111111111            24
    0.47222222222222    0.11111111111111    0.11111111111111            24
    0.50000000000000    0.11111111111111    0.11111111111111            12
    0.13888888888889    0.13888888888889    0.11111111111111            24
    0.16666666666667    0.13888888888889    0.11111111111111            48
    0.19444444444444    0.13888888888889    0.11111111111111            48
    0.22222222222222    0.13888888888889    0.11111111111111            48
    0.25000000000000    0.13888888888889    0.11111111111111            48
    0.27777777777778    0.13888888888889    0.11111111111111            48
    0.30555555555556    0.13888888888889    0.11111111111111            48
    0.33333333333333    0.13888888888889    0.11111111111111            48
    0.36111111111111    0.13888888888889    0.11111111111111            48
    0.38888888888889    0.13888888888889    0.11111111111111            48
    0.41666666666667    0.13888888888889    0.11111111111111            48
    0.44444444444444    0.13888888888889    0.11111111111111            48
    0.47222222222222    0.13888888888889    0.11111111111111            48
    0.50000000000000    0.13888888888889    0.11111111111111            24
    0.16666666666667    0.16666666666667    0.11111111111111            24
    0.19444444444444    0.16666666666667    0.11111111111111            48
    0.22222222222222    0.16666666666667    0.11111111111111            48
    0.25000000000000    0.16666666666667    0.11111111111111            48
    0.27777777777778    0.16666666666667    0.11111111111111            48
    0.30555555555556    0.16666666666667    0.11111111111111            48
    0.33333333333333    0.16666666666667    0.11111111111111            48
    0.36111111111111    0.16666666666667    0.11111111111111            48
    0.38888888888889    0.16666666666667    0.11111111111111            48
    0.41666666666667    0.16666666666667    0.11111111111111            48
    0.44444444444444    0.16666666666667    0.11111111111111            48
    0.47222222222222    0.16666666666667    0.11111111111111            48
    0.50000000000000    0.16666666666667    0.11111111111111            24
    0.19444444444444    0.19444444444444    0.11111111111111            24
    0.22222222222222    0.19444444444444    0.11111111111111            48
    0.25000000000000    0.19444444444444    0.11111111111111            48
    0.27777777777778    0.19444444444444    0.11111111111111            48
    0.30555555555556    0.19444444444444    0.11111111111111            48
    0.33333333333333    0.19444444444444    0.11111111111111            48
    0.36111111111111    0.19444444444444    0.11111111111111            48
    0.38888888888889    0.19444444444444    0.11111111111111            48
    0.41666666666667    0.19444444444444    0.11111111111111            48
    0.44444444444444    0.19444444444444    0.11111111111111            48
    0.47222222222222    0.19444444444444    0.11111111111111            48
    0.50000000000000    0.19444444444444    0.11111111111111            24
    0.22222222222222    0.22222222222222    0.11111111111111            24
    0.25000000000000    0.22222222222222    0.11111111111111            48
    0.27777777777778    0.22222222222222    0.11111111111111            48
    0.30555555555556    0.22222222222222    0.11111111111111            48
    0.33333333333333    0.22222222222222    0.11111111111111            48
    0.36111111111111    0.22222222222222    0.11111111111111            48
    0.38888888888889    0.22222222222222    0.11111111111111            48
    0.41666666666667    0.22222222222222    0.11111111111111            48
    0.44444444444444    0.22222222222222    0.11111111111111            48
    0.47222222222222    0.22222222222222    0.11111111111111            48
    0.50000000000000    0.22222222222222    0.11111111111111            24
    0.25000000000000    0.25000000000000    0.11111111111111            24
    0.27777777777778    0.25000000000000    0.11111111111111            48
    0.30555555555556    0.25000000000000    0.11111111111111            48
    0.33333333333333    0.25000000000000    0.11111111111111            48
    0.36111111111111    0.25000000000000    0.11111111111111            48
    0.38888888888889    0.25000000000000    0.11111111111111            48
    0.41666666666667    0.25000000000000    0.11111111111111            48
    0.44444444444444    0.25000000000000    0.11111111111111            48
    0.47222222222222    0.25000000000000    0.11111111111111            48
    0.50000000000000    0.25000000000000    0.11111111111111            24
    0.27777777777778    0.27777777777778    0.11111111111111            24
    0.30555555555556    0.27777777777778    0.11111111111111            48
    0.33333333333333    0.27777777777778    0.11111111111111            48
    0.36111111111111    0.27777777777778    0.11111111111111            48
    0.38888888888889    0.27777777777778    0.11111111111111            48
    0.41666666666667    0.27777777777778    0.11111111111111            48
    0.44444444444444    0.27777777777778    0.11111111111111            48
    0.47222222222222    0.27777777777778    0.11111111111111            48
    0.50000000000000    0.27777777777778    0.11111111111111            24
    0.30555555555556    0.30555555555556    0.11111111111111            24
    0.33333333333333    0.30555555555556    0.11111111111111            48
    0.36111111111111    0.30555555555556    0.11111111111111            48
    0.38888888888889    0.30555555555556    0.11111111111111            48
    0.41666666666667    0.30555555555556    0.11111111111111            48
    0.44444444444444    0.30555555555556    0.11111111111111            48
    0.47222222222222    0.30555555555556    0.11111111111111            48
    0.50000000000000    0.30555555555556    0.11111111111111            24
    0.33333333333333    0.33333333333333    0.11111111111111            24
    0.36111111111111    0.33333333333333    0.11111111111111            48
    0.38888888888889    0.33333333333333    0.11111111111111            48
    0.41666666666667    0.33333333333333    0.11111111111111            48
    0.44444444444444    0.33333333333333    0.11111111111111            48
    0.47222222222222    0.33333333333333    0.11111111111111            48
    0.50000000000000    0.33333333333333    0.11111111111111            24
    0.36111111111111    0.36111111111111    0.11111111111111            24
    0.38888888888889    0.36111111111111    0.11111111111111            48
    0.41666666666667    0.36111111111111    0.11111111111111            48
    0.44444444444444    0.36111111111111    0.11111111111111            48
    0.47222222222222    0.36111111111111    0.11111111111111            48
    0.50000000000000    0.36111111111111    0.11111111111111            24
    0.38888888888889    0.38888888888889    0.11111111111111            24
    0.41666666666667    0.38888888888889    0.11111111111111            48
    0.44444444444444    0.38888888888889    0.11111111111111            48
    0.47222222222222    0.38888888888889    0.11111111111111            48
    0.50000000000000    0.38888888888889    0.11111111111111            24
    0.41666666666667    0.41666666666667    0.11111111111111            24
    0.44444444444444    0.41666666666667    0.11111111111111            48
    0.47222222222222    0.41666666666667    0.11111111111111            48
    0.50000000000000    0.41666666666667    0.11111111111111            24
    0.44444444444444    0.44444444444444    0.11111111111111            24
    0.47222222222222    0.44444444444444    0.11111111111111            48
    0.50000000000000    0.44444444444444    0.11111111111111            24
    0.47222222222222    0.47222222222222    0.11111111111111            24
    0.50000000000000    0.47222222222222    0.11111111111111            24
    0.50000000000000    0.50000000000000    0.11111111111111             6
    0.13888888888889    0.13888888888889    0.13888888888889             8
    0.16666666666667    0.13888888888889    0.13888888888889            24
    0.19444444444444    0.13888888888889    0.13888888888889            24
    0.22222222222222    0.13888888888889    0.13888888888889            24
    0.25000000000000    0.13888888888889    0.13888888888889            24
    0.27777777777778    0.13888888888889    0.13888888888889            24
    0.30555555555556    0.13888888888889    0.13888888888889            24
    0.33333333333333    0.13888888888889    0.13888888888889            24
    0.36111111111111    0.13888888888889    0.13888888888889            24
    0.38888888888889    0.13888888888889    0.13888888888889            24
    0.41666666666667    0.13888888888889    0.13888888888889            24
    0.44444444444444    0.13888888888889    0.13888888888889            24
    0.47222222222222    0.13888888888889    0.13888888888889            24
    0.50000000000000    0.13888888888889    0.13888888888889            12
    0.16666666666667    0.16666666666667    0.13888888888889            24
    0.19444444444444    0.16666666666667    0.13888888888889            48
    0.22222222222222    0.16666666666667    0.13888888888889            48
    0.25000000000000    0.16666666666667    0.13888888888889            48
    0.27777777777778    0.16666666666667    0.13888888888889            48
    0.30555555555556    0.16666666666667    0.13888888888889            48
    0.33333333333333    0.16666666666667    0.13888888888889            48
    0.36111111111111    0.16666666666667    0.13888888888889            48
    0.38888888888889    0.16666666666667    0.13888888888889            48
    0.41666666666667    0.16666666666667    0.13888888888889            48
    0.44444444444444    0.16666666666667    0.13888888888889            48
    0.47222222222222    0.16666666666667    0.13888888888889            48
    0.50000000000000    0.16666666666667    0.13888888888889            24
    0.19444444444444    0.19444444444444    0.13888888888889            24
    0.22222222222222    0.19444444444444    0.13888888888889            48
    0.25000000000000    0.19444444444444    0.13888888888889            48
    0.27777777777778    0.19444444444444    0.13888888888889            48
    0.30555555555556    0.19444444444444    0.13888888888889            48
    0.33333333333333    0.19444444444444    0.13888888888889            48
    0.36111111111111    0.19444444444444    0.13888888888889            48
    0.38888888888889    0.19444444444444    0.13888888888889            48
    0.41666666666667    0.19444444444444    0.13888888888889            48
    0.44444444444444    0.19444444444444    0.13888888888889            48
    0.47222222222222    0.19444444444444    0.13888888888889            48
    0.50000000000000    0.19444444444444    0.13888888888889            24
    0.22222222222222    0.22222222222222    0.13888888888889            24
    0.25000000000000    0.22222222222222    0.13888888888889            48
    0.27777777777778    0.22222222222222    0.13888888888889            48
    0.30555555555556    0.22222222222222    0.13888888888889            48
    0.33333333333333    0.22222222222222    0.13888888888889            48
    0.36111111111111    0.22222222222222    0.13888888888889            48
    0.38888888888889    0.22222222222222    0.13888888888889            48
    0.41666666666667    0.22222222222222    0.13888888888889            48
    0.44444444444444    0.22222222222222    0.13888888888889            48
    0.47222222222222    0.22222222222222    0.13888888888889            48
    0.50000000000000    0.22222222222222    0.13888888888889            24
    0.25000000000000    0.25000000000000    0.13888888888889            24
    0.27777777777778    0.25000000000000    0.13888888888889            48
    0.30555555555556    0.25000000000000    0.13888888888889            48
    0.33333333333333    0.25000000000000    0.13888888888889            48
    0.36111111111111    0.25000000000000    0.13888888888889            48
    0.38888888888889    0.25000000000000    0.13888888888889            48
    0.41666666666667    0.25000000000000    0.13888888888889            48
    0.44444444444444    0.25000000000000    0.13888888888889            48
    0.47222222222222    0.25000000000000    0.13888888888889            48
    0.50000000000000    0.25000000000000    0.13888888888889            24
    0.27777777777778    0.27777777777778    0.13888888888889            24
    0.30555555555556    0.27777777777778    0.13888888888889            48
    0.33333333333333    0.27777777777778    0.13888888888889            48
    0.36111111111111    0.27777777777778    0.13888888888889            48
    0.38888888888889    0.27777777777778    0.13888888888889            48
    0.41666666666667    0.27777777777778    0.13888888888889            48
    0.44444444444444    0.27777777777778    0.13888888888889            48
    0.47222222222222    0.27777777777778    0.13888888888889            48
    0.50000000000000    0.27777777777778    0.13888888888889            24
    0.30555555555556    0.30555555555556    0.13888888888889            24
    0.33333333333333    0.30555555555556    0.13888888888889            48
    0.36111111111111    0.30555555555556    0.13888888888889            48
    0.38888888888889    0.30555555555556    0.13888888888889            48
    0.41666666666667    0.30555555555556    0.13888888888889            48
    0.44444444444444    0.30555555555556    0.13888888888889            48
    0.47222222222222    0.30555555555556    0.13888888888889            48
    0.50000000000000    0.30555555555556    0.13888888888889            24
    0.33333333333333    0.33333333333333    0.13888888888889            24
    0.36111111111111    0.33333333333333    0.13888888888889            48
    0.38888888888889    0.33333333333333    0.13888888888889            48
    0.41666666666667    0.33333333333333    0.13888888888889            48
    0.44444444444444    0.33333333333333    0.13888888888889            48
    0.47222222222222    0.33333333333333    0.13888888888889            48
    0.50000000000000    0.33333333333333    0.13888888888889            24
    0.36111111111111    0.36111111111111    0.13888888888889            24
    0.38888888888889    0.36111111111111    0.13888888888889            48
    0.41666666666667    0.36111111111111    0.13888888888889            48
    0.44444444444444    0.36111111111111    0.13888888888889            48
    0.47222222222222    0.36111111111111    0.13888888888889            48
    0.50000000000000    0.36111111111111    0.13888888888889            24
    0.38888888888889    0.38888888888889    0.13888888888889            24
    0.41666666666667    0.38888888888889    0.13888888888889            48
    0.44444444444444    0.38888888888889    0.13888888888889            48
    0.47222222222222    0.38888888888889    0.13888888888889            48
    0.50000000000000    0.38888888888889    0.13888888888889            24
    0.41666666666667    0.41666666666667    0.13888888888889            24
    0.44444444444444    0.41666666666667    0.13888888888889            48
    0.47222222222222    0.41666666666667    0.13888888888889            48
    0.50000000000000    0.41666666666667    0.13888888888889            24
    0.44444444444444    0.44444444444444    0.13888888888889            24
    0.47222222222222    0.44444444444444    0.13888888888889            48
    0.50000000000000    0.44444444444444    0.13888888888889            24
    0.47222222222222    0.47222222222222    0.13888888888889            24
    0.50000000000000    0.47222222222222    0.13888888888889            24
    0.50000000000000    0.50000000000000    0.13888888888889             6
    0.16666666666667    0.16666666666667    0.16666666666667             8
    0.19444444444444    0.16666666666667    0.16666666666667            24
    0.22222222222222    0.16666666666667    0.16666666666667            24
    0.25000000000000    0.16666666666667    0.16666666666667            24
    0.27777777777778    0.16666666666667    0.16666666666667            24
    0.30555555555556    0.16666666666667    0.16666666666667            24
    0.33333333333333    0.16666666666667    0.16666666666667            24
    0.36111111111111    0.16666666666667    0.16666666666667            24
    0.38888888888889    0.16666666666667    0.16666666666667            24
    0.41666666666667    0.16666666666667    0.16666666666667            24
    0.44444444444444    0.16666666666667    0.16666666666667            24
    0.47222222222222    0.16666666666667    0.16666666666667            24
    0.50000000000000    0.16666666666667    0.16666666666667            12
    0.19444444444444    0.19444444444444    0.16666666666667            24
    0.22222222222222    0.19444444444444    0.16666666666667            48
    0.25000000000000    0.19444444444444    0.16666666666667            48
    0.27777777777778    0.19444444444444    0.16666666666667            48
    0.30555555555556    0.19444444444444    0.16666666666667            48
    0.33333333333333    0.19444444444444    0.16666666666667            48
    0.36111111111111    0.19444444444444    0.16666666666667            48
    0.38888888888889    0.19444444444444    0.16666666666667            48
    0.41666666666667    0.19444444444444    0.16666666666667            48
    0.44444444444444    0.19444444444444    0.16666666666667            48
    0.47222222222222    0.19444444444444    0.16666666666667            48
    0.50000000000000    0.19444444444444    0.16666666666667            24
    0.22222222222222    0.22222222222222    0.16666666666667            24
    0.25000000000000    0.22222222222222    0.16666666666667            48
    0.27777777777778    0.22222222222222    0.16666666666667            48
    0.30555555555556    0.22222222222222    0.16666666666667            48
    0.33333333333333    0.22222222222222    0.16666666666667            48
    0.36111111111111    0.22222222222222    0.16666666666667            48
    0.38888888888889    0.22222222222222    0.16666666666667            48
    0.41666666666667    0.22222222222222    0.16666666666667            48
    0.44444444444444    0.22222222222222    0.16666666666667            48
    0.47222222222222    0.22222222222222    0.16666666666667            48
    0.50000000000000    0.22222222222222    0.16666666666667            24
    0.25000000000000    0.25000000000000    0.16666666666667            24
    0.27777777777778    0.25000000000000    0.16666666666667            48
    0.30555555555556    0.25000000000000    0.16666666666667            48
    0.33333333333333    0.25000000000000    0.16666666666667            48
    0.36111111111111    0.25000000000000    0.16666666666667            48
    0.38888888888889    0.25000000000000    0.16666666666667            48
    0.41666666666667    0.25000000000000    0.16666666666667            48
    0.44444444444444    0.25000000000000    0.16666666666667            48
    0.47222222222222    0.25000000000000    0.16666666666667            48
    0.50000000000000    0.25000000000000    0.16666666666667            24
    0.27777777777778    0.27777777777778    0.16666666666667            24
    0.30555555555556    0.27777777777778    0.16666666666667            48
    0.33333333333333    0.27777777777778    0.16666666666667            48
    0.36111111111111    0.27777777777778    0.16666666666667            48
    0.38888888888889    0.27777777777778    0.16666666666667            48
    0.41666666666667    0.27777777777778    0.16666666666667            48
    0.44444444444444    0.27777777777778    0.16666666666667            48
    0.47222222222222    0.27777777777778    0.16666666666667            48
    0.50000000000000    0.27777777777778    0.16666666666667            24
    0.30555555555556    0.30555555555556    0.16666666666667            24
    0.33333333333333    0.30555555555556    0.16666666666667            48
    0.36111111111111    0.30555555555556    0.16666666666667            48
    0.38888888888889    0.30555555555556    0.16666666666667            48
    0.41666666666667    0.30555555555556    0.16666666666667            48
    0.44444444444444    0.30555555555556    0.16666666666667            48
    0.47222222222222    0.30555555555556    0.16666666666667            48
    0.50000000000000    0.30555555555556    0.16666666666667            24
    0.33333333333333    0.33333333333333    0.16666666666667            24
    0.36111111111111    0.33333333333333    0.16666666666667            48
    0.38888888888889    0.33333333333333    0.16666666666667            48
    0.41666666666667    0.33333333333333    0.16666666666667            48
    0.44444444444444    0.33333333333333    0.16666666666667            48
    0.47222222222222    0.33333333333333    0.16666666666667            48
    0.50000000000000    0.33333333333333    0.16666666666667            24
    0.36111111111111    0.36111111111111    0.16666666666667            24
    0.38888888888889    0.36111111111111    0.16666666666667            48
    0.41666666666667    0.36111111111111    0.16666666666667            48
    0.44444444444444    0.36111111111111    0.16666666666667            48
    0.47222222222222    0.36111111111111    0.16666666666667            48
    0.50000000000000    0.36111111111111    0.16666666666667            24
    0.38888888888889    0.38888888888889    0.16666666666667            24
    0.41666666666667    0.38888888888889    0.16666666666667            48
    0.44444444444444    0.38888888888889    0.16666666666667            48
    0.47222222222222    0.38888888888889    0.16666666666667            48
    0.50000000000000    0.38888888888889    0.16666666666667            24
    0.41666666666667    0.41666666666667    0.16666666666667            24
    0.44444444444444    0.41666666666667    0.16666666666667            48
    0.47222222222222    0.41666666666667    0.16666666666667            48
    0.50000000000000    0.41666666666667    0.16666666666667            24
    0.44444444444444    0.44444444444444    0.16666666666667            24
    0.47222222222222    0.44444444444444    0.16666666666667            48
    0.50000000000000    0.44444444444444    0.16666666666667            24
    0.47222222222222    0.47222222222222    0.16666666666667            24
    0.50000000000000    0.47222222222222    0.16666666666667            24
    0.50000000000000    0.50000000000000    0.16666666666667             6
    0.19444444444444    0.19444444444444    0.19444444444444             8
    0.22222222222222    0.19444444444444    0.19444444444444            24
    0.25000000000000    0.19444444444444    0.19444444444444            24
    0.27777777777778    0.19444444444444    0.19444444444444            24
    0.30555555555556    0.19444444444444    0.19444444444444            24
    0.33333333333333    0.19444444444444    0.19444444444444            24
    0.36111111111111    0.19444444444444    0.19444444444444            24
    0.38888888888889    0.19444444444444    0.19444444444444            24
    0.41666666666667    0.19444444444444    0.19444444444444            24
    0.44444444444444    0.19444444444444    0.19444444444444            24
    0.47222222222222    0.19444444444444    0.19444444444444            24
    0.50000000000000    0.19444444444444    0.19444444444444            12
    0.22222222222222    0.22222222222222    0.19444444444444            24
    0.25000000000000    0.22222222222222    0.19444444444444            48
    0.27777777777778    0.22222222222222    0.19444444444444            48
    0.30555555555556    0.22222222222222    0.19444444444444            48
    0.33333333333333    0.22222222222222    0.19444444444444            48
    0.36111111111111    0.22222222222222    0.19444444444444            48
    0.38888888888889    0.22222222222222    0.19444444444444            48
    0.41666666666667    0.22222222222222    0.19444444444444            48
    0.44444444444444    0.22222222222222    0.19444444444444            48
    0.47222222222222    0.22222222222222    0.19444444444444            48
    0.50000000000000    0.22222222222222    0.19444444444444            24
    0.25000000000000    0.25000000000000    0.19444444444444            24
    0.27777777777778    0.25000000000000    0.19444444444444            48
    0.30555555555556    0.25000000000000    0.19444444444444            48
    0.33333333333333    0.25000000000000    0.19444444444444            48
    0.36111111111111    0.25000000000000    0.19444444444444            48
    0.38888888888889    0.25000000000000    0.19444444444444            48
    0.41666666666667    0.25000000000000    0.19444444444444            48
    0.44444444444444    0.25000000000000    0.19444444444444            48
    0.47222222222222    0.25000000000000    0.19444444444444            48
    0.50000000000000    0.25000000000000    0.19444444444444            24
    0.27777777777778    0.27777777777778    0.19444444444444            24
    0.30555555555556    0.27777777777778    0.19444444444444            48
    0.33333333333333    0.27777777777778    0.19444444444444            48
    0.36111111111111    0.27777777777778    0.19444444444444            48
    0.38888888888889    0.27777777777778    0.19444444444444            48
    0.41666666666667    0.27777777777778    0.19444444444444            48
    0.44444444444444    0.27777777777778    0.19444444444444            48
    0.47222222222222    0.27777777777778    0.19444444444444            48
    0.50000000000000    0.27777777777778    0.19444444444444            24
    0.30555555555556    0.30555555555556    0.19444444444444            24
    0.33333333333333    0.30555555555556    0.19444444444444            48
    0.36111111111111    0.30555555555556    0.19444444444444            48
    0.38888888888889    0.30555555555556    0.19444444444444            48
    0.41666666666667    0.30555555555556    0.19444444444444            48
    0.44444444444444    0.30555555555556    0.19444444444444            48
    0.47222222222222    0.30555555555556    0.19444444444444            48
    0.50000000000000    0.30555555555556    0.19444444444444            24
    0.33333333333333    0.33333333333333    0.19444444444444            24
    0.36111111111111    0.33333333333333    0.19444444444444            48
    0.38888888888889    0.33333333333333    0.19444444444444            48
    0.41666666666667    0.33333333333333    0.19444444444444            48
    0.44444444444444    0.33333333333333    0.19444444444444            48
    0.47222222222222    0.33333333333333    0.19444444444444            48
    0.50000000000000    0.33333333333333    0.19444444444444            24
    0.36111111111111    0.36111111111111    0.19444444444444            24
    0.38888888888889    0.36111111111111    0.19444444444444            48
    0.41666666666667    0.36111111111111    0.19444444444444            48
    0.44444444444444    0.36111111111111    0.19444444444444            48
    0.47222222222222    0.36111111111111    0.19444444444444            48
    0.50000000000000    0.36111111111111    0.19444444444444            24
    0.38888888888889    0.38888888888889    0.19444444444444            24
    0.41666666666667    0.38888888888889    0.19444444444444            48
    0.44444444444444    0.38888888888889    0.19444444444444            48
    0.47222222222222    0.38888888888889    0.19444444444444            48
    0.50000000000000    0.38888888888889    0.19444444444444            24
    0.41666666666667    0.41666666666667    0.19444444444444            24
    0.44444444444444    0.41666666666667    0.19444444444444            48
    0.47222222222222    0.41666666666667    0.19444444444444            48
    0.50000000000000    0.41666666666667    0.19444444444444            24
    0.44444444444444    0.44444444444444    0.19444444444444            24
    0.47222222222222    0.44444444444444    0.19444444444444            48
    0.50000000000000    0.44444444444444    0.19444444444444            24
    0.47222222222222    0.47222222222222    0.19444444444444            24
    0.50000000000000    0.47222222222222    0.19444444444444            24
    0.50000000000000    0.50000000000000    0.19444444444444             6
    0.22222222222222    0.22222222222222    0.22222222222222             8
    0.25000000000000    0.22222222222222    0.22222222222222            24
    0.27777777777778    0.22222222222222    0.22222222222222            24
    0.30555555555556    0.22222222222222    0.22222222222222            24
    0.33333333333333    0.22222222222222    0.22222222222222            24
    0.36111111111111    0.22222222222222    0.22222222222222            24
    0.38888888888889    0.22222222222222    0.22222222222222            24
    0.41666666666667    0.22222222222222    0.22222222222222            24
    0.44444444444444    0.22222222222222    0.22222222222222            24
    0.47222222222222    0.22222222222222    0.22222222222222            24
    0.50000000000000    0.22222222222222    0.22222222222222            12
    0.25000000000000    0.25000000000000    0.22222222222222            24
    0.27777777777778    0.25000000000000    0.22222222222222            48
    0.30555555555556    0.25000000000000    0.22222222222222            48
    0.33333333333333    0.25000000000000    0.22222222222222            48
    0.36111111111111    0.25000000000000    0.22222222222222            48
    0.38888888888889    0.25000000000000    0.22222222222222            48
    0.41666666666667    0.25000000000000    0.22222222222222            48
    0.44444444444444    0.25000000000000    0.22222222222222            48
    0.47222222222222    0.25000000000000    0.22222222222222            48
    0.50000000000000    0.25000000000000    0.22222222222222            24
    0.27777777777778    0.27777777777778    0.22222222222222            24
    0.30555555555556    0.27777777777778    0.22222222222222            48
    0.33333333333333    0.27777777777778    0.22222222222222            48
    0.36111111111111    0.27777777777778    0.22222222222222            48
    0.38888888888889    0.27777777777778    0.22222222222222            48
    0.41666666666667    0.27777777777778    0.22222222222222            48
    0.44444444444444    0.27777777777778    0.22222222222222            48
    0.47222222222222    0.27777777777778    0.22222222222222            48
    0.50000000000000    0.27777777777778    0.22222222222222            24
    0.30555555555556    0.30555555555556    0.22222222222222            24
    0.33333333333333    0.30555555555556    0.22222222222222            48
    0.36111111111111    0.30555555555556    0.22222222222222            48
    0.38888888888889    0.30555555555556    0.22222222222222            48
    0.41666666666667    0.30555555555556    0.22222222222222            48
    0.44444444444444    0.30555555555556    0.22222222222222            48
    0.47222222222222    0.30555555555556    0.22222222222222            48
    0.50000000000000    0.30555555555556    0.22222222222222            24
    0.33333333333333    0.33333333333333    0.22222222222222            24
    0.36111111111111    0.33333333333333    0.22222222222222            48
    0.38888888888889    0.33333333333333    0.22222222222222            48
    0.41666666666667    0.33333333333333    0.22222222222222            48
    0.44444444444444    0.33333333333333    0.22222222222222            48
    0.47222222222222    0.33333333333333    0.22222222222222            48
    0.50000000000000    0.33333333333333    0.22222222222222            24
    0.36111111111111    0.36111111111111    0.22222222222222            24
    0.38888888888889    0.36111111111111    0.22222222222222            48
    0.41666666666667    0.36111111111111    0.22222222222222            48
    0.44444444444444    0.36111111111111    0.22222222222222            48
    0.47222222222222    0.36111111111111    0.22222222222222            48
    0.50000000000000    0.36111111111111    0.22222222222222            24
    0.38888888888889    0.38888888888889    0.22222222222222            24
    0.41666666666667    0.38888888888889    0.22222222222222            48
    0.44444444444444    0.38888888888889    0.22222222222222            48
    0.47222222222222    0.38888888888889    0.22222222222222            48
    0.50000000000000    0.38888888888889    0.22222222222222            24
    0.41666666666667    0.41666666666667    0.22222222222222            24
    0.44444444444444    0.41666666666667    0.22222222222222            48
    0.47222222222222    0.41666666666667    0.22222222222222            48
    0.50000000000000    0.41666666666667    0.22222222222222            24
    0.44444444444444    0.44444444444444    0.22222222222222            24
    0.47222222222222    0.44444444444444    0.22222222222222            48
    0.50000000000000    0.44444444444444    0.22222222222222            24
    0.47222222222222    0.47222222222222    0.22222222222222            24
    0.50000000000000    0.47222222222222    0.22222222222222            24
    0.50000000000000    0.50000000000000    0.22222222222222             6
    0.25000000000000    0.25000000000000    0.25000000000000             8
    0.27777777777778    0.25000000000000    0.25000000000000            24
    0.30555555555556    0.25000000000000    0.25000000000000            24
    0.33333333333333    0.25000000000000    0.25000000000000            24
    0.36111111111111    0.25000000000000    0.25000000000000            24
    0.38888888888889    0.25000000000000    0.25000000000000            24
    0.41666666666667    0.25000000000000    0.25000000000000            24
    0.44444444444444    0.25000000000000    0.25000000000000            24
    0.47222222222222    0.25000000000000    0.25000000000000            24
    0.50000000000000    0.25000000000000    0.25000000000000            12
    0.27777777777778    0.27777777777778    0.25000000000000            24
    0.30555555555556    0.27777777777778    0.25000000000000            48
    0.33333333333333    0.27777777777778    0.25000000000000            48
    0.36111111111111    0.27777777777778    0.25000000000000            48
    0.38888888888889    0.27777777777778    0.25000000000000            48
    0.41666666666667    0.27777777777778    0.25000000000000            48
    0.44444444444444    0.27777777777778    0.25000000000000            48
    0.47222222222222    0.27777777777778    0.25000000000000            48
    0.50000000000000    0.27777777777778    0.25000000000000            24
    0.30555555555556    0.30555555555556    0.25000000000000            24
    0.33333333333333    0.30555555555556    0.25000000000000            48
    0.36111111111111    0.30555555555556    0.25000000000000            48
    0.38888888888889    0.30555555555556    0.25000000000000            48
    0.41666666666667    0.30555555555556    0.25000000000000            48
    0.44444444444444    0.30555555555556    0.25000000000000            48
    0.47222222222222    0.30555555555556    0.25000000000000            48
    0.50000000000000    0.30555555555556    0.25000000000000            24
    0.33333333333333    0.33333333333333    0.25000000000000            24
    0.36111111111111    0.33333333333333    0.25000000000000            48
    0.38888888888889    0.33333333333333    0.25000000000000            48
    0.41666666666667    0.33333333333333    0.25000000000000            48
    0.44444444444444    0.33333333333333    0.25000000000000            48
    0.47222222222222    0.33333333333333    0.25000000000000            48
    0.50000000000000    0.33333333333333    0.25000000000000            24
    0.36111111111111    0.36111111111111    0.25000000000000            24
    0.38888888888889    0.36111111111111    0.25000000000000            48
    0.41666666666667    0.36111111111111    0.25000000000000            48
    0.44444444444444    0.36111111111111    0.25000000000000            48
    0.47222222222222    0.36111111111111    0.25000000000000            48
    0.50000000000000    0.36111111111111    0.25000000000000            24
    0.38888888888889    0.38888888888889    0.25000000000000            24
    0.41666666666667    0.38888888888889    0.25000000000000            48
    0.44444444444444    0.38888888888889    0.25000000000000            48
    0.47222222222222    0.38888888888889    0.25000000000000            48
    0.50000000000000    0.38888888888889    0.25000000000000            24
    0.41666666666667    0.41666666666667    0.25000000000000            24
    0.44444444444444    0.41666666666667    0.25000000000000            48
    0.47222222222222    0.41666666666667    0.25000000000000            48
    0.50000000000000    0.41666666666667    0.25000000000000            24
    0.44444444444444    0.44444444444444    0.25000000000000            24
    0.47222222222222    0.44444444444444    0.25000000000000            48
    0.50000000000000    0.44444444444444    0.25000000000000            24
    0.47222222222222    0.47222222222222    0.25000000000000            24
    0.50000000000000    0.47222222222222    0.25000000000000            24
    0.50000000000000    0.50000000000000    0.25000000000000             6
    0.27777777777778    0.27777777777778    0.27777777777778             8
    0.30555555555556    0.27777777777778    0.27777777777778            24
    0.33333333333333    0.27777777777778    0.27777777777778            24
    0.36111111111111    0.27777777777778    0.27777777777778            24
    0.38888888888889    0.27777777777778    0.27777777777778            24
    0.41666666666667    0.27777777777778    0.27777777777778            24
    0.44444444444444    0.27777777777778    0.27777777777778            24
    0.47222222222222    0.27777777777778    0.27777777777778            24
    0.50000000000000    0.27777777777778    0.27777777777778            12
    0.30555555555556    0.30555555555556    0.27777777777778            24
    0.33333333333333    0.30555555555556    0.27777777777778            48
    0.36111111111111    0.30555555555556    0.27777777777778            48
    0.38888888888889    0.30555555555556    0.27777777777778            48
    0.41666666666667    0.30555555555556    0.27777777777778            48
    0.44444444444444    0.30555555555556    0.27777777777778            48
    0.47222222222222    0.30555555555556    0.27777777777778            48
    0.50000000000000    0.30555555555556    0.27777777777778            24
    0.33333333333333    0.33333333333333    0.27777777777778            24
    0.36111111111111    0.33333333333333    0.27777777777778            48
    0.38888888888889    0.33333333333333    0.27777777777778            48
    0.41666666666667    0.33333333333333    0.27777777777778            48
    0.44444444444444    0.33333333333333    0.27777777777778            48
    0.47222222222222    0.33333333333333    0.27777777777778            48
    0.50000000000000    0.33333333333333    0.27777777777778            24
    0.36111111111111    0.36111111111111    0.27777777777778            24
    0.38888888888889    0.36111111111111    0.27777777777778            48
    0.41666666666667    0.36111111111111    0.27777777777778            48
    0.44444444444444    0.36111111111111    0.27777777777778            48
    0.47222222222222    0.36111111111111    0.27777777777778            48
    0.50000000000000    0.36111111111111    0.27777777777778            24
    0.38888888888889    0.38888888888889    0.27777777777778            24
    0.41666666666667    0.38888888888889    0.27777777777778            48
    0.44444444444444    0.38888888888889    0.27777777777778            48
    0.47222222222222    0.38888888888889    0.27777777777778            48
    0.50000000000000    0.38888888888889    0.27777777777778            24
    0.41666666666667    0.41666666666667    0.27777777777778            24
    0.44444444444444    0.41666666666667    0.27777777777778            48
    0.47222222222222    0.41666666666667    0.27777777777778            48
    0.50000000000000    0.41666666666667    0.27777777777778            24
    0.44444444444444    0.44444444444444    0.27777777777778            24
    0.47222222222222    0.44444444444444    0.27777777777778            48
    0.50000000000000    0.44444444444444    0.27777777777778            24
    0.47222222222222    0.47222222222222    0.27777777777778            24
    0.50000000000000    0.47222222222222    0.27777777777778            24
    0.50000000000000    0.50000000000000    0.27777777777778             6
    0.30555555555556    0.30555555555556    0.30555555555556             8
    0.33333333333333    0.30555555555556    0.30555555555556            24
    0.36111111111111    0.30555555555556    0.30555555555556            24
    0.38888888888889    0.30555555555556    0.30555555555556            24
    0.41666666666667    0.30555555555556    0.30555555555556            24
    0.44444444444444    0.30555555555556    0.30555555555556            24
    0.47222222222222    0.30555555555556    0.30555555555556            24
    0.50000000000000    0.30555555555556    0.30555555555556            12
    0.33333333333333    0.33333333333333    0.30555555555556            24
    0.36111111111111    0.33333333333333    0.30555555555556            48
    0.38888888888889    0.33333333333333    0.30555555555556            48
    0.41666666666667    0.33333333333333    0.30555555555556            48
    0.44444444444444    0.33333333333333    0.30555555555556            48
    0.47222222222222    0.33333333333333    0.30555555555556            48
    0.50000000000000    0.33333333333333    0.30555555555556            24
    0.36111111111111    0.36111111111111    0.30555555555556            24
    0.38888888888889    0.36111111111111    0.30555555555556            48
    0.41666666666667    0.36111111111111    0.30555555555556            48
    0.44444444444444    0.36111111111111    0.30555555555556            48
    0.47222222222222    0.36111111111111    0.30555555555556            48
    0.50000000000000    0.36111111111111    0.30555555555556            24
    0.38888888888889    0.38888888888889    0.30555555555556            24
    0.41666666666667    0.38888888888889    0.30555555555556            48
    0.44444444444444    0.38888888888889    0.30555555555556            48
    0.47222222222222    0.38888888888889    0.30555555555556            48
    0.50000000000000    0.38888888888889    0.30555555555556            24
    0.41666666666667    0.41666666666667    0.30555555555556            24
    0.44444444444444    0.41666666666667    0.30555555555556            48
    0.47222222222222    0.41666666666667    0.30555555555556            48
    0.50000000000000    0.41666666666667    0.30555555555556            24
    0.44444444444444    0.44444444444444    0.30555555555556            24
    0.47222222222222    0.44444444444444    0.30555555555556            48
    0.50000000000000    0.44444444444444    0.30555555555556            24
    0.47222222222222    0.47222222222222    0.30555555555556            24
    0.50000000000000    0.47222222222222    0.30555555555556            24
    0.50000000000000    0.50000000000000    0.30555555555556             6
    0.33333333333333    0.33333333333333    0.33333333333333             8
    0.36111111111111    0.33333333333333    0.33333333333333            24
    0.38888888888889    0.33333333333333    0.33333333333333            24
    0.41666666666667    0.33333333333333    0.33333333333333            24
    0.44444444444444    0.33333333333333    0.33333333333333            24
    0.47222222222222    0.33333333333333    0.33333333333333            24
    0.50000000000000    0.33333333333333    0.33333333333333            12
    0.36111111111111    0.36111111111111    0.33333333333333            24
    0.38888888888889    0.36111111111111    0.33333333333333            48
    0.41666666666667    0.36111111111111    0.33333333333333            48
    0.44444444444444    0.36111111111111    0.33333333333333            48
    0.47222222222222    0.36111111111111    0.33333333333333            48
    0.50000000000000    0.36111111111111    0.33333333333333            24
    0.38888888888889    0.38888888888889    0.33333333333333            24
    0.41666666666667    0.38888888888889    0.33333333333333            48
    0.44444444444444    0.38888888888889    0.33333333333333            48
    0.47222222222222    0.38888888888889    0.33333333333333            48
    0.50000000000000    0.38888888888889    0.33333333333333            24
    0.41666666666667    0.41666666666667    0.33333333333333            24
    0.44444444444444    0.41666666666667    0.33333333333333            48
    0.47222222222222    0.41666666666667    0.33333333333333            48
    0.50000000000000    0.41666666666667    0.33333333333333            24
    0.44444444444444    0.44444444444444    0.33333333333333            24
    0.47222222222222    0.44444444444444    0.33333333333333            48
    0.50000000000000    0.44444444444444    0.33333333333333            24
    0.47222222222222    0.47222222222222    0.33333333333333            24
    0.50000000000000    0.47222222222222    0.33333333333333            24
    0.50000000000000    0.50000000000000    0.33333333333333             6
    0.36111111111111    0.36111111111111    0.36111111111111             8
    0.38888888888889    0.36111111111111    0.36111111111111            24
    0.41666666666667    0.36111111111111    0.36111111111111            24
    0.44444444444444    0.36111111111111    0.36111111111111            24
    0.47222222222222    0.36111111111111    0.36111111111111            24
    0.50000000000000    0.36111111111111    0.36111111111111            12
    0.38888888888889    0.38888888888889    0.36111111111111            24
    0.41666666666667    0.38888888888889    0.36111111111111            48
    0.44444444444444    0.38888888888889    0.36111111111111            48
    0.47222222222222    0.38888888888889    0.36111111111111            48
    0.50000000000000    0.38888888888889    0.36111111111111            24
    0.41666666666667    0.41666666666667    0.36111111111111            24
    0.44444444444444    0.41666666666667    0.36111111111111            48
    0.47222222222222    0.41666666666667    0.36111111111111            48
    0.50000000000000    0.41666666666667    0.36111111111111            24
    0.44444444444444    0.44444444444444    0.36111111111111            24
    0.47222222222222    0.44444444444444    0.36111111111111            48
    0.50000000000000    0.44444444444444    0.36111111111111            24
    0.47222222222222    0.47222222222222    0.36111111111111            24
    0.50000000000000    0.47222222222222    0.36111111111111            24
    0.50000000000000    0.50000000000000    0.36111111111111             6
    0.38888888888889    0.38888888888889    0.38888888888889             8
    0.41666666666667    0.38888888888889    0.38888888888889            24
    0.44444444444444    0.38888888888889    0.38888888888889            24
    0.47222222222222    0.38888888888889    0.38888888888889            24
    0.50000000000000    0.38888888888889    0.38888888888889            12
    0.41666666666667    0.41666666666667    0.38888888888889            24
    0.44444444444444    0.41666666666667    0.38888888888889            48
    0.47222222222222    0.41666666666667    0.38888888888889            48
    0.50000000000000    0.41666666666667    0.38888888888889            24
    0.44444444444444    0.44444444444444    0.38888888888889            24
    0.47222222222222    0.44444444444444    0.38888888888889            48
    0.50000000000000    0.44444444444444    0.38888888888889            24
    0.47222222222222    0.47222222222222    0.38888888888889            24
    0.50000000000000    0.47222222222222    0.38888888888889            24
    0.50000000000000    0.50000000000000    0.38888888888889             6
    0.41666666666667    0.41666666666667    0.41666666666667             8
    0.44444444444444    0.41666666666667    0.41666666666667            24
    0.47222222222222    0.41666666666667    0.41666666666667            24
    0.50000000000000    0.41666666666667    0.41666666666667            12
    0.44444444444444    0.44444444444444    0.41666666666667            24
    0.47222222222222    0.44444444444444    0.41666666666667            48
    0.50000000000000    0.44444444444444    0.41666666666667            24
    0.47222222222222    0.47222222222222    0.41666666666667            24
    0.50000000000000    0.47222222222222    0.41666666666667            24
    0.50000000000000    0.50000000000000    0.41666666666667             6
    0.44444444444444    0.44444444444444    0.44444444444444             8
    0.47222222222222    0.44444444444444    0.44444444444444            24
    0.50000000000000    0.44444444444444    0.44444444444444            12
    0.47222222222222    0.47222222222222    0.44444444444444            24
    0.50000000000000    0.47222222222222    0.44444444444444            24
    0.50000000000000    0.50000000000000    0.44444444444444             6
    0.47222222222222    0.47222222222222    0.47222222222222             8
    0.50000000000000    0.47222222222222    0.47222222222222            12
    0.50000000000000    0.50000000000000    0.47222222222222             6
    0.50000000000000    0.50000000000000    0.50000000000000             1
