   32   32    1    1
  0.1997986E+02  0.8614845E-09  0.8614845E-09  0.8614845E-09  0.5000000E-15
  1.000000000000000E-004
  CAR 
 No title                                
  352    1  212
 
  0.2500000E+00  0.2500000E+00  0.2500000E+00  0.1000000E+01
   1       -4.0298
   2       -3.2073
   3       -3.1513
   4       -3.1495
   5       -3.1478
   6       -3.1389
   7       -3.1388
   8       -3.1386
   9       -3.0704
  10       -3.0703
  11       -3.0702
  12       -3.0156
  13       -3.0151
  14       -3.0148
  15       -2.8902
  16       -2.8890
  17       -2.8881
  18       -2.8824
  19       -2.8815
  20       -2.8802
  21       -2.7831
  22       -2.7818
  23       -2.7813
  24       -2.7812
  25       -2.7807
  26       -2.7795
  27       -2.7343
  28       -2.7332
  29       -2.7320
  30       -2.7080
  31       -2.7075
  32       -2.7062
  33       -2.7062
  34       -2.7051
  35       -2.7046
  36       -2.6836
  37       -2.6828
  38       -2.6821
  39       -2.5510
  40       -2.5502
  41       -2.5494
  42       -2.5494
  43       -2.5486
  44       -2.5478
  45       -2.3450
  46       -2.3438
  47       -2.3426
  48       -2.2806
  49       -2.2793
  50       -2.2785
  51       -2.2750
  52       -2.2740
  53       -2.2734
  54       -2.2733
  55       -2.2728
  56       -2.2714
  57       -2.1858
  58       -2.1856
  59       -2.1853
  60       -2.1277
  61       -2.0801
  62       -2.0791
  63       -2.0782
  64       -2.0194
  65       -2.0192
  66       -1.9913
  67       -1.9913
  68       -1.9900
  69       -1.9899
  70       -1.9888
  71       -1.9887
  72       -1.9784
  73       -1.9784
  74       -1.8976
  75       -1.8974
  76       -1.8974
  77       -1.8417
  78       -1.8412
  79       -1.8408
  80       -1.8236
  81       -1.8230
  82       -1.8221
  83       -1.8220
  84       -1.8210
  85       -1.8205
  86       -1.7967
  87       -1.7960
  88       -1.7952
  89       -1.7911
  90       -1.7909
  91       -1.7909
  92       -1.7517
  93       -1.7504
  94       -1.7489
  95       -1.7414
  96       -1.7408
  97       -1.7403
  98       -1.5178
  99       -1.5163
 100       -1.5149
 101       -1.4987
 102       -1.4971
 103       -1.4956
 104       -1.4578
 105       -1.4577
 106       -1.4564
 107       -1.4564
 108       -1.4551
 109       -1.4550
 110       -1.3211
 111       -1.3194
 112       -1.3181
 113       -1.3134
 114       -1.3129
 115       -1.3126
 116       -1.3116
 117       -1.3097
 118       -1.2359
 119       -1.2350
 120       -1.2342
 121       -1.2304
 122       -1.2290
 123       -1.2275
 124       -1.1960
 125       -1.1946
 126       -1.1943
 127       -1.1943
 128       -1.1940
 129       -1.1925
 130       -1.0757
 131       -1.0748
 132       -1.0739
 133       -0.9402
 134       -0.9400
 135       -0.9398
 136       -0.9030
 137       -0.9028
 138       -0.9027
 139       -0.8924
 140       -0.8910
 141       -0.8909
 142       -0.8908
 143       -0.8906
 144       -0.8894
 145       -0.8754
 146       -0.8751
 147       -0.8749
 148       -0.8515
 149       -0.8514
 150       -0.7681
 151       -0.7681
 152       -0.7681
 153       -0.6715
 154       -0.6715
 155       -0.6713
 156       -0.6500
 157       -0.6494
 158       -0.6491
 159       -0.6491
 160       -0.6488
 161       -0.6482
 162       -0.5952
 163       -0.5952
 164       -0.5952
 165       -0.2107
 166       -0.2094
 167       -0.2082
 168        0.1845
 169        0.4877
 170        0.4891
 171        0.4905
 172        1.8999
 173        1.9007
 174        1.9021
 175        1.9021
 176        1.9035
 177        1.9043
 178        2.6253
 179        2.6256
 180        2.6259
 181        3.5879
 182        3.5886
 183        3.5895
 184        4.1571
 185        4.1583
 186        4.1594
 187        5.2036
 188        5.2052
 189        5.2062
 190        5.2062
 191        5.2071
 192        5.2088
 193        5.7379
 194        5.7388
 195        5.7396
 196        6.5775
 197        6.5782
 198        6.5788
 199        7.4352
 200        7.4358
 201        7.4379
 202        7.4379
 203        7.4400
 204        7.4406
 205        7.8781
 206        8.7679
 207        8.7680
 208        8.7697
 209        8.7697
 210        8.7714
 211        8.7715
 212        9.1395
