  32  32 100
  0.1865664E+02  0.8420305E-09  0.8420305E-09  0.8420305E-09  0.5000000E-15
  1.000000000000000E-004
  CAR 
 No title                                
 
   0.75000000  0.75000000  0.50000000
   0.75000000  0.75000000  0.00000000
   0.75000000  0.00000000  0.25000000
   0.75000000  0.25000000  0.50000000
   0.00000000  0.75000000  0.25000000
   0.00000000  0.00000000  0.50000000
   0.25000000  0.75000000  0.50000000
   0.75000000  0.00000000  0.75000000
   0.75000000  0.25000000  0.00000000
   0.75000000  0.50000000  0.25000000
   0.00000000  0.75000000  0.75000000
   0.00000000  0.00000000  0.00000000
   0.00000000  0.25000000  0.25000000
   0.00000000  0.50000000  0.50000000
   0.25000000  0.75000000  0.00000000
   0.25000000  0.00000000  0.25000000
   0.25000000  0.25000000  0.50000000
   0.50000000  0.75000000  0.25000000
   0.50000000  0.00000000  0.50000000
   0.75000000  0.50000000  0.75000000
   0.00000000  0.25000000  0.75000000
   0.00000000  0.50000000  0.00000000
   0.25000000  0.00000000  0.75000000
   0.25000000  0.25000000  0.00000000
   0.25000000  0.50000000  0.25000000
   0.50000000  0.75000000  0.75000000
   0.50000000  0.00000000  0.00000000
   0.50000000  0.25000000  0.25000000
   0.50000000  0.50000000  0.50000000
   0.25000000  0.50000000  0.75000000
   0.50000000  0.25000000  0.75000000
   0.50000000  0.50000000  0.00000000
