   32   32    1    1
  0.1645186E+02  0.8074612E-09  0.8074612E-09  0.8074612E-09  0.5000000E-15
  1.000000000000000E-004
  CAR 
 al100                                   
   96    6   68
 
  0.0000000E+00  0.0000000E+00  0.0000000E+00  0.3703704E-01
   1       -3.1238
   2       -0.8786
   3       -0.8712
   4       -0.8712
   5       -0.8712
   6       -0.8712
   7       -0.8640
   8        1.3336
   9        1.3424
  10        1.3424
  11        1.3456
  12        1.3460
  13        1.3460
  14        1.3460
  15        1.3461
  16        1.3464
  17        1.3496
  18        1.3496
  19        1.3585
  20        3.4259
  21        3.4261
  22        3.4261
  23        3.4261
  24        3.6475
  25        3.6475
  26        3.6475
  27        3.6477
  28        5.1000
  29        5.1000
  30        5.1001
  31        6.4297
  32        6.4298
  33        6.4299
  34        7.1723
  35        7.1723
  36        7.1811
  37        7.1811
  38        7.1812
  39        7.1812
  40        7.1812
  41        7.1812
  42        7.1812
  43        7.1814
  44        7.1900
  45        7.1900
  46        8.1868
  47        8.1951
  48        8.1951
  49        8.1951
  50        8.1951
  51        8.2032
  52        9.1532
  53        9.1549
  54        9.1549
  55        9.1550
  56        9.1552
  57        9.1570
  58        9.2607
  59        9.2616
  60        9.2652
  61        9.2684
  62        9.2688
  63        9.2688
  64        9.2689
  65        9.2691
  66        9.2722
  67        9.2766
  68        9.2771
 
  0.3333333E+00  0.7698029E-24  0.1282233E-23  0.7407407E-01
   1       -2.8717
   2       -2.1181
   3       -0.6233
   4       -0.6231
   5       -0.6231
   6       -0.6231
   7        0.1185
   8        0.1186
   9        0.1186
  10        0.1186
  11        0.8543
  12        1.5903
  13        1.5904
  14        1.5904
  15        1.5904
  16        2.3203
  17        2.3203
  18        2.3203
  19        2.3203
  20        3.0257
  21        3.0441
  22        3.0441
  23        3.0441
  24        3.0443
  25        5.1743
  26        5.1743
  27        5.1744
  28        5.1744
  29        5.2198
  30        5.2198
  31        5.2198
  32        5.2199
  33        5.3310
  34        5.3310
  35        6.0240
  36        6.0240
  37        6.6725
  38        6.6726
  39        7.3263
  40        7.3263
  41        7.3263
  42        7.3265
  43        7.3801
  44        7.3804
  45        7.4129
  46        7.4129
  47        7.4131
  48        7.4131
  49        8.1084
  50        8.1084
  51        8.1084
  52        8.1084
  53        8.8047
  54        8.8047
  55        8.8670
  56        8.8670
  57        8.8671
  58        8.8671
  59        8.9404
  60        9.6139
  61        9.6139
  62        9.6139
  63        9.6140
  64       10.3985
  65       10.3986
  66       10.8931
  67       10.8944
  68       10.8972
 
  0.0000000E+00  0.3333333E+00  0.6775442E-24  0.1481481E+00
   1       -2.8717
   2       -2.1181
   3       -0.6289
   4       -0.6231
   5       -0.6231
   6       -0.6175
   7        0.1129
   8        0.1186
   9        0.1186
  10        0.1242
  11        0.8542
  12        1.5860
  13        1.5879
  14        1.5928
  15        1.5948
  16        2.3159
  17        2.3179
  18        2.3228
  19        2.3248
  20        3.0258
  21        3.0383
  22        3.0441
  23        3.0441
  24        3.0499
  25        5.1684
  26        5.1744
  27        5.1744
  28        5.1803
  29        5.2153
  30        5.2173
  31        5.2223
  32        5.2244
  33        5.3309
  34        5.3311
  35        6.0240
  36        6.0240
  37        6.6725
  38        6.6726
  39        7.3216
  40        7.3240
  41        7.3290
  42        7.3312
  43        7.3799
  44        7.3802
  45        7.4074
  46        7.4129
  47        7.4133
  48        7.4183
  49        8.1029
  50        8.1084
  51        8.1085
  52        8.1139
  53        8.8045
  54        8.8047
  55        8.8624
  56        8.8671
  57        8.8671
  58        8.8717
  59        8.9405
  60        9.6094
  61        9.6139
  62        9.6140
  63        9.6184
  64       10.3985
  65       10.4004
  66       10.8956
  67       10.8958
  68       10.8979
 
  0.3333333E+00  0.3333333E+00  0.3629568E-23  0.2962963E+00
   1       -2.6201
   2       -1.8701
   3       -1.8656
   4       -1.1196
   5       -0.3755
   6       -0.3755
   7        0.3617
   8        0.3637
   9        0.3663
  10        0.3682
  11        1.0960
  12        1.1001
  13        1.1017
  14        1.1043
  15        1.8309
  16        1.8329
  17        3.2651
  18        3.2671
  19        3.2816
  20        3.2831
  21        3.2858
  22        3.2880
  23        3.8925
  24        3.8925
  25        3.9835
  26        3.9881
  27        4.1381
  28        4.1382
  29        4.7183
  30        5.2845
  31        5.2845
  32        5.5596
  33        5.5620
  34        5.5640
  35        6.1420
  36        6.1440
  37        6.1466
  38        6.1488
  39        6.2527
  40        6.2579
  41        6.7716
  42        6.7755
  43        6.8798
  44        6.8800
  45        6.9043
  46        6.9496
  47        7.7499
  48        7.7523
  49        8.4299
  50        8.9658
  51        8.9680
  52        8.9684
  53        8.9702
  54        8.9757
  55        9.0344
  56        9.0397
  57        9.1658
  58        9.1682
  59        9.7319
  60        9.7356
  61        9.7432
  62        9.7481
  63       10.7387
  64       10.7400
  65       11.0315
  66       11.0316
  67       11.1262
  68       11.1302
 
  0.0000000E+00  0.3333333E+00  0.3333333E+00  0.1481481E+00
   1       -2.6201
   2       -1.8679
   3       -1.8678
   4       -1.1197
   5       -0.3789
   6       -0.3721
   7        0.3595
   8        0.3636
   9        0.3664
  10        0.3704
  11        1.0973
  12        1.0993
  13        1.1000
  14        1.1055
  15        1.8319
  16        1.8319
  17        3.2663
  18        3.2663
  19        3.2790
  20        3.2831
  21        3.2859
  22        3.2899
  23        3.8924
  24        3.8925
  25        3.9858
  26        3.9858
  27        4.1382
  28        4.1383
  29        4.7183
  30        5.2844
  31        5.2845
  32        5.5609
  33        5.5619
  34        5.5629
  35        6.1397
  36        6.1439
  37        6.1469
  38        6.1510
  39        6.2552
  40        6.2554
  41        6.7736
  42        6.7736
  43        6.8764
  44        6.8835
  45        6.9041
  46        6.9497
  47        7.7511
  48        7.7511
  49        8.4299
  50        8.9635
  51        8.9655
  52        8.9710
  53        8.9729
  54        8.9753
  55        9.0369
  56        9.0370
  57        9.1670
  58        9.1671
  59        9.7324
  60        9.7329
  61        9.7466
  62        9.7471
  63       10.7393
  64       10.7394
  65       11.0313
  66       11.0316
  67       11.0361
  68       11.1279
 
  0.3333333E+00  0.3333333E+00  0.3333333E+00  0.2962963E+00
   1       -2.3689
   2       -1.6212
   3       -1.6180
   4       -1.6148
   5       -0.8743
   6       -0.8711
   7       -0.8679
   8       -0.1280
   9        1.3406
  10        1.3439
  11        1.3471
  12        2.0698
  13        2.0731
  14        2.0752
  15        2.0753
  16        2.0774
  17        2.0807
  18        2.8007
  19        2.8021
  20        2.8035
  21        3.5052
  22        3.5065
  23        3.5079
  24        4.2180
  25        4.2212
  26        4.2236
  27        4.2236
  28        4.2259
  29        4.2291
  30        4.8184
  31        4.8216
  32        4.8249
  33        5.0927
  34        5.0960
  35        5.0994
  36        5.6921
  37        5.6935
  38        5.6950
  39        7.0766
  40        7.0775
  41        7.0802
  42        7.0802
  43        7.0828
  44        7.0836
  45        7.7886
  46        7.7898
  47        7.7922
  48        7.7922
  49        7.7947
  50        7.7958
  51        8.5275
  52        9.0558
  53        9.0583
  54        9.0608
  55        9.5448
  56        9.5453
  57        9.5458
  58        9.8631
  59        9.8666
  60        9.8702
  61       10.1360
  62       10.1364
  63       10.1391
  64       10.1391
  65       10.1417
  66       10.1422
  67       10.5986
  68       10.5999
