   32   32  100    1
  0.1645186E+02  0.8074612E-09  0.8074612E-09  0.8074612E-09  0.5000000E-15
  1.000000000000000E-004
  CAR 
 al100                                   
   96    4   68
 
  0.0000000E+00  0.0000000E+00  0.0000000E+00  0.3703704E-01
   1       -3.1237
   2       -0.8712
   3       -0.8712
   4       -0.8712
   5       -0.8712
   6       -0.8712
   7       -0.8712
   8        1.3461
   9        1.3461
  10        1.3461
  11        1.3461
  12        1.3461
  13        1.3461
  14        1.3461
  15        1.3461
  16        1.3461
  17        1.3461
  18        1.3461
  19        1.3461
  20        3.4261
  21        3.4261
  22        3.4261
  23        3.4261
  24        3.6475
  25        3.6475
  26        3.6475
  27        3.6475
  28        5.1001
  29        5.1001
  30        5.1001
  31        6.4299
  32        6.4299
  33        6.4299
  34        7.1812
  35        7.1812
  36        7.1812
  37        7.1812
  38        7.1812
  39        7.1812
  40        7.1812
  41        7.1812
  42        7.1812
  43        7.1812
  44        7.1812
  45        7.1812
  46        8.1951
  47        8.1951
  48        8.1951
  49        8.1951
  50        8.1951
  51        8.1951
  52        9.1552
  53        9.1552
  54        9.1552
  55        9.1552
  56        9.1552
  57        9.1553
  58        9.2688
  59        9.2688
  60        9.2688
  61        9.2688
  62        9.2688
  63        9.2688
  64        9.2688
  65        9.2688
  66        9.2688
  67        9.2688
  68        9.2688
 
  0.3333333E+00  0.8271806E-24  0.2481542E-23  0.2222222E+00
   1       -2.8717
   2       -2.1181
   3       -0.6231
   4       -0.6231
   5       -0.6231
   6       -0.6231
   7        0.1186
   8        0.1186
   9        0.1186
  10        0.1186
  11        0.8543
  12        1.5904
  13        1.5904
  14        1.5904
  15        1.5904
  16        2.3204
  17        2.3204
  18        2.3204
  19        2.3204
  20        3.0258
  21        3.0441
  22        3.0441
  23        3.0441
  24        3.0441
  25        5.1744
  26        5.1744
  27        5.1744
  28        5.1744
  29        5.2199
  30        5.2199
  31        5.2199
  32        5.2199
  33        5.3309
  34        5.3309
  35        6.0240
  36        6.0240
  37        6.6726
  38        6.6726
  39        7.3265
  40        7.3265
  41        7.3265
  42        7.3265
  43        7.3802
  44        7.3802
  45        7.4129
  46        7.4129
  47        7.4129
  48        7.4129
  49        8.1084
  50        8.1084
  51        8.1084
  52        8.1084
  53        8.8047
  54        8.8047
  55        8.8671
  56        8.8671
  57        8.8671
  58        8.8671
  59        8.9405
  60        9.6140
  61        9.6140
  62        9.6140
  63        9.6140
  64       10.3986
  65       10.3986
  66       10.8952
  67       10.8954
  68       10.8957
 
  0.3333333E+00  0.3333333E+00  0.3308722E-23  0.4444444E+00
   1       -2.6200
   2       -1.8678
   3       -1.8678
   4       -1.1196
   5       -0.3755
   6       -0.3755
   7        0.3650
   8        0.3650
   9        0.3650
  10        0.3650
  11        1.0993
  12        1.0993
  13        1.1018
  14        1.1018
  15        1.8319
  16        1.8319
  17        3.2664
  18        3.2664
  19        3.2845
  20        3.2845
  21        3.2845
  22        3.2845
  23        3.8925
  24        3.8925
  25        3.9858
  26        3.9858
  27        4.1382
  28        4.1382
  29        4.7183
  30        5.2845
  31        5.2845
  32        5.5618
  33        5.5620
  34        5.5620
  35        6.1454
  36        6.1454
  37        6.1454
  38        6.1454
  39        6.2552
  40        6.2552
  41        6.7736
  42        6.7736
  43        6.8800
  44        6.8800
  45        6.9041
  46        6.9495
  47        7.7511
  48        7.7511
  49        8.4300
  50        8.9683
  51        8.9683
  52        8.9683
  53        8.9683
  54        8.9754
  55        9.0370
  56        9.0370
  57        9.1670
  58        9.1670
  59        9.7338
  60        9.7338
  61        9.7457
  62        9.7457
  63       10.7395
  64       10.7395
  65       11.0333
  66       11.0376
  67       11.0386
  68       11.0842
 
  0.3333333E+00  0.3333333E+00  0.3333333E+00  0.2962963E+00
   1       -2.3688
   2       -1.6180
   3       -1.6180
   4       -1.6180
   5       -0.8711
   6       -0.8711
   7       -0.8711
   8       -0.1280
   9        1.3439
  10        1.3439
  11        1.3439
  12        2.0753
  13        2.0753
  14        2.0753
  15        2.0753
  16        2.0753
  17        2.0753
  18        2.8021
  19        2.8021
  20        2.8021
  21        3.5066
  22        3.5066
  23        3.5066
  24        4.2236
  25        4.2236
  26        4.2236
  27        4.2236
  28        4.2236
  29        4.2236
  30        4.8216
  31        4.8216
  32        4.8216
  33        5.0961
  34        5.0961
  35        5.0961
  36        5.6935
  37        5.6935
  38        5.6935
  39        7.0802
  40        7.0802
  41        7.0802
  42        7.0802
  43        7.0802
  44        7.0802
  45        7.7922
  46        7.7922
  47        7.7922
  48        7.7922
  49        7.7922
  50        7.7922
  51        8.5276
  52        9.0583
  53        9.0583
  54        9.0583
  55        9.5453
  56        9.5453
  57        9.5453
  58        9.8666
  59        9.8666
  60        9.8666
  61       10.1391
  62       10.1391
  63       10.1391
  64       10.1391
  65       10.1391
  66       10.1391
  67       10.5991
  68       10.5991
