   32   32  100    1
  0.2055617E+02  0.8696891E-09  0.8696891E-09  0.8696891E-09  0.5000000E-15
  1.000000000000000E-004
  CAR 
 No title                                
  352    1  212
 
  0.2500000E+00  0.2500000E+00  0.2500000E+00  0.1000000E+01
   1       -4.0659
   2       -3.2779
   3       -3.2123
   4       -3.2123
   5       -3.2123
   6       -3.2092
   7       -3.2092
   8       -3.2092
   9       -3.1473
  10       -3.1473
  11       -3.1473
  12       -3.0959
  13       -3.0959
  14       -3.0959
  15       -2.9685
  16       -2.9685
  17       -2.9685
  18       -2.9665
  19       -2.9665
  20       -2.9665
  21       -2.8725
  22       -2.8725
  23       -2.8725
  24       -2.8725
  25       -2.8725
  26       -2.8725
  27       -2.8267
  28       -2.8267
  29       -2.8267
  30       -2.7997
  31       -2.7997
  32       -2.7997
  33       -2.7997
  34       -2.7997
  35       -2.7997
  36       -2.7758
  37       -2.7758
  38       -2.7758
  39       -2.6500
  40       -2.6500
  41       -2.6500
  42       -2.6500
  43       -2.6500
  44       -2.6500
  45       -2.4559
  46       -2.4559
  47       -2.4559
  48       -2.3911
  49       -2.3911
  50       -2.3911
  51       -2.3894
  52       -2.3894
  53       -2.3894
  54       -2.3894
  55       -2.3894
  56       -2.3894
  57       -2.3078
  58       -2.3078
  59       -2.3078
  60       -2.2535
  61       -2.2051
  62       -2.2051
  63       -2.2051
  64       -2.1519
  65       -2.1519
  66       -2.1143
  67       -2.1143
  68       -2.1143
  69       -2.1143
  70       -2.1143
  71       -2.1143
  72       -2.1131
  73       -2.1131
  74       -2.0366
  75       -2.0366
  76       -2.0366
  77       -1.9817
  78       -1.9817
  79       -1.9817
  80       -1.9574
  81       -1.9574
  82       -1.9574
  83       -1.9574
  84       -1.9574
  85       -1.9574
  86       -1.9339
  87       -1.9339
  88       -1.9339
  89       -1.9295
  90       -1.9295
  91       -1.9295
  92       -1.8874
  93       -1.8874
  94       -1.8874
  95       -1.8787
  96       -1.8787
  97       -1.8787
  98       -1.6718
  99       -1.6718
 100       -1.6718
 101       -1.6469
 102       -1.6469
 103       -1.6469
 104       -1.6139
 105       -1.6139
 106       -1.6139
 107       -1.6139
 108       -1.6139
 109       -1.6139
 110       -1.4858
 111       -1.4858
 112       -1.4858
 113       -1.4817
 114       -1.4817
 115       -1.4793
 116       -1.4793
 117       -1.4793
 118       -1.3990
 119       -1.3990
 120       -1.3990
 121       -1.3917
 122       -1.3917
 123       -1.3917
 124       -1.3669
 125       -1.3669
 126       -1.3669
 127       -1.3669
 128       -1.3669
 129       -1.3669
 130       -1.2552
 131       -1.2552
 132       -1.2552
 133       -1.1221
 134       -1.1221
 135       -1.1221
 136       -1.0913
 137       -1.0913
 138       -1.0913
 139       -1.0793
 140       -1.0793
 141       -1.0793
 142       -1.0793
 143       -1.0793
 144       -1.0793
 145       -1.0643
 146       -1.0643
 147       -1.0643
 148       -1.0440
 149       -1.0440
 150       -0.9661
 151       -0.9661
 152       -0.9661
 153       -0.8718
 154       -0.8718
 155       -0.8718
 156       -0.8518
 157       -0.8518
 158       -0.8518
 159       -0.8518
 160       -0.8518
 161       -0.8518
 162       -0.8001
 163       -0.8001
 164       -0.8001
 165       -0.3972
 166       -0.3972
 167       -0.3972
 168        0.0461
 169        0.3131
 170        0.3131
 171        0.3131
 172        1.6893
 173        1.6893
 174        1.6893
 175        1.6893
 176        1.6893
 177        1.6893
 178        2.4356
 179        2.4356
 180        2.4356
 181        3.3745
 182        3.3745
 183        3.3745
 184        3.9097
 185        3.9097
 186        3.9097
 187        4.9376
 188        4.9376
 189        4.9376
 190        4.9376
 191        4.9376
 192        4.9376
 193        5.4180
 194        5.4180
 195        5.4180
 196        6.2656
 197        6.2656
 198        6.2656
 199        7.1192
 200        7.1192
 201        7.1192
 202        7.1192
 203        7.1192
 204        7.1192
 205        7.5343
 206        8.4208
 207        8.4208
 208        8.4208
 209        8.4208
 210        8.4208
 211        8.4209
 212        8.7480
