   32   32    1    1
  0.1921076E+02  0.8502857E-09  0.8502857E-09  0.8502857E-09  0.5000000E-15
  1.000000000000000E-004
  CAR 
 No title                                
  352    6  212
 
  0.0000000E+00  0.0000000E+00  0.0000000E+00  0.3703704E-01
   1       -4.3508
   2       -2.1551
   3       -2.1487
   4       -2.1487
   5       -2.1487
   6       -2.1487
   7       -2.1426
   8       -2.0271
   9       -2.0271
  10       -2.0271
  11       -2.0271
  12       -1.7769
  13       -1.7769
  14       -1.7769
  15       -1.5305
  16       -1.5304
  17       -1.5304
  18       -0.9803
  19       -0.9775
  20       -0.9775
  21       -0.9742
  22       -0.9739
  23       -0.9738
  24       -0.9737
  25       -0.9737
  26       -0.9734
  27       -0.9702
  28       -0.9702
  29       -0.9673
  30       -0.8463
  31       -0.8424
  32       -0.8424
  33       -0.8424
  34       -0.8424
  35       -0.8386
  36       -0.7569
  37       -0.7529
  38       -0.7529
  39       -0.7528
  40       -0.7528
  41       -0.7490
  42       -0.2612
  43       -0.2563
  44       -0.2563
  45       -0.2539
  46       -0.2539
  47       -0.2539
  48       -0.2538
  49       -0.2538
  50       -0.2538
  51       -0.2518
  52       -0.2518
  53       -0.2473
  54       -0.1978
  55       -0.1978
  56       -0.1936
  57       -0.1936
  58       -0.1936
  59       -0.1936
  60       -0.1936
  61       -0.1935
  62       -0.1935
  63       -0.1927
  64       -0.1889
  65       -0.1889
  66        0.0462
  67        0.0529
  68        0.0532
  69        0.0532
  70        0.0536
  71        0.0537
  72        0.0537
  73        0.0537
  74        0.0541
  75        0.0541
  76        0.0541
  77        0.0608
  78        0.1285
  79        0.1286
  80        0.1286
  81        0.1287
  82        0.1287
  83        0.1288
  84        0.1288
  85        0.1290
  86        0.1514
  87        0.1514
  88        0.1514
  89        0.7635
  90        0.7673
  91        0.7675
  92        0.7675
  93        0.7676
  94        0.7714
  95        0.9123
  96        0.9141
  97        0.9162
  98        0.9162
  99        0.9172
 100        0.9172
 101        0.9172
 102        0.9172
 103        0.9183
 104        0.9183
 105        0.9208
 106        0.9218
 107        1.1622
 108        1.1622
 109        1.1671
 110        1.1671
 111        1.1674
 112        1.1675
 113        1.1675
 114        1.1675
 115        1.1678
 116        1.1678
 117        1.1724
 118        1.1724
 119        1.2915
 120        1.2948
 121        1.2948
 122        1.2949
 123        1.2949
 124        1.2982
 125        1.3774
 126        1.3788
 127        1.3804
 128        1.3804
 129        1.3851
 130        1.3857
 131        1.3858
 132        1.3858
 133        1.3858
 134        1.3860
 135        1.3866
 136        1.3875
 137        1.3917
 138        1.3917
 139        1.8259
 140        1.8283
 141        1.8283
 142        1.8283
 143        1.8284
 144        1.8306
 145        2.3116
 146        2.3116
 147        2.3117
 148        2.3496
 149        2.3497
 150        2.3498
 151        2.3498
 152        2.3498
 153        2.3498
 154        2.3498
 155        2.3498
 156        2.6065
 157        2.6074
 158        2.6075
 159        2.6075
 160        2.6076
 161        2.6076
 162        2.6088
 163        2.6090
 164        2.6090
 165        2.6090
 166        2.6090
 167        2.6099
 168        3.8671
 169        3.8680
 170        3.8680
 171        3.8683
 172        3.8863
 173        3.8873
 174        3.8873
 175        3.8883
 176        3.8892
 177        3.8892
 178        3.8892
 179        3.8895
 180        3.8902
 181        3.8918
 182        3.8918
 183        3.8936
 184        5.6526
 185        5.6526
 186        5.6528
 187        6.7925
 188        6.7925
 189        6.7925
 190        6.7926
 191        8.4842
 192        8.4845
 193        8.4847
 194        8.4847
 195        8.4847
 196        8.4852
 197        9.2112
 198        9.2114
 199        9.2114
 200       10.2375
 201       10.2375
 202       10.2436
 203       10.2436
 204       10.2444
 205       10.2444
 206       10.2445
 207       10.2447
 208       10.2452
 209       10.2452
 210       10.2512
 211       10.2512
 212       12.2524
 
  0.3333333E+00  0.0000000E+00  0.0000000E+00  0.7407407E-01
   1       -4.0612
   2       -3.2396
   3       -1.9451
   4       -1.9450
   5       -1.9449
   6       -1.9449
   7       -1.8710
   8       -1.8710
   9       -1.8710
  10       -1.8710
  11       -1.6929
  12       -1.6065
  13       -1.5964
  14       -1.5961
  15       -1.4404
  16       -1.4404
  17       -1.4401
  18       -1.4401
  19       -1.4326
  20       -1.4277
  21       -1.4276
  22       -1.4276
  23       -1.4273
  24       -1.3797
  25       -1.3797
  26       -1.1548
  27       -1.1486
  28       -1.1486
  29       -0.9305
  30       -0.9305
  31       -0.7241
  32       -0.7236
  33       -0.7236
  34       -0.7236
  35       -0.6989
  36       -0.6989
  37       -0.6989
  38       -0.6985
  39       -0.6703
  40       -0.6702
  41       -0.6702
  42       -0.6701
  43       -0.4614
  44       -0.4613
  45       -0.4613
  46       -0.4613
  47       -0.3198
  48       -0.3177
  49       -0.3177
  50       -0.3177
  51       -0.3176
  52       -0.2577
  53       -0.2577
  54       -0.2577
  55       -0.2576
  56       -0.1830
  57       -0.1810
  58       -0.1810
  59       -0.1808
  60       -0.1727
  61       -0.1725
  62       -0.1725
  63       -0.1705
  64       -0.0509
  65       -0.0509
  66       -0.0509
  67       -0.0509
  68        0.0210
  69        0.0727
  70        0.0728
  71        0.0728
  72        0.0728
  73        0.1062
  74        0.1063
  75        0.1063
  76        0.1065
  77        0.2503
  78        0.2504
  79        0.2504
  80        0.2506
  81        0.2722
  82        0.2722
  83        0.3877
  84        0.3877
  85        0.3878
  86        0.3878
  87        0.5859
  88        0.5859
  89        0.5859
  90        0.5860
  91        0.6059
  92        0.6060
  93        0.6060
  94        0.6060
  95        0.6242
  96        0.6242
  97        0.7974
  98        0.7974
  99        0.9177
 100        1.1077
 101        1.1077
 102        1.1078
 103        1.1078
 104        1.1626
 105        1.1626
 106        1.1627
 107        1.1628
 108        1.1921
 109        1.1921
 110        1.1921
 111        1.1922
 112        1.1974
 113        1.1974
 114        1.1974
 115        1.1975
 116        1.2423
 117        1.3261
 118        1.3262
 119        1.3263
 120        1.3263
 121        1.3440
 122        1.3440
 123        1.3442
 124        1.3442
 125        1.4370
 126        1.5993
 127        1.6280
 128        1.6284
 129        1.6917
 130        1.6918
 131        1.6918
 132        1.6918
 133        1.7248
 134        1.7601
 135        1.7601
 136        1.7601
 137        1.7603
 138        1.8100
 139        1.8100
 140        1.8335
 141        1.8335
 142        1.8335
 143        1.8335
 144        1.9236
 145        1.9236
 146        2.0653
 147        2.1003
 148        2.1005
 149        2.1005
 150        2.1006
 151        2.1170
 152        2.1173
 153        2.1832
 154        2.1833
 155        2.1833
 156        2.1834
 157        2.2447
 158        2.3612
 159        2.3612
 160        2.3612
 161        2.3612
 162        2.3735
 163        2.3735
 164        2.6067
 165        2.6077
 166        2.6085
 167        2.6098
 168        2.8956
 169        2.8957
 170        2.8957
 171        2.8957
 172        3.8798
 173        3.8957
 174        3.8958
 175        3.8969
 176        3.8969
 177        3.8998
 178        3.8998
 179        3.9008
 180        3.9035
 181        5.2364
 182        5.2364
 183        5.2364
 184        5.2364
 185        6.5531
 186        6.5531
 187        7.0857
 188        7.0857
 189        7.0857
 190        7.0857
 191        7.8095
 192        7.8095
 193        7.8095
 194        7.8096
 195        8.3034
 196        8.3034
 197        8.6534
 198        8.6535
 199        9.0179
 200        9.0179
 201       10.0535
 202       10.0536
 203       10.0536
 204       10.0536
 205       10.6188
 206       10.6188
 207       10.6188
 208       10.6189
 209       10.7460
 210       10.7460
 211       10.7460
 212       10.7460
 
  0.0000000E+00  0.3333333E+00  0.0000000E+00  0.1481481E+00
   1       -4.0612
   2       -3.2396
   3       -1.9498
   4       -1.9450
   5       -1.9450
   6       -1.9404
   7       -1.8714
   8       -1.8713
   9       -1.8707
  10       -1.8705
  11       -1.6929
  12       -1.6062
  13       -1.5964
  14       -1.5963
  15       -1.4449
  16       -1.4407
  17       -1.4404
  18       -1.4363
  19       -1.4322
  20       -1.4284
  21       -1.4277
  22       -1.4272
  23       -1.4260
  24       -1.3798
  25       -1.3796
  26       -1.1548
  27       -1.1487
  28       -1.1486
  29       -0.9306
  30       -0.9305
  31       -0.7264
  32       -0.7239
  33       -0.7236
  34       -0.7211
  35       -0.7012
  36       -0.6992
  37       -0.6987
  38       -0.6964
  39       -0.6733
  40       -0.6702
  41       -0.6701
  42       -0.6671
  43       -0.4643
  44       -0.4613
  45       -0.4612
  46       -0.4583
  47       -0.3206
  48       -0.3199
  49       -0.3176
  50       -0.3176
  51       -0.3147
  52       -0.2606
  53       -0.2578
  54       -0.2577
  55       -0.2549
  56       -0.1856
  57       -0.1808
  58       -0.1807
  59       -0.1774
  60       -0.1756
  61       -0.1727
  62       -0.1727
  63       -0.1682
  64       -0.0528
  65       -0.0511
  66       -0.0508
  67       -0.0493
  68        0.0210
  69        0.0716
  70        0.0725
  71        0.0730
  72        0.0737
  73        0.1037
  74        0.1063
  75        0.1065
  76        0.1091
  77        0.2499
  78        0.2506
  79        0.2506
  80        0.2514
  81        0.2722
  82        0.2723
  83        0.3845
  84        0.3878
  85        0.3878
  86        0.3910
  87        0.5848
  88        0.5860
  89        0.5861
  90        0.5869
  91        0.6044
  92        0.6055
  93        0.6068
  94        0.6076
  95        0.6242
  96        0.6243
  97        0.7973
  98        0.7973
  99        0.9176
 100        1.1055
 101        1.1076
 102        1.1076
 103        1.1096
 104        1.1587
 105        1.1627
 106        1.1628
 107        1.1657
 108        1.1887
 109        1.1906
 110        1.1921
 111        1.1947
 112        1.1961
 113        1.1975
 114        1.1993
 115        1.2000
 116        1.2423
 117        1.3242
 118        1.3263
 119        1.3266
 120        1.3285
 121        1.3420
 122        1.3440
 123        1.3441
 124        1.3461
 125        1.4372
 126        1.5996
 127        1.6280
 128        1.6281
 129        1.6901
 130        1.6909
 131        1.6925
 132        1.6934
 133        1.7246
 134        1.7575
 135        1.7601
 136        1.7601
 137        1.7628
 138        1.8100
 139        1.8102
 140        1.8315
 141        1.8335
 142        1.8336
 143        1.8354
 144        1.9234
 145        1.9235
 146        2.0654
 147        2.0987
 148        2.1005
 149        2.1005
 150        2.1024
 151        2.1170
 152        2.1170
 153        2.1818
 154        2.1832
 155        2.1832
 156        2.1847
 157        2.2447
 158        2.3604
 159        2.3611
 160        2.3612
 161        2.3618
 162        2.3735
 163        2.3736
 164        2.6079
 165        2.6079
 166        2.6086
 167        2.6086
 168        2.8937
 169        2.8956
 170        2.8957
 171        2.8975
 172        3.8821
 173        3.8936
 174        3.8963
 175        3.8977
 176        3.8980
 177        3.8987
 178        3.8988
 179        3.9010
 180        3.9030
 181        5.2340
 182        5.2364
 183        5.2364
 184        5.2389
 185        6.5531
 186        6.5532
 187        7.0838
 188        7.0857
 189        7.0857
 190        7.0877
 191        7.8070
 192        7.8093
 193        7.8097
 194        7.8122
 195        8.3033
 196        8.3034
 197        8.6535
 198        8.6535
 199        9.0178
 200        9.0179
 201       10.0515
 202       10.0535
 203       10.0545
 204       10.0557
 205       10.6161
 206       10.6186
 207       10.6190
 208       10.6219
 209       10.7422
 210       10.7466
 211       10.7507
 212       10.9724
 
  0.3333333E+00  0.3333333E+00 -0.1654361E-23  0.2962963E+00
   1       -3.7835
   2       -3.0001
   3       -2.9955
   4       -2.3288
   5       -1.8955
   6       -1.8955
   7       -1.8676
   8       -1.8674
   9       -1.6808
  10       -1.6793
  11       -1.6785
  12       -1.6769
  13       -1.5926
  14       -1.5925
  15       -1.5047
  16       -1.5045
  17       -1.5005
  18       -1.4003
  19       -1.3977
  20       -1.2897
  21       -1.2890
  22       -1.1762
  23       -1.1649
  24       -1.1618
  25       -1.1065
  26       -1.1053
  27       -1.1026
  28       -1.1014
  29       -1.0361
  30       -1.0359
  31       -1.0341
  32       -1.0294
  33       -1.0273
  34       -0.8663
  35       -0.8649
  36       -0.8592
  37       -0.8574
  38       -0.7172
  39       -0.7144
  40       -0.6988
  41       -0.6986
  42       -0.6899
  43       -0.6887
  44       -0.6022
  45       -0.6021
  46       -0.4644
  47       -0.4644
  48       -0.3259
  49       -0.3157
  50       -0.3141
  51       -0.3134
  52       -0.3118
  53       -0.2940
  54       -0.2867
  55       -0.2845
  56       -0.1178
  57       -0.1178
  58       -0.0673
  59       -0.0656
  60       -0.0185
  61        0.0450
  62        0.0473
  63        0.0479
  64        0.0501
  65        0.1154
  66        0.1154
  67        0.1369
  68        0.1372
  69        0.1399
  70        0.1403
  71        0.1485
  72        0.1486
  73        0.2787
  74        0.2787
  75        0.3157
  76        0.3329
  77        0.3331
  78        0.3473
  79        0.3673
  80        0.3921
  81        0.4497
  82        0.4500
  83        0.4510
  84        0.4523
  85        0.4525
  86        0.4561
  87        0.4666
  88        0.4669
  89        0.4882
  90        0.4884
  91        0.6262
  92        0.6297
  93        0.6448
  94        0.6459
  95        0.6471
  96        0.6481
  97        0.7041
  98        0.7049
  99        0.7537
 100        0.7585
 101        0.7669
 102        0.8196
 103        0.8197
 104        0.8818
 105        0.8834
 106        0.8854
 107        0.8871
 108        0.9415
 109        1.0459
 110        1.0478
 111        1.0981
 112        1.0981
 113        1.1808
 114        1.1808
 115        1.2037
 116        1.2039
 117        1.2168
 118        1.3142
 119        1.4401
 120        1.5168
 121        1.5182
 122        1.5457
 123        1.5465
 124        1.5554
 125        1.5568
 126        1.5803
 127        1.6784
 128        1.6813
 129        1.7033
 130        1.7057
 131        1.7795
 132        1.7803
 133        1.7818
 134        1.7829
 135        1.7972
 136        1.8003
 137        1.8039
 138        1.8062
 139        1.8903
 140        1.8930
 141        1.9330
 142        1.9330
 143        1.9613
 144        2.0022
 145        2.0367
 146        2.0367
 147        2.0859
 148        2.0865
 149        2.0865
 150        2.0871
 151        2.1454
 152        2.1492
 153        2.1501
 154        2.2651
 155        2.2651
 156        2.2857
 157        2.2857
 158        2.2915
 159        2.2916
 160        2.3650
 161        2.3663
 162        2.3689
 163        2.3703
 164        2.3710
 165        2.3729
 166        2.4470
 167        2.8262
 168        2.8266
 169        2.8283
 170        2.8287
 171        2.8488
 172        2.8489
 173        2.9398
 174        2.9407
 175        4.0944
 176        4.0954
 177        4.7581
 178        4.7594
 179        5.4753
 180        5.4770
 181        5.4771
 182        5.4787
 183        5.5837
 184        5.5838
 185        6.0320
 186        6.0346
 187        6.5125
 188        6.8032
 189        6.8033
 190        7.2048
 191        7.2048
 192        7.2792
 193        7.9412
 194        7.9428
 195        8.2087
 196        8.2088
 197        8.6602
 198        8.6614
 199        8.6619
 200        8.6631
 201        8.6958
 202        8.8709
 203        8.8751
 204        9.5913
 205        9.5913
 206       10.2652
 207       10.6971
 208       10.6984
 209       10.8186
 210       11.0938
 211       11.2048
 212       11.2105
 
  0.0000000E+00  0.3333333E+00  0.3333333E+00  0.1481481E+00
   1       -3.7835
   2       -2.9979
   3       -2.9978
   4       -2.3289
   5       -1.8959
   6       -1.8952
   7       -1.8693
   8       -1.8657
   9       -1.6813
  10       -1.6795
  11       -1.6782
  12       -1.6763
  13       -1.5927
  14       -1.5926
  15       -1.5046
  16       -1.5046
  17       -1.5005
  18       -1.3990
  19       -1.3990
  20       -1.2893
  21       -1.2893
  22       -1.1758
  23       -1.1636
  24       -1.1636
  25       -1.1042
  26       -1.1041
  27       -1.1037
  28       -1.1037
  29       -1.0355
  30       -1.0351
  31       -1.0350
  32       -1.0286
  33       -1.0285
  34       -0.8655
  35       -0.8655
  36       -0.8583
  37       -0.8583
  38       -0.7160
  39       -0.7158
  40       -0.6987
  41       -0.6987
  42       -0.6893
  43       -0.6893
  44       -0.6022
  45       -0.6021
  46       -0.4662
  47       -0.4627
  48       -0.3261
  49       -0.3142
  50       -0.3139
  51       -0.3138
  52       -0.3132
  53       -0.2935
  54       -0.2859
  55       -0.2858
  56       -0.1179
  57       -0.1179
  58       -0.0665
  59       -0.0664
  60       -0.0185
  61        0.0455
  62        0.0474
  63        0.0478
  64        0.0498
  65        0.1139
  66        0.1168
  67        0.1351
  68        0.1383
  69        0.1388
  70        0.1425
  71        0.1486
  72        0.1487
  73        0.2765
  74        0.2813
  75        0.3156
  76        0.3327
  77        0.3331
  78        0.3473
  79        0.3671
  80        0.3922
  81        0.4493
  82        0.4509
  83        0.4512
  84        0.4512
  85        0.4537
  86        0.4554
  87        0.4670
  88        0.4671
  89        0.4882
  90        0.4883
  91        0.6278
  92        0.6279
  93        0.6450
  94        0.6458
  95        0.6471
  96        0.6479
  97        0.7045
  98        0.7045
  99        0.7561
 100        0.7562
 101        0.7668
 102        0.8187
 103        0.8204
 104        0.8838
 105        0.8839
 106        0.8850
 107        0.8851
 108        0.9413
 109        1.0467
 110        1.0468
 111        1.0970
 112        1.0991
 113        1.1808
 114        1.1808
 115        1.2038
 116        1.2039
 117        1.2168
 118        1.3142
 119        1.4403
 120        1.5175
 121        1.5176
 122        1.5461
 123        1.5461
 124        1.5558
 125        1.5559
 126        1.5805
 127        1.6799
 128        1.6801
 129        1.7042
 130        1.7043
 131        1.7799
 132        1.7810
 133        1.7814
 134        1.7824
 135        1.7992
 136        1.7992
 137        1.8047
 138        1.8048
 139        1.8916
 140        1.8916
 141        1.9317
 142        1.9345
 143        1.9612
 144        2.0023
 145        2.0364
 146        2.0369
 147        2.0851
 148        2.0862
 149        2.0868
 150        2.0878
 151        2.1454
 152        2.1495
 153        2.1496
 154        2.2649
 155        2.2654
 156        2.2856
 157        2.2857
 158        2.2914
 159        2.2915
 160        2.3661
 161        2.3661
 162        2.3699
 163        2.3699
 164        2.3715
 165        2.3715
 166        2.4470
 167        2.8274
 168        2.8275
 169        2.8275
 170        2.8276
 171        2.8481
 172        2.8495
 173        2.9402
 174        2.9402
 175        4.0948
 176        4.0949
 177        4.7587
 178        4.7587
 179        5.4734
 180        5.4765
 181        5.4776
 182        5.4807
 183        5.5837
 184        5.5838
 185        6.0333
 186        6.0333
 187        6.5124
 188        6.8032
 189        6.8032
 190        7.2048
 191        7.2048
 192        7.2793
 193        7.9419
 194        7.9420
 195        8.2087
 196        8.2088
 197        8.6588
 198        8.6616
 199        8.6618
 200        8.6645
 201        8.6956
 202        8.8729
 203        8.8732
 204        9.5899
 205        9.5928
 206       10.2652
 207       10.6978
 208       10.6978
 209       10.8186
 210       11.0911
 211       11.2104
 212       11.2105
 
  0.3333333E+00  0.3333333E+00  0.3333333E+00  0.2962963E+00
   1       -3.5259
   2       -2.8093
   3       -2.8062
   4       -2.8032
   5       -2.3027
   6       -2.3003
   7       -2.2978
   8       -2.1712
   9       -1.5022
  10       -1.5019
  11       -1.5017
  12       -1.4306
  13       -1.4303
  14       -1.4301
  15       -1.3757
  16       -1.3735
  17       -1.3713
  18       -1.2320
  19       -1.2312
  20       -1.2290
  21       -1.2290
  22       -1.2269
  23       -1.2261
  24       -1.1477
  25       -1.1453
  26       -1.1434
  27       -1.1343
  28       -1.1334
  29       -1.1319
  30       -1.1318
  31       -1.1306
  32       -1.1296
  33       -1.0723
  34       -1.0716
  35       -1.0708
  36       -0.7873
  37       -0.7863
  38       -0.7852
  39       -0.6250
  40       -0.6233
  41       -0.6220
  42       -0.6220
  43       -0.6208
  44       -0.6192
  45       -0.3332
  46       -0.3315
  47       -0.3301
  48       -0.3082
  49       -0.3067
  50       -0.3056
  51       -0.3056
  52       -0.3045
  53       -0.3027
  54       -0.1767
  55       -0.1749
  56       -0.1732
  57       -0.1462
  58       -0.1459
  59       -0.1455
  60       -0.0111
  61        0.0243
  62        0.0265
  63        0.0287
  64        0.1350
  65        0.1354
  66        0.1372
  67        0.1373
  68        0.1388
  69        0.1394
  70        0.2824
  71        0.2825
  72        0.3548
  73        0.3549
  74        0.3838
  75        0.3853
  76        0.3870
  77        0.4384
  78        0.4394
  79        0.4405
  80        0.4616
  81        0.4620
  82        0.4625
  83        0.4719
  84        0.4722
  85        0.4743
  86        0.4745
  87        0.4767
  88        0.4771
  89        0.4969
  90        0.4983
  91        0.4999
  92        0.5094
  93        0.5104
  94        0.5112
  95        0.5363
  96        0.5388
  97        0.5416
  98        0.6036
  99        0.6037
 100        0.6038
 101        0.7699
 102        0.7717
 103        0.7734
 104        0.9048
 105        1.0176
 106        1.0203
 107        1.0226
 108        1.0352
 109        1.0356
 110        1.0376
 111        1.0377
 112        1.0400
 113        1.0401
 114        1.2483
 115        1.2493
 116        1.2498
 117        1.2540
 118        1.2572
 119        1.2593
 120        1.2881
 121        1.2901
 122        1.2922
 123        1.3444
 124        1.3446
 125        1.3686
 126        1.3711
 127        1.3733
 128        1.4250
 129        1.4262
 130        1.4273
 131        1.4274
 132        1.4285
 133        1.4298
 134        1.6592
 135        1.6611
 136        1.6628
 137        1.7163
 138        1.7164
 139        1.7164
 140        1.8844
 141        1.8844
 142        2.0478
 143        2.0492
 144        2.0506
 145        2.2144
 146        2.2147
 147        2.2154
 148        2.2267
 149        2.2281
 150        2.2285
 151        2.2286
 152        2.2289
 153        2.2304
 154        2.3403
 155        2.3405
 156        2.3409
 157        2.3528
 158        2.3539
 159        2.3543
 160        2.3544
 161        2.3549
 162        2.3560
 163        2.3835
 164        2.3837
 165        2.3840
 166        2.4666
 167        2.4667
 168        2.4669
 169        3.2989
 170        3.3006
 171        3.3022
 172        4.2872
 173        4.2886
 174        4.2900
 175        4.2900
 176        4.2914
 177        4.2927
 178        4.9088
 179        4.9097
 180        4.9105
 181        5.3356
 182        5.3368
 183        5.3381
 184        6.4273
 185        6.4297
 186        6.4307
 187        6.4307
 188        6.4316
 189        6.4341
 190        6.9012
 191        6.9013
 192        6.9014
 193        7.5296
 194        7.5319
 195        7.5343
 196        8.0237
 197        8.0253
 198        8.0268
 199        9.0516
 200        9.0520
 201        9.0542
 202        9.0542
 203        9.0565
 204        9.0569
 205       10.2236
 206       10.2240
 207       10.2259
 208       10.2259
 209       10.2279
 210       10.2284
 211       10.4260
 212       10.4262
