   32   32  100    1
  0.1921076E+02  0.8502857E-09  0.8502857E-09  0.8502857E-09  0.5000000E-15
  1.000000000000000E-004
  CAR 
 No title                                
  352    4  212
 
  0.0000000E+00  0.0000000E+00  0.0000000E+00  0.3703704E-01
   1       -4.3508
   2       -2.1487
   3       -2.1487
   4       -2.1487
   5       -2.1487
   6       -2.1487
   7       -2.1487
   8       -2.0271
   9       -2.0271
  10       -2.0271
  11       -2.0271
  12       -1.7769
  13       -1.7769
  14       -1.7769
  15       -1.5304
  16       -1.5304
  17       -1.5304
  18       -0.9737
  19       -0.9737
  20       -0.9737
  21       -0.9737
  22       -0.9737
  23       -0.9737
  24       -0.9737
  25       -0.9737
  26       -0.9737
  27       -0.9737
  28       -0.9737
  29       -0.9737
  30       -0.8424
  31       -0.8424
  32       -0.8424
  33       -0.8424
  34       -0.8424
  35       -0.8424
  36       -0.7528
  37       -0.7528
  38       -0.7528
  39       -0.7528
  40       -0.7528
  41       -0.7528
  42       -0.2538
  43       -0.2538
  44       -0.2538
  45       -0.2538
  46       -0.2538
  47       -0.2538
  48       -0.2538
  49       -0.2538
  50       -0.2538
  51       -0.2538
  52       -0.2538
  53       -0.2538
  54       -0.1936
  55       -0.1936
  56       -0.1936
  57       -0.1936
  58       -0.1936
  59       -0.1936
  60       -0.1936
  61       -0.1936
  62       -0.1936
  63       -0.1936
  64       -0.1936
  65       -0.1936
  66        0.0536
  67        0.0536
  68        0.0536
  69        0.0536
  70        0.0536
  71        0.0536
  72        0.0536
  73        0.0536
  74        0.0536
  75        0.0536
  76        0.0536
  77        0.0536
  78        0.1287
  79        0.1287
  80        0.1287
  81        0.1287
  82        0.1287
  83        0.1287
  84        0.1287
  85        0.1287
  86        0.1514
  87        0.1514
  88        0.1514
  89        0.7675
  90        0.7675
  91        0.7675
  92        0.7675
  93        0.7675
  94        0.7675
  95        0.9172
  96        0.9172
  97        0.9172
  98        0.9172
  99        0.9172
 100        0.9172
 101        0.9172
 102        0.9172
 103        0.9172
 104        0.9172
 105        0.9172
 106        0.9172
 107        1.1674
 108        1.1674
 109        1.1674
 110        1.1674
 111        1.1674
 112        1.1674
 113        1.1674
 114        1.1674
 115        1.1674
 116        1.1674
 117        1.1674
 118        1.1674
 119        1.2948
 120        1.2948
 121        1.2948
 122        1.2948
 123        1.2948
 124        1.2948
 125        1.3786
 126        1.3786
 127        1.3858
 128        1.3858
 129        1.3858
 130        1.3858
 131        1.3858
 132        1.3858
 133        1.3858
 134        1.3858
 135        1.3858
 136        1.3858
 137        1.3858
 138        1.3858
 139        1.8283
 140        1.8283
 141        1.8283
 142        1.8283
 143        1.8283
 144        1.8283
 145        2.3116
 146        2.3116
 147        2.3116
 148        2.3497
 149        2.3497
 150        2.3497
 151        2.3497
 152        2.3497
 153        2.3497
 154        2.3497
 155        2.3497
 156        2.6075
 157        2.6075
 158        2.6075
 159        2.6075
 160        2.6075
 161        2.6075
 162        2.6089
 163        2.6089
 164        2.6089
 165        2.6089
 166        2.6089
 167        2.6089
 168        3.8687
 169        3.8687
 170        3.8687
 171        3.8687
 172        3.8892
 173        3.8892
 174        3.8892
 175        3.8892
 176        3.8892
 177        3.8892
 178        3.8892
 179        3.8892
 180        3.8892
 181        3.8892
 182        3.8892
 183        3.8892
 184        5.6527
 185        5.6527
 186        5.6527
 187        6.7925
 188        6.7925
 189        6.7925
 190        6.7925
 191        8.4846
 192        8.4846
 193        8.4846
 194        8.4846
 195        8.4846
 196        8.4846
 197        9.2113
 198        9.2113
 199        9.2113
 200       10.2444
 201       10.2444
 202       10.2444
 203       10.2444
 204       10.2444
 205       10.2444
 206       10.2444
 207       10.2444
 208       10.2444
 209       10.2444
 210       10.2444
 211       10.2444
 212       12.2533
 
  0.3333333E+00  0.0000000E+00  0.0000000E+00  0.2222222E+00
   1       -4.0611
   2       -3.2395
   3       -1.9449
   4       -1.9449
   5       -1.9449
   6       -1.9449
   7       -1.8710
   8       -1.8710
   9       -1.8710
  10       -1.8710
  11       -1.6928
  12       -1.6062
  13       -1.5963
  14       -1.5963
  15       -1.4401
  16       -1.4401
  17       -1.4401
  18       -1.4401
  19       -1.4321
  20       -1.4277
  21       -1.4277
  22       -1.4277
  23       -1.4277
  24       -1.3797
  25       -1.3797
  26       -1.1547
  27       -1.1486
  28       -1.1486
  29       -0.9304
  30       -0.9304
  31       -0.7236
  32       -0.7236
  33       -0.7236
  34       -0.7236
  35       -0.6988
  36       -0.6988
  37       -0.6988
  38       -0.6988
  39       -0.6702
  40       -0.6702
  41       -0.6702
  42       -0.6702
  43       -0.4613
  44       -0.4613
  45       -0.4613
  46       -0.4613
  47       -0.3197
  48       -0.3176
  49       -0.3176
  50       -0.3176
  51       -0.3176
  52       -0.2577
  53       -0.2577
  54       -0.2577
  55       -0.2577
  56       -0.1807
  57       -0.1807
  58       -0.1807
  59       -0.1807
  60       -0.1727
  61       -0.1727
  62       -0.1727
  63       -0.1727
  64       -0.0509
  65       -0.0509
  66       -0.0509
  67       -0.0509
  68        0.0210
  69        0.0728
  70        0.0728
  71        0.0728
  72        0.0728
  73        0.1063
  74        0.1063
  75        0.1063
  76        0.1063
  77        0.2506
  78        0.2506
  79        0.2506
  80        0.2506
  81        0.2723
  82        0.2723
  83        0.3877
  84        0.3877
  85        0.3877
  86        0.3877
  87        0.5860
  88        0.5860
  89        0.5860
  90        0.5860
  91        0.6060
  92        0.6060
  93        0.6060
  94        0.6060
  95        0.6242
  96        0.6242
  97        0.7974
  98        0.7974
  99        0.9176
 100        1.1077
 101        1.1077
 102        1.1077
 103        1.1077
 104        1.1627
 105        1.1627
 106        1.1627
 107        1.1627
 108        1.1921
 109        1.1921
 110        1.1921
 111        1.1921
 112        1.1974
 113        1.1974
 114        1.1974
 115        1.1974
 116        1.2422
 117        1.3264
 118        1.3264
 119        1.3264
 120        1.3264
 121        1.3439
 122        1.3439
 123        1.3439
 124        1.3439
 125        1.4371
 126        1.5996
 127        1.6281
 128        1.6281
 129        1.6918
 130        1.6918
 131        1.6918
 132        1.6918
 133        1.7245
 134        1.7601
 135        1.7601
 136        1.7601
 137        1.7601
 138        1.8100
 139        1.8100
 140        1.8334
 141        1.8334
 142        1.8334
 143        1.8334
 144        1.9235
 145        1.9235
 146        2.0654
 147        2.1005
 148        2.1005
 149        2.1005
 150        2.1005
 151        2.1170
 152        2.1170
 153        2.1832
 154        2.1832
 155        2.1832
 156        2.1832
 157        2.2447
 158        2.3611
 159        2.3611
 160        2.3611
 161        2.3611
 162        2.3735
 163        2.3735
 164        2.6078
 165        2.6078
 166        2.6086
 167        2.6086
 168        2.8956
 169        2.8956
 170        2.8956
 171        2.8956
 172        3.8824
 173        3.8974
 174        3.8974
 175        3.8974
 176        3.8974
 177        3.8993
 178        3.8993
 179        3.8993
 180        3.8993
 181        5.2364
 182        5.2364
 183        5.2364
 184        5.2364
 185        6.5531
 186        6.5531
 187        7.0857
 188        7.0857
 189        7.0857
 190        7.0857
 191        7.8095
 192        7.8095
 193        7.8095
 194        7.8095
 195        8.3033
 196        8.3033
 197        8.6534
 198        8.6534
 199        9.0178
 200        9.0178
 201       10.0536
 202       10.0536
 203       10.0536
 204       10.0536
 205       10.6188
 206       10.6188
 207       10.6188
 208       10.6188
 209       10.7461
 210       10.7461
 211       10.7461
 212       10.7461
 
  0.3333333E+00  0.3333333E+00 -0.1654361E-23  0.4444444E+00
   1       -3.7834
   2       -2.9978
   3       -2.9978
   4       -2.3288
   5       -1.8954
   6       -1.8954
   7       -1.8675
   8       -1.8675
   9       -1.6788
  10       -1.6788
  11       -1.6788
  12       -1.6788
  13       -1.5926
  14       -1.5926
  15       -1.5045
  16       -1.5045
  17       -1.5005
  18       -1.3989
  19       -1.3989
  20       -1.2892
  21       -1.2892
  22       -1.1757
  23       -1.1635
  24       -1.1635
  25       -1.1039
  26       -1.1039
  27       -1.1039
  28       -1.1039
  29       -1.0354
  30       -1.0350
  31       -1.0350
  32       -1.0286
  33       -1.0286
  34       -0.8655
  35       -0.8655
  36       -0.8583
  37       -0.8583
  38       -0.7158
  39       -0.7158
  40       -0.6987
  41       -0.6987
  42       -0.6893
  43       -0.6893
  44       -0.6021
  45       -0.6021
  46       -0.4644
  47       -0.4644
  48       -0.3259
  49       -0.3137
  50       -0.3137
  51       -0.3137
  52       -0.3137
  53       -0.2936
  54       -0.2858
  55       -0.2858
  56       -0.1178
  57       -0.1178
  58       -0.0664
  59       -0.0664
  60       -0.0184
  61        0.0476
  62        0.0476
  63        0.0476
  64        0.0476
  65        0.1155
  66        0.1155
  67        0.1386
  68        0.1386
  69        0.1386
  70        0.1386
  71        0.1485
  72        0.1485
  73        0.2787
  74        0.2787
  75        0.3157
  76        0.3330
  77        0.3330
  78        0.3473
  79        0.3673
  80        0.3921
  81        0.4511
  82        0.4511
  83        0.4511
  84        0.4511
  85        0.4537
  86        0.4537
  87        0.4669
  88        0.4669
  89        0.4881
  90        0.4881
  91        0.6280
  92        0.6280
  93        0.6464
  94        0.6464
  95        0.6464
  96        0.6464
  97        0.7045
  98        0.7045
  99        0.7561
 100        0.7561
 101        0.7669
 102        0.8196
 103        0.8196
 104        0.8844
 105        0.8844
 106        0.8844
 107        0.8844
 108        0.9413
 109        1.0468
 110        1.0468
 111        1.0981
 112        1.0981
 113        1.1808
 114        1.1808
 115        1.2038
 116        1.2038
 117        1.2167
 118        1.3141
 119        1.4402
 120        1.5176
 121        1.5176
 122        1.5461
 123        1.5461
 124        1.5559
 125        1.5559
 126        1.5803
 127        1.6799
 128        1.6799
 129        1.7044
 130        1.7044
 131        1.7812
 132        1.7812
 133        1.7812
 134        1.7812
 135        1.7990
 136        1.7990
 137        1.8046
 138        1.8046
 139        1.8916
 140        1.8916
 141        1.9330
 142        1.9330
 143        1.9612
 144        2.0022
 145        2.0366
 146        2.0366
 147        2.0864
 148        2.0864
 149        2.0864
 150        2.0864
 151        2.1454
 152        2.1495
 153        2.1495
 154        2.2651
 155        2.2651
 156        2.2857
 157        2.2857
 158        2.2915
 159        2.2915
 160        2.3660
 161        2.3660
 162        2.3698
 163        2.3698
 164        2.3714
 165        2.3714
 166        2.4469
 167        2.8275
 168        2.8275
 169        2.8275
 170        2.8275
 171        2.8488
 172        2.8488
 173        2.9402
 174        2.9402
 175        4.0949
 176        4.0949
 177        4.7587
 178        4.7587
 179        5.4770
 180        5.4770
 181        5.4770
 182        5.4770
 183        5.5837
 184        5.5837
 185        6.0333
 186        6.0333
 187        6.5124
 188        6.8032
 189        6.8032
 190        7.2048
 191        7.2048
 192        7.2792
 193        7.9419
 194        7.9419
 195        8.2088
 196        8.2088
 197        8.6617
 198        8.6617
 199        8.6617
 200        8.6617
 201        8.6956
 202        8.8730
 203        8.8730
 204        9.5913
 205        9.5913
 206       10.2652
 207       10.6977
 208       10.6977
 209       10.8187
 210       11.0912
 211       11.0939
 212       11.2103
 
  0.3333333E+00  0.3333333E+00  0.3333333E+00  0.2962963E+00
   1       -3.5258
   2       -2.8062
   3       -2.8062
   4       -2.8062
   5       -2.3002
   6       -2.3002
   7       -2.3002
   8       -2.1712
   9       -1.5018
  10       -1.5018
  11       -1.5018
  12       -1.4303
  13       -1.4303
  14       -1.4303
  15       -1.3735
  16       -1.3735
  17       -1.3735
  18       -1.2290
  19       -1.2290
  20       -1.2290
  21       -1.2290
  22       -1.2290
  23       -1.2290
  24       -1.1453
  25       -1.1453
  26       -1.1453
  27       -1.1319
  28       -1.1319
  29       -1.1319
  30       -1.1319
  31       -1.1319
  32       -1.1319
  33       -1.0717
  34       -1.0717
  35       -1.0717
  36       -0.7863
  37       -0.7863
  38       -0.7863
  39       -0.6220
  40       -0.6220
  41       -0.6220
  42       -0.6220
  43       -0.6220
  44       -0.6220
  45       -0.3314
  46       -0.3314
  47       -0.3314
  48       -0.3056
  49       -0.3056
  50       -0.3056
  51       -0.3056
  52       -0.3056
  53       -0.3056
  54       -0.1749
  55       -0.1749
  56       -0.1749
  57       -0.1459
  58       -0.1459
  59       -0.1459
  60       -0.0110
  61        0.0266
  62        0.0266
  63        0.0266
  64        0.1372
  65        0.1372
  66        0.1372
  67        0.1372
  68        0.1372
  69        0.1372
  70        0.2825
  71        0.2825
  72        0.3549
  73        0.3549
  74        0.3854
  75        0.3854
  76        0.3854
  77        0.4396
  78        0.4396
  79        0.4396
  80        0.4622
  81        0.4622
  82        0.4622
  83        0.4745
  84        0.4745
  85        0.4745
  86        0.4745
  87        0.4745
  88        0.4745
  89        0.4983
  90        0.4983
  91        0.4983
  92        0.5102
  93        0.5102
  94        0.5102
  95        0.5387
  96        0.5387
  97        0.5387
  98        0.6036
  99        0.6036
 100        0.6036
 101        0.7717
 102        0.7717
 103        0.7717
 104        0.9048
 105        1.0203
 106        1.0203
 107        1.0203
 108        1.0376
 109        1.0376
 110        1.0376
 111        1.0376
 112        1.0376
 113        1.0376
 114        1.2494
 115        1.2494
 116        1.2494
 117        1.2566
 118        1.2566
 119        1.2566
 120        1.2901
 121        1.2901
 122        1.2901
 123        1.3445
 124        1.3445
 125        1.3709
 126        1.3709
 127        1.3709
 128        1.4273
 129        1.4273
 130        1.4273
 131        1.4273
 132        1.4273
 133        1.4273
 134        1.6610
 135        1.6610
 136        1.6610
 137        1.7163
 138        1.7163
 139        1.7163
 140        1.8844
 141        1.8844
 142        2.0492
 143        2.0492
 144        2.0492
 145        2.2149
 146        2.2149
 147        2.2149
 148        2.2285
 149        2.2285
 150        2.2285
 151        2.2285
 152        2.2285
 153        2.2285
 154        2.3406
 155        2.3406
 156        2.3406
 157        2.3543
 158        2.3543
 159        2.3543
 160        2.3543
 161        2.3543
 162        2.3543
 163        2.3837
 164        2.3837
 165        2.3837
 166        2.4667
 167        2.4667
 168        2.4667
 169        3.3005
 170        3.3005
 171        3.3005
 172        4.2900
 173        4.2900
 174        4.2900
 175        4.2900
 176        4.2900
 177        4.2900
 178        4.9097
 179        4.9097
 180        4.9097
 181        5.3368
 182        5.3368
 183        5.3368
 184        6.4307
 185        6.4307
 186        6.4307
 187        6.4307
 188        6.4307
 189        6.4307
 190        6.9012
 191        6.9012
 192        6.9012
 193        7.5320
 194        7.5320
 195        7.5320
 196        8.0252
 197        8.0252
 198        8.0252
 199        9.0542
 200        9.0542
 201        9.0542
 202        9.0542
 203        9.0542
 204        9.0542
 205       10.2259
 206       10.2259
 207       10.2259
 208       10.2259
 209       10.2259
 210       10.2278
 211       10.4260
 212       10.4260
