   32   32    1    1
  0.1811328E+02  0.8337753E-09  0.8337753E-09  0.8337753E-09  0.5000000E-15
  1.000000000000000E-004
  CAR 
 No title                                
  352    1  212
 
  0.2500000E+00  0.2500000E+00  0.2500000E+00  0.1000000E+01
   1       -3.7261
   2       -2.5298
   3       -2.5265
   4       -2.5233
   5       -1.8428
   6       -1.7438
   7       -1.7414
   8       -1.7391
   9       -1.4491
  10       -1.4489
  11       -1.4485
  12       -1.3059
  13       -1.3056
  14       -1.3054
  15       -1.2176
  16       -1.2153
  17       -1.2129
  18       -1.0041
  19       -1.0035
  20       -1.0028
  21       -0.8563
  22       -0.8553
  23       -0.8528
  24       -0.8528
  25       -0.8503
  26       -0.8493
  27       -0.7506
  28       -0.7481
  29       -0.7458
  30       -0.7072
  31       -0.7052
  32       -0.7040
  33       -0.7039
  34       -0.7029
  35       -0.7008
  36       -0.5719
  37       -0.5705
  38       -0.5692
  39       -0.3020
  40       -0.3004
  41       -0.2990
  42       -0.2990
  43       -0.2978
  44       -0.2963
  45        0.0378
  46        0.0396
  47        0.0415
  48        0.0917
  49        0.0938
  50        0.0956
  51        0.1717
  52        0.1739
  53        0.1750
  54        0.1750
  55        0.1759
  56        0.1783
  57        0.3175
  58        0.3201
  59        0.3222
  60        0.3551
  61        0.3557
  62        0.3578
  63        0.3578
  64        0.3596
  65        0.3603
  66        0.3623
  67        0.3628
  68        0.3633
  69        0.4619
  70        0.6664
  71        0.6666
  72        0.7443
  73        0.7445
  74        0.7773
  75        0.7788
  76        0.7810
  77        0.7943
  78        0.7943
  79        0.7967
  80        0.7968
  81        0.7991
  82        0.7997
  83        0.8520
  84        0.8533
  85        0.8547
  86        0.8628
  87        0.8631
  88        0.8634
  89        0.9526
  90        0.9536
  91        0.9545
  92        1.0499
  93        1.0501
  94        1.0508
  95        1.0618
  96        1.0643
  97        1.0675
  98        1.1336
  99        1.1348
 100        1.1358
 101        1.5044
 102        1.5073
 103        1.5099
 104        1.5432
 105        1.5435
 106        1.5459
 107        1.5459
 108        1.5484
 109        1.5487
 110        1.7225
 111        1.7244
 112        1.7260
 113        1.7651
 114        1.7675
 115        1.7702
 116        1.8624
 117        1.8668
 118        1.8681
 119        1.8688
 120        1.8702
 121        1.8747
 122        1.9085
 123        1.9086
 124        2.0404
 125        2.0426
 126        2.0435
 127        2.0435
 128        2.0442
 129        2.0465
 130        2.1013
 131        2.3129
 132        2.3138
 133        2.3142
 134        2.3255
 135        2.3279
 136        2.3292
 137        2.6056
 138        2.6082
 139        2.6088
 140        2.6088
 141        2.6091
 142        2.6118
 143        2.6223
 144        2.6225
 145        2.6227
 146        2.6779
 147        2.6786
 148        2.6792
 149        2.7206
 150        2.7207
 151        2.8842
 152        2.8845
 153        2.8847
 154        3.0621
 155        3.0622
 156        3.0626
 157        3.0855
 158        3.0868
 159        3.0875
 160        3.0875
 161        3.0881
 162        3.0891
 163        3.1047
 164        3.1061
 165        3.1076
 166        3.1765
 167        3.1781
 168        3.1796
 169        3.2041
 170        3.2042
 171        3.2042
 172        4.8194
 173        4.8201
 174        4.8216
 175        4.8217
 176        4.8232
 177        4.8238
 178        5.3552
 179        5.3558
 180        5.3563
 181        6.1326
 182        6.1340
 183        6.1353
 184        6.8061
 185        6.8066
 186        6.8071
 187        7.9738
 188        7.9757
 189        7.9766
 190        7.9766
 191        7.9774
 192        7.9794
 193        8.4169
 194        8.4184
 195        8.4198
 196        9.6375
 197        9.6391
 198        9.6405
 199       10.0280
 200       10.0285
 201       10.0312
 202       10.0312
 203       10.0339
 204       10.0343
 205       10.9788
 206       11.3536
 207       11.3538
 208       11.3538
 209       11.7626
 210       11.7634
 211       11.7644
 212       11.7660
