 Fermi:  0.0
 DOS:Total
0.1074	0.0000
0.1381	0.0090
0.1688	0.0000
0.1995	0.0180
0.2301	0.0000
0.2608	0.0090
0.2915	0.0090
0.3222	0.0090
0.3529	0.0225
0.3836	0.0000
0.4143	0.0360
0.4450	0.0135
0.4756	0.0360
0.5063	0.0225
0.5370	0.0315
0.5677	0.0180
0.5984	0.0225
0.6291	0.0180
0.6598	0.0360
0.6904	0.0225
0.7211	0.0584
0.7518	0.0180
0.7825	0.0360
0.8132	0.0360
0.8439	0.0854
0.8746	0.0764
0.9052	0.0944
0.9359	0.0854
0.9666	0.0899
0.9973	0.0899
1.0280	0.0944
1.0587	0.1079
1.0894	0.1348
1.1201	0.1708
1.1507	0.2067
1.1814	0.2022
1.2121	0.1438
1.2428	0.2831
1.2735	0.2876
1.3042	0.2741
1.3349	0.3326
1.3655	0.3685
1.3962	0.3371
1.4269	0.4539
1.4576	0.5258
1.4883	0.6202
1.5190	0.6876
1.5497	1.1730
1.5804	1.2359
1.6110	0.8180
1.6417	0.7326
1.6724	0.5843
1.7031	0.6427
1.7338	0.5708
1.7645	0.5708
1.7952	0.6247
1.8258	0.4359
1.8565	0.5078
1.8872	0.4180
1.9179	0.4000
1.9486	0.3506
1.9793	0.3640
2.0100	0.3191
2.0406	0.3416
2.0713	0.3955
2.1020	0.3281
2.1327	0.3056
2.1634	0.3506
2.1941	0.2876
2.2248	0.3506
2.2555	0.2292
2.2861	0.3371
2.3168	0.2966
2.3475	0.3101
2.3782	0.2831
2.4089	0.2831
2.4396	0.2652
2.4703	0.2652
2.5009	0.2562
2.5316	0.2247
2.5623	0.2472
2.5930	0.2517
2.6237	0.2517
2.6544	0.2067
2.6851	0.1888
2.7157	0.1798
2.7464	0.1798
2.7771	0.1213
2.8078	0.1393
2.8385	0.0899
2.8692	0.1618
2.8999	0.1124
2.9306	0.1169
2.9612	0.1618
2.9919	0.1258
3.0226	0.1933
3.0533	0.2472
3.0840	0.2741
3.1147	0.3955
3.1454	0.4000
3.1760	0.3910
3.2067	0.4000
3.2374	0.3730
3.2681	0.4045
3.2988	0.4719
3.3295	0.4899
3.3602	0.4494
3.3909	0.4494
3.4215	0.4809
3.4522	0.5078
3.4829	0.3865
3.5136	0.2921
3.5443	0.3101
3.5750	0.3371
3.6057	0.1798
3.6363	0.2427
3.6670	0.2022
3.6977	0.1843
3.7284	0.1303
3.7591	0.1798
3.7898	0.1348
3.8205	0.0899
3.8511	0.0764
3.8818	0.0809
3.9125	0.0449
3.9432	0.0404
3.9739	0.0225
4.0046	0.0449
4.0353	0.0270
4.0660	0.0270
4.0966	0.0000
 DOS:Au	2
0.1074	0.0000	0.0000	0.0000
0.1381	0.0015	0.0041	0.0034
0.1688	0.0000	0.0000	0.0000
0.1995	0.0073	0.0021	0.0086
0.2301	0.0000	0.0000	0.0000
0.2608	0.0021	0.0031	0.0038
0.2915	0.0043	0.0013	0.0034
0.3222	0.0001	0.0044	0.0045
0.3529	0.0114	0.0093	0.0018
0.3836	0.0000	0.0000	0.0000
0.4143	0.0130	0.0101	0.0129
0.4450	0.0021	0.0056	0.0058
0.4756	0.0120	0.0169	0.0070
0.5063	0.0098	0.0060	0.0067
0.5370	0.0103	0.0103	0.0108
0.5677	0.0056	0.0075	0.0048
0.5984	0.0069	0.0088	0.0067
0.6291	0.0062	0.0071	0.0046
0.6598	0.0114	0.0139	0.0106
0.6904	0.0062	0.0082	0.0080
0.7211	0.0264	0.0143	0.0177
0.7518	0.0058	0.0061	0.0061
0.7825	0.0036	0.0152	0.0172
0.8132	0.0101	0.0113	0.0145
0.8439	0.0242	0.0241	0.0371
0.8746	0.0210	0.0242	0.0311
0.9052	0.0387	0.0255	0.0302
0.9359	0.0296	0.0288	0.0269
0.9666	0.0306	0.0347	0.0246
0.9973	0.0229	0.0301	0.0369
1.0280	0.0339	0.0392	0.0212
1.0587	0.0291	0.0410	0.0378
1.0894	0.0520	0.0412	0.0416
1.1201	0.0526	0.0593	0.0589
1.1507	0.0701	0.0629	0.0738
1.1814	0.0795	0.0534	0.0693
1.2121	0.0461	0.0443	0.0534
1.2428	0.1136	0.0909	0.0787
1.2735	0.0897	0.0914	0.1065
1.3042	0.1069	0.0789	0.0884
1.3349	0.1160	0.1192	0.0973
1.3655	0.1209	0.1297	0.1180
1.3962	0.0970	0.1198	0.1203
1.4269	0.1640	0.1457	0.1442
1.4576	0.1644	0.1907	0.1707
1.4883	0.1976	0.1967	0.2259
1.5190	0.2087	0.2548	0.2241
1.5497	0.3708	0.3890	0.4132
1.5804	0.4012	0.4267	0.4080
1.6110	0.2818	0.2756	0.2605
1.6417	0.2414	0.2460	0.2452
1.6724	0.1747	0.2071	0.2024
1.7031	0.2077	0.2171	0.2178
1.7338	0.1903	0.1807	0.1997
1.7645	0.2083	0.1509	0.2116
1.7952	0.2374	0.1952	0.1921
1.8258	0.1539	0.1293	0.1528
1.8565	0.1617	0.1715	0.1746
1.8872	0.1471	0.1528	0.1180
1.9179	0.1287	0.1404	0.1309
1.9486	0.1291	0.1167	0.1048
1.9793	0.1313	0.1116	0.1212
2.0100	0.1105	0.1055	0.1031
2.0406	0.1169	0.1296	0.0951
2.0713	0.1314	0.1215	0.1426
2.1020	0.1242	0.1051	0.0988
2.1327	0.0891	0.1065	0.1101
2.1634	0.1486	0.0875	0.1144
2.1941	0.0916	0.1130	0.0831
2.2248	0.1243	0.1169	0.1094
2.2555	0.0766	0.0878	0.0648
2.2861	0.1165	0.0997	0.1209
2.3168	0.1158	0.1100	0.0708
2.3475	0.1016	0.0960	0.1125
2.3782	0.0943	0.1031	0.0857
2.4089	0.1055	0.0782	0.0994
2.4396	0.0808	0.0893	0.0951
2.4703	0.1018	0.0742	0.0892
2.5009	0.1067	0.0562	0.0932
2.5316	0.0754	0.0809	0.0684
2.5623	0.0764	0.0710	0.0998
2.5930	0.0828	0.0802	0.0887
2.6237	0.0611	0.0850	0.1056
2.6544	0.0734	0.0686	0.0647
2.6851	0.0523	0.0708	0.0656
2.7157	0.0584	0.0636	0.0577
2.7464	0.0543	0.0739	0.0516
2.7771	0.0452	0.0383	0.0378
2.8078	0.0505	0.0527	0.0361
2.8385	0.0212	0.0311	0.0376
2.8692	0.0633	0.0456	0.0529
2.8999	0.0384	0.0435	0.0304
2.9306	0.0400	0.0427	0.0342
2.9612	0.0452	0.0705	0.0461
2.9919	0.0357	0.0308	0.0593
3.0226	0.0528	0.0628	0.0777
3.0533	0.0685	0.0842	0.0944
3.0840	0.0909	0.0710	0.1123
3.1147	0.1183	0.1528	0.1244
3.1454	0.1476	0.1132	0.1392
3.1760	0.1359	0.1476	0.1076
3.2067	0.1412	0.1376	0.1212
3.2374	0.1295	0.1229	0.1207
3.2681	0.1136	0.1414	0.1495
3.2988	0.1403	0.1618	0.1699
3.3295	0.1770	0.1725	0.1404
3.3602	0.1523	0.1588	0.1383
3.3909	0.1641	0.1332	0.1521
3.4215	0.1568	0.1704	0.1537
3.4522	0.1643	0.1747	0.1688
3.4829	0.1087	0.1287	0.1491
3.5136	0.0852	0.1185	0.0883
3.5443	0.0955	0.0913	0.1232
3.5750	0.1164	0.0993	0.1213
3.6057	0.0660	0.0563	0.0574
3.6363	0.0672	0.0927	0.0827
3.6670	0.0725	0.0612	0.0685
3.6977	0.0536	0.0710	0.0597
3.7284	0.0485	0.0378	0.0441
3.7591	0.0541	0.0653	0.0604
3.7898	0.0430	0.0437	0.0481
3.8205	0.0369	0.0337	0.0193
3.8511	0.0226	0.0312	0.0226
3.8818	0.0299	0.0257	0.0253
3.9125	0.0150	0.0152	0.0147
3.9432	0.0135	0.0132	0.0138
3.9739	0.0074	0.0076	0.0074
4.0046	0.0149	0.0151	0.0150
4.0353	0.0090	0.0090	0.0090
4.0660	0.0090	0.0089	0.0090
4.0966	0.0000	0.0000	0.0000
