   32   32    1    1
  0.1736934E+02  0.8222005E-09  0.8222005E-09  0.8222005E-09  0.5000000E-15
  1.000000000000000E-004
  CAR 
 No title                                
  352    1  212
 
  0.2500000E+00  0.2500000E+00  0.2500000E+00  0.1000000E+01
   1       -3.8054
   2       -2.8386
   3       -2.8144
   4       -2.8122
   5       -2.8101
   6       -2.7661
   7       -2.7658
   8       -2.7656
   9       -2.6690
  10       -2.6688
  11       -2.6687
  12       -2.6031
  13       -2.6025
  14       -2.6020
  15       -2.4695
  16       -2.4681
  17       -2.4669
  18       -2.4440
  19       -2.4426
  20       -2.4410
  21       -2.3197
  22       -2.3179
  23       -2.3171
  24       -2.3171
  25       -2.3164
  26       -2.3147
  27       -2.2454
  28       -2.2439
  29       -2.2423
  30       -2.2227
  31       -2.2221
  32       -2.2204
  33       -2.2204
  34       -2.2188
  35       -2.2183
  36       -2.1994
  37       -2.1984
  38       -2.1974
  39       -2.0304
  40       -2.0293
  41       -2.0283
  42       -2.0283
  43       -2.0273
  44       -2.0262
  45       -1.7529
  46       -1.7513
  47       -1.7497
  48       -1.6941
  49       -1.6926
  50       -1.6913
  51       -1.6700
  52       -1.6684
  53       -1.6676
  54       -1.6675
  55       -1.6668
  56       -1.6650
  57       -1.5411
  58       -1.5408
  59       -1.5405
  60       -1.4582
  61       -1.4180
  62       -1.4166
  63       -1.4152
  64       -1.3347
  65       -1.3347
  66       -1.3330
  67       -1.3329
  68       -1.3314
  69       -1.3313
  70       -1.3179
  71       -1.3178
  72       -1.2594
  73       -1.2593
  74       -1.1661
  75       -1.1660
  76       -1.1659
  77       -1.1073
  78       -1.1068
  79       -1.1055
  80       -1.1052
  81       -1.1041
  82       -1.1034
  83       -1.0948
  84       -1.0942
  85       -1.0935
  86       -1.0865
  87       -1.0855
  88       -1.0845
  89       -1.0695
  90       -1.0678
  91       -1.0660
  92       -1.0268
  93       -1.0266
  94       -1.0265
  95       -0.9622
  96       -0.9613
  97       -0.9607
  98       -0.6999
  99       -0.6980
 100       -0.6958
 101       -0.6819
 102       -0.6799
 103       -0.6781
 104       -0.6152
 105       -0.6151
 106       -0.6134
 107       -0.6134
 108       -0.6116
 109       -0.6115
 110       -0.4245
 111       -0.4220
 112       -0.4205
 113       -0.4159
 114       -0.4142
 115       -0.4117
 116       -0.4017
 117       -0.4017
 118       -0.3738
 119       -0.3726
 120       -0.3715
 121       -0.3580
 122       -0.3562
 123       -0.3542
 124       -0.2732
 125       -0.2714
 126       -0.2709
 127       -0.2709
 128       -0.2704
 129       -0.2686
 130       -0.1013
 131       -0.1001
 132       -0.0988
 133        0.0321
 134        0.0324
 135        0.0327
 136        0.1146
 137        0.1148
 138        0.1150
 139        0.1244
 140        0.1263
 141        0.1265
 142        0.1265
 143        0.1268
 144        0.1285
 145        0.1535
 146        0.1539
 147        0.1542
 148        0.1834
 149        0.1835
 150        0.2952
 151        0.2952
 152        0.2954
 153        0.4180
 154        0.4181
 155        0.4183
 156        0.4424
 157        0.4432
 158        0.4436
 159        0.4436
 160        0.4440
 161        0.4448
 162        0.5197
 163        0.5197
 164        0.5198
 165        0.8356
 166        0.8370
 167        0.8384
 168        0.9470
 169        1.4747
 170        1.4762
 171        1.4777
 172        3.0882
 173        3.0888
 174        3.0904
 175        3.0904
 176        3.0921
 177        3.0926
 178        3.6758
 179        3.6759
 180        3.6760
 181        4.7687
 182        4.7693
 183        4.7700
 184        5.5242
 185        5.5255
 186        5.5269
 187        6.6737
 188        6.6751
 189        6.6763
 190        6.6763
 191        6.6775
 192        6.6789
 193        7.5078
 194        7.5086
 195        7.5094
 196        8.3058
 197        8.3063
 198        8.3066
 199        9.1616
 200        9.1627
 201        9.1654
 202        9.1654
 203        9.1680
 204        9.1691
 205        9.7681
 206       10.6676
 207       10.6677
 208       10.6698
 209       10.6698
 210       10.6720
 211       10.6720
 212       11.2631
