        4  number of thermod.function
       71  number of points of thermod.function
   Total    
         0.0010        0.1997535E+02
         1.0000        0.1997535E+02
         2.0000        0.1997535E+02
         3.0000        0.1997535E+02
         4.0000        0.1997533E+02
         5.0000        0.1997528E+02
        10.0000        0.1997402E+02
        15.0000        0.1996840E+02
        20.0000        0.1995084E+02
        30.0000        0.1983328E+02
        40.0000        0.1953530E+02
        50.0000        0.1900448E+02
        60.0000        0.1821993E+02
        70.0000        0.1717949E+02
        80.0000        0.1589055E+02
        90.0000        0.1436475E+02
       100.0000        0.1261514E+02
       125.0000        0.7346563E+01
       150.0000        0.9443872E+00
       175.0000       -0.6440763E+01
       200.0000       -0.1468904E+02
       225.0000       -0.2370452E+02
       250.0000       -0.3340937E+02
       273.0000       -0.4289137E+02
       275.0000       -0.4373946E+02
       298.0000       -0.5374918E+02
       300.0000       -0.5464125E+02
       350.0000       -0.7798495E+02
       400.0000       -0.1031485E+03
       450.0000       -0.1299100E+03
       500.0000       -0.1580951E+03
       550.0000       -0.1875637E+03
       600.0000       -0.2182006E+03
       650.0000       -0.2499092E+03
       700.0000       -0.2826081E+03
       750.0000       -0.3162270E+03
       800.0000       -0.3507048E+03
       850.0000       -0.3859883E+03
       900.0000       -0.4220303E+03
       950.0000       -0.4587889E+03
      1000.0000       -0.4962264E+03
      1050.0000       -0.5343090E+03
      1100.0000       -0.5730063E+03
      1150.0000       -0.6122903E+03
      1200.0000       -0.6521355E+03
      1250.0000       -0.6925186E+03
      1300.0000       -0.7334182E+03
      1350.0000       -0.7748143E+03
      1400.0000       -0.8166887E+03
      1450.0000       -0.8590245E+03
      1500.0000       -0.9018054E+03
      1550.0000       -0.9450172E+03
      1600.0000       -0.9886454E+03
      1650.0000       -0.1032677E+04
      1700.0000       -0.1077101E+04
      1750.0000       -0.1121904E+04
      1800.0000       -0.1167076E+04
      1850.0000       -0.1212607E+04
      1900.0000       -0.1258488E+04
      1950.0000       -0.1304709E+04
      2000.0000       -0.1351260E+04
      2100.0000       -0.1445325E+04
      2200.0000       -0.1540620E+04
      2300.0000       -0.1637091E+04
      2400.0000       -0.1734685E+04
      2500.0000       -0.1833356E+04
      2600.0000       -0.1933062E+04
      2700.0000       -0.2033762E+04
      2800.0000       -0.2135418E+04
      2900.0000       -0.2237999E+04
      3000.0000       -0.2341470E+04
       71  number of points of thermod.function
   1Ag__:X/D
         0.0010        0.6644691E+01
         1.0000        0.6644691E+01
         2.0000        0.6644691E+01
         3.0000        0.6644690E+01
         4.0000        0.6644684E+01
         5.0000        0.6644668E+01
        10.0000        0.6644258E+01
        15.0000        0.6642397E+01
        20.0000        0.6636575E+01
        30.0000        0.6597481E+01
        40.0000        0.6498177E+01
        50.0000        0.6321099E+01
        60.0000        0.6059258E+01
        70.0000        0.5711966E+01
        80.0000        0.5281713E+01
        90.0000        0.4772399E+01
       100.0000        0.4188401E+01
       125.0000        0.2429971E+01
       150.0000        0.2934297E+00
       175.0000       -0.2170920E+01
       200.0000       -0.4923078E+01
       225.0000       -0.7931039E+01
       250.0000       -0.1116883E+02
       273.0000       -0.1433215E+02
       275.0000       -0.1461509E+02
       298.0000       -0.1795433E+02
       300.0000       -0.1825192E+02
       350.0000       -0.2603904E+02
       400.0000       -0.3443283E+02
       450.0000       -0.4335930E+02
       500.0000       -0.5276033E+02
       550.0000       -0.6258923E+02
       600.0000       -0.7280753E+02
       650.0000       -0.8338313E+02
       700.0000       -0.9428882E+02
       750.0000       -0.1055011E+03
       800.0000       -0.1169998E+03
       850.0000       -0.1287671E+03
       900.0000       -0.1407871E+03
       950.0000       -0.1530461E+03
      1000.0000       -0.1655313E+03
      1050.0000       -0.1782316E+03
      1100.0000       -0.1911368E+03
      1150.0000       -0.2042375E+03
      1200.0000       -0.2175253E+03
      1250.0000       -0.2309924E+03
      1300.0000       -0.2446317E+03
      1350.0000       -0.2584366E+03
      1400.0000       -0.2724008E+03
      1450.0000       -0.2865188E+03
      1500.0000       -0.3007852E+03
      1550.0000       -0.3151952E+03
      1600.0000       -0.3297440E+03
      1650.0000       -0.3444274E+03
      1700.0000       -0.3592413E+03
      1750.0000       -0.3741819E+03
      1800.0000       -0.3892454E+03
      1850.0000       -0.4044285E+03
      1900.0000       -0.4197281E+03
      1950.0000       -0.4351411E+03
      2000.0000       -0.4506644E+03
      2100.0000       -0.4820314E+03
      2200.0000       -0.5138088E+03
      2300.0000       -0.5459778E+03
      2400.0000       -0.5785215E+03
      2500.0000       -0.6114240E+03
      2600.0000       -0.6446714E+03
      2700.0000       -0.6782501E+03
      2800.0000       -0.7121479E+03
      2900.0000       -0.7463536E+03
      3000.0000       -0.7808564E+03
       71  number of points of thermod.function
   1Ag__:Y/D
         0.0010        0.6669532E+01
         1.0000        0.6669532E+01
         2.0000        0.6669532E+01
         3.0000        0.6669531E+01
         4.0000        0.6669526E+01
         5.0000        0.6669512E+01
        10.0000        0.6669120E+01
        15.0000        0.6667269E+01
        20.0000        0.6661418E+01
        30.0000        0.6622217E+01
        40.0000        0.6522941E+01
        50.0000        0.6346189E+01
        60.0000        0.6084999E+01
        70.0000        0.5738641E+01
        80.0000        0.5309556E+01
        90.0000        0.4801596E+01
       100.0000        0.4219098E+01
       125.0000        0.2464878E+01
       150.0000        0.3329851E+00
       175.0000       -0.2126446E+01
       200.0000       -0.4873507E+01
       225.0000       -0.7876247E+01
       250.0000       -0.1110874E+02
       273.0000       -0.1426712E+02
       275.0000       -0.1454961E+02
       298.0000       -0.1788388E+02
       300.0000       -0.1818103E+02
       350.0000       -0.2595720E+02
       400.0000       -0.3433995E+02
       450.0000       -0.4325530E+02
       500.0000       -0.5264519E+02
       550.0000       -0.6246287E+02
       600.0000       -0.7266996E+02
       650.0000       -0.8323434E+02
       700.0000       -0.9412877E+02
       750.0000       -0.1053298E+03
       800.0000       -0.1168172E+03
       850.0000       -0.1285732E+03
       900.0000       -0.1405820E+03
       950.0000       -0.1528296E+03
      1000.0000       -0.1653036E+03
      1050.0000       -0.1779926E+03
      1100.0000       -0.1908864E+03
      1150.0000       -0.2039759E+03
      1200.0000       -0.2172523E+03
      1250.0000       -0.2307082E+03
      1300.0000       -0.2443361E+03
      1350.0000       -0.2581296E+03
      1400.0000       -0.2720825E+03
      1450.0000       -0.2861892E+03
      1500.0000       -0.3004443E+03
      1550.0000       -0.3148430E+03
      1600.0000       -0.3293804E+03
      1650.0000       -0.3440526E+03
      1700.0000       -0.3588550E+03
      1750.0000       -0.3737842E+03
      1800.0000       -0.3888365E+03
      1850.0000       -0.4040084E+03
      1900.0000       -0.4192965E+03
      1950.0000       -0.4346982E+03
      2000.0000       -0.4502101E+03
      2100.0000       -0.4815545E+03
      2200.0000       -0.5133092E+03
      2300.0000       -0.5454556E+03
      2400.0000       -0.5779764E+03
      2500.0000       -0.6108564E+03
      2600.0000       -0.6440811E+03
      2700.0000       -0.6776372E+03
      2800.0000       -0.7115124E+03
      2900.0000       -0.7456953E+03
      3000.0000       -0.7801754E+03
       71  number of points of thermod.function
   1Ag__:Z/D
         0.0010        0.6661128E+01
         1.0000        0.6661128E+01
         2.0000        0.6661128E+01
         3.0000        0.6661125E+01
         4.0000        0.6661117E+01
         5.0000        0.6661097E+01
        10.0000        0.6660646E+01
        15.0000        0.6658740E+01
        20.0000        0.6652850E+01
        30.0000        0.6613582E+01
        40.0000        0.6514178E+01
        50.0000        0.6337198E+01
        60.0000        0.6075670E+01
        70.0000        0.5728879E+01
        80.0000        0.5299285E+01
        90.0000        0.4790755E+01
       100.0000        0.4207637E+01
       125.0000        0.2451714E+01
       150.0000        0.3179718E+00
       175.0000       -0.2143398E+01
       200.0000       -0.4892458E+01
       225.0000       -0.7897237E+01
       250.0000       -0.1113180E+02
       273.0000       -0.1429210E+02
       275.0000       -0.1457477E+02
       298.0000       -0.1791097E+02
       300.0000       -0.1820829E+02
       350.0000       -0.2598872E+02
       400.0000       -0.3437575E+02
       450.0000       -0.4329540E+02
       500.0000       -0.5268961E+02
       550.0000       -0.6251163E+02
       600.0000       -0.7272307E+02
       650.0000       -0.8329178E+02
       700.0000       -0.9419056E+02
       750.0000       -0.1053960E+03
       800.0000       -0.1168878E+03
       850.0000       -0.1286481E+03
       900.0000       -0.1406612E+03
       950.0000       -0.1529132E+03
      1000.0000       -0.1653915E+03
      1050.0000       -0.1780850E+03
      1100.0000       -0.1909832E+03
      1150.0000       -0.2040770E+03
      1200.0000       -0.2173578E+03
      1250.0000       -0.2308180E+03
      1300.0000       -0.2444504E+03
      1350.0000       -0.2582482E+03
      1400.0000       -0.2722055E+03
      1450.0000       -0.2863166E+03
      1500.0000       -0.3005760E+03
      1550.0000       -0.3149790E+03
      1600.0000       -0.3295210E+03
      1650.0000       -0.3441974E+03
      1700.0000       -0.3590043E+03
      1750.0000       -0.3739379E+03
      1800.0000       -0.3889945E+03
      1850.0000       -0.4041708E+03
      1900.0000       -0.4194633E+03
      1950.0000       -0.4348693E+03
      2000.0000       -0.4503857E+03
      2100.0000       -0.4817389E+03
      2200.0000       -0.5135023E+03
      2300.0000       -0.5456574E+03
      2400.0000       -0.5781871E+03
      2500.0000       -0.6110758E+03
      2600.0000       -0.6443092E+03
      2700.0000       -0.6778741E+03
      2800.0000       -0.7117579E+03
      2900.0000       -0.7459497E+03
      3000.0000       -0.7804385E+03
