  108  108  100    1
  0.1431761E+02  0.1156374E-08  0.1156374E-08  0.1156374E-08  0.5000000E-15
  1.000000000000000E-004
  CAR 
 No title                                
 1188    1  712
 
  0.2500000E+00  0.2500000E+00  0.2500000E+00  0.1000000E+01
   1       -5.4591
   2       -4.8825
   3       -4.8825
   4       -4.8825
   5       -4.3271
   6       -4.3271
   7       -4.3271
   8       -3.8082
   9       -3.7885
  10       -3.7885
  11       -3.7885
  12       -3.2884
  13       -3.2884
  14       -3.2884
  15       -3.2884
  16       -3.2884
  17       -3.2884
  18       -2.8723
  19       -2.8723
  20       -2.8723
  21       -2.4320
  22       -2.4320
  23       -2.4320
  24       -2.4072
  25       -2.4072
  26       -2.4072
  27       -2.2170
  28       -2.2170
  29       -2.2170
  30       -2.0487
  31       -2.0487
  32       -2.0487
  33       -2.0487
  34       -2.0487
  35       -2.0487
  36       -1.9729
  37       -1.8487
  38       -1.8487
  39       -1.8487
  40       -1.7170
  41       -1.7170
  42       -1.7170
  43       -1.6366
  44       -1.6366
  45       -1.6366
  46       -1.6218
  47       -1.6218
  48       -1.6218
  49       -1.6218
  50       -1.6218
  51       -1.6218
  52       -1.5253
  53       -1.5253
  54       -1.5253
  55       -1.4948
  56       -1.4948
  57       -1.4948
  58       -1.4948
  59       -1.4948
  60       -1.4948
  61       -1.4195
  62       -1.4195
  63       -1.4195
  64       -1.3682
  65       -1.3682
  66       -1.3682
  67       -1.3682
  68       -1.3682
  69       -1.3682
  70       -1.3041
  71       -1.3041
  72       -1.3041
  73       -1.3041
  74       -1.3041
  75       -1.3041
  76       -1.2703
  77       -1.2703
  78       -1.2703
  79       -1.1983
  80       -1.1983
  81       -1.1983
  82       -1.1983
  83       -1.1983
  84       -1.1983
  85       -1.1909
  86       -1.1909
  87       -1.1909
  88       -1.1466
  89       -1.1466
  90       -1.1466
  91       -1.1155
  92       -1.1155
  93       -1.1155
  94       -1.0664
  95       -1.0664
  96       -1.0664
  97       -1.0528
  98       -1.0528
  99       -1.0528
 100       -1.0528
 101       -1.0528
 102       -1.0528
 103       -1.0145
 104       -1.0145
 105       -1.0145
 106       -1.0145
 107       -1.0145
 108       -1.0145
 109       -1.0090
 110       -1.0090
 111       -1.0090
 112       -1.0090
 113       -1.0090
 114       -1.0090
 115       -0.9469
 116       -0.9469
 117       -0.9469
 118       -0.9443
 119       -0.9443
 120       -0.9443
 121       -0.9443
 122       -0.9443
 123       -0.9443
 124       -0.9358
 125       -0.9358
 126       -0.9358
 127       -0.9358
 128       -0.9358
 129       -0.9358
 130       -0.8485
 131       -0.8485
 132       -0.8485
 133       -0.8054
 134       -0.8054
 135       -0.8054
 136       -0.8054
 137       -0.8054
 138       -0.8054
 139       -0.8024
 140       -0.8024
 141       -0.8024
 142       -0.7877
 143       -0.7877
 144       -0.7877
 145       -0.7877
 146       -0.7877
 147       -0.7877
 148       -0.7573
 149       -0.7573
 150       -0.7573
 151       -0.7573
 152       -0.7573
 153       -0.7573
 154       -0.7382
 155       -0.7382
 156       -0.7382
 157       -0.7382
 158       -0.7382
 159       -0.7382
 160       -0.6306
 161       -0.6306
 162       -0.6306
 163       -0.6306
 164       -0.6306
 165       -0.6306
 166       -0.5942
 167       -0.5942
 168       -0.5942
 169       -0.5855
 170       -0.5855
 171       -0.5855
 172       -0.5746
 173       -0.5746
 174       -0.5746
 175       -0.5746
 176       -0.5746
 177       -0.5746
 178       -0.5650
 179       -0.5650
 180       -0.5650
 181       -0.5581
 182       -0.5581
 183       -0.5581
 184       -0.5581
 185       -0.5581
 186       -0.5581
 187       -0.5324
 188       -0.5324
 189       -0.5324
 190       -0.4859
 191       -0.4859
 192       -0.4859
 193       -0.4859
 194       -0.4859
 195       -0.4859
 196       -0.4475
 197       -0.4475
 198       -0.4475
 199       -0.4339
 200       -0.4339
 201       -0.4339
 202       -0.4339
 203       -0.4339
 204       -0.4339
 205       -0.4134
 206       -0.4134
 207       -0.4134
 208       -0.4104
 209       -0.4104
 210       -0.4104
 211       -0.3989
 212       -0.3989
 213       -0.3989
 214       -0.3833
 215       -0.3755
 216       -0.3755
 217       -0.3755
 218       -0.3755
 219       -0.3755
 220       -0.3755
 221       -0.3723
 222       -0.3723
 223       -0.3723
 224       -0.3513
 225       -0.3513
 226       -0.3513
 227       -0.3513
 228       -0.3513
 229       -0.3513
 230       -0.3443
 231       -0.3443
 232       -0.3443
 233       -0.3443
 234       -0.3443
 235       -0.3443
 236       -0.2913
 237       -0.2913
 238       -0.2913
 239       -0.2631
 240       -0.2631
 241       -0.2631
 242       -0.2567
 243       -0.2567
 244       -0.2567
 245       -0.2567
 246       -0.2566
 247       -0.2566
 248       -0.2517
 249       -0.2359
 250       -0.2359
 251       -0.2359
 252       -0.2359
 253       -0.2359
 254       -0.2359
 255       -0.2341
 256       -0.2341
 257       -0.2341
 258       -0.2117
 259       -0.2117
 260       -0.2117
 261       -0.2097
 262       -0.2097
 263       -0.1797
 264       -0.1797
 265       -0.1746
 266       -0.1746
 267       -0.1746
 268       -0.1700
 269       -0.1700
 270       -0.1700
 271       -0.1610
 272       -0.1610
 273       -0.1610
 274       -0.1380
 275       -0.1380
 276       -0.1380
 277       -0.1380
 278       -0.1380
 279       -0.1380
 280       -0.1325
 281       -0.1325
 282       -0.1325
 283       -0.1311
 284       -0.1311
 285       -0.1311
 286       -0.1311
 287       -0.1311
 288       -0.1311
 289       -0.1231
 290       -0.1231
 291       -0.1231
 292       -0.0960
 293       -0.0960
 294       -0.0841
 295       -0.0841
 296       -0.0841
 297       -0.0841
 298       -0.0841
 299       -0.0841
 300       -0.0841
 301       -0.0841
 302       -0.0841
 303       -0.0831
 304       -0.0831
 305       -0.0831
 306       -0.0807
 307       -0.0807
 308       -0.0807
 309       -0.0666
 310       -0.0666
 311       -0.0666
 312       -0.0446
 313       -0.0446
 314       -0.0446
 315       -0.0295
 316       -0.0295
 317       -0.0295
 318       -0.0209
 319       -0.0209
 320       -0.0209
 321       -0.0209
 322       -0.0209
 323       -0.0209
 324       -0.0172
 325       -0.0172
 326       -0.0172
 327       -0.0164
 328       -0.0164
 329       -0.0164
 330       -0.0107
 331       -0.0107
 332       -0.0107
 333        0.0008
 334        0.0008
 335        0.0008
 336        0.0638
 337        0.0638
 338        0.0638
 339        0.0661
 340        0.0661
 341        0.0661
 342        0.0787
 343        0.0787
 344        0.0787
 345        0.0787
 346        0.0787
 347        0.0787
 348        0.1106
 349        0.1106
 350        0.1106
 351        0.1488
 352        0.1488
 353        0.1488
 354        0.1488
 355        0.1488
 356        0.1488
 357        0.1861
 358        0.1861
 359        0.1861
 360        0.1907
 361        0.1907
 362        0.1907
 363        0.1907
 364        0.1907
 365        0.1907
 366        0.2040
 367        0.2040
 368        0.2040
 369        0.2040
 370        0.2040
 371        0.2040
 372        0.2686
 373        0.2686
 374        0.2686
 375        0.2821
 376        0.2821
 377        0.2821
 378        0.2828
 379        0.2828
 380        0.2828
 381        0.2828
 382        0.2828
 383        0.2828
 384        0.2830
 385        0.2830
 386        0.2830
 387        0.2838
 388        0.2838
 389        0.2838
 390        0.3233
 391        0.3233
 392        0.3233
 393        0.3233
 394        0.3233
 395        0.3233
 396        0.3363
 397        0.3363
 398        0.3363
 399        0.3363
 400        0.3363
 401        0.3363
 402        0.3387
 403        0.3387
 404        0.3387
 405        0.3595
 406        0.3595
 407        0.3595
 408        0.3610
 409        0.3610
 410        0.3610
 411        0.3610
 412        0.3610
 413        0.3610
 414        0.3875
 415        0.3875
 416        0.4009
 417        0.4009
 418        0.4009
 419        0.4108
 420        0.4108
 421        0.4108
 422        0.4108
 423        0.4108
 424        0.4108
 425        0.4291
 426        0.4291
 427        0.4291
 428        0.4534
 429        0.4534
 430        0.4534
 431        0.4616
 432        0.4616
 433        0.4677
 434        0.4677
 435        0.4677
 436        0.5098
 437        0.5098
 438        0.5098
 439        0.5098
 440        0.5098
 441        0.5098
 442        0.5159
 443        0.5159
 444        0.5159
 445        0.5282
 446        0.5282
 447        0.5282
 448        0.5282
 449        0.5282
 450        0.5282
 451        0.5690
 452        0.5690
 453        0.5690
 454        0.5861
 455        0.5861
 456        0.5861
 457        0.5895
 458        0.5895
 459        0.5895
 460        0.6000
 461        0.6000
 462        0.6000
 463        0.6000
 464        0.6000
 465        0.6000
 466        0.6046
 467        0.6046
 468        0.6046
 469        0.6099
 470        0.6099
 471        0.6099
 472        0.6126
 473        0.6126
 474        0.6126
 475        0.6126
 476        0.6126
 477        0.6126
 478        0.6581
 479        0.6581
 480        0.6581
 481        0.6598
 482        0.6598
 483        0.6598
 484        0.7005
 485        0.7005
 486        0.7005
 487        0.7184
 488        0.7184
 489        0.7184
 490        0.7359
 491        0.7359
 492        0.7359
 493        0.7359
 494        0.7359
 495        0.7359
 496        0.7365
 497        0.7365
 498        0.7365
 499        0.7365
 500        0.7365
 501        0.7365
 502        0.7408
 503        0.7408
 504        0.7408
 505        0.7408
 506        0.7408
 507        0.7408
 508        0.7440
 509        0.7440
 510        0.7440
 511        0.7440
 512        0.7440
 513        0.7440
 514        0.7483
 515        0.7483
 516        0.7483
 517        0.7496
 518        0.7496
 519        0.7496
 520        0.7645
 521        0.7645
 522        0.7852
 523        0.7852
 524        0.7852
 525        0.7852
 526        0.7852
 527        0.7852
 528        0.7946
 529        0.7946
 530        0.7946
 531        0.7946
 532        0.7946
 533        0.7946
 534        0.8005
 535        0.8005
 536        0.8005
 537        0.8044
 538        0.8044
 539        0.8044
 540        0.8171
 541        0.8171
 542        0.8171
 543        0.8218
 544        0.8246
 545        0.8246
 546        0.8246
 547        0.8501
 548        0.8501
 549        0.8501
 550        0.8758
 551        0.8758
 552        0.8758
 553        0.8758
 554        0.8758
 555        0.8758
 556        0.8805
 557        0.8805
 558        0.8805
 559        0.8805
 560        0.8805
 561        0.8805
 562        0.8957
 563        0.8957
 564        0.8957
 565        1.0297
 566        1.0297
 567        1.0297
 568        1.1491
 569        1.1491
 570        1.1491
 571        1.2051
 572        1.2051
 573        1.2051
 574        1.2051
 575        1.2051
 576        1.2051
 577        1.3930
 578        1.3930
 579        1.3930
 580        1.7079
 581        1.7079
 582        1.7079
 583        1.9809
 584        1.9809
 585        1.9809
 586        1.9809
 587        1.9809
 588        1.9809
 589        2.0633
 590        2.0633
 591        2.0633
 592        2.0633
 593        2.0633
 594        2.0633
 595        2.2489
 596        2.2489
 597        2.2489
 598        2.5331
 599        2.5331
 600        2.5331
 601        2.5331
 602        2.5331
 603        2.5331
 604        3.0965
 605        3.0965
 606        3.0965
 607        3.2624
 608        3.2624
 609        3.2624
 610        3.2796
 611        3.2796
 612        3.2796
 613        3.7025
 614        3.7025
 615        3.7025
 616        3.7025
 617        3.7025
 618        3.7025
 619        3.7316
 620        3.7316
 621        3.7316
 622        4.0089
 623        4.0089
 624        4.0089
 625        4.0089
 626        4.0089
 627        4.0089
 628        4.7044
 629        4.7044
 630        4.7044
 631        4.7044
 632        4.7044
 633        4.7044
 634        5.2649
 635        5.2649
 636        5.2649
 637        5.2649
 638        5.2649
 639        5.2649
 640        5.4874
 641        5.4874
 642        5.4874
 643        5.5012
 644        5.5012
 645        5.5012
 646        5.7978
 647        5.7978
 648        5.7978
 649        6.1395
 650        6.1395
 651        6.1395
 652        6.1395
 653        6.1395
 654        6.1395
 655        6.1580
 656        6.1580
 657        6.1580
 658        6.1580
 659        6.1580
 660        6.1580
 661        6.7944
 662        6.8974
 663        6.8974
 664        6.8974
 665        6.8974
 666        6.8974
 667        6.8974
 668        7.2182
 669        7.2182
 670        7.2182
 671        7.2182
 672        7.2182
 673        7.2182
 674        7.4606
 675        7.4606
 676        7.4606
 677        7.9607
 678        7.9607
 679        7.9607
 680        7.9607
 681        7.9607
 682        7.9607
 683        8.1135
 684        8.1135
 685        8.1135
 686        8.1254
 687        8.1254
 688        8.1254
 689        8.6145
 690        8.6145
 691        8.6145
 692        8.6145
 693        8.6145
 694        8.6145
 695        8.8685
 696        8.8685
 697        8.8685
 698        8.9457
 699        8.9457
 700        8.9457
 701        9.3111
 702        9.3111
 703        9.3111
 704        9.3111
 705        9.3111
 706        9.3111
 707        9.3292
 708        9.3292
 709        9.3292
 710        9.7353
 711        9.7358
 712        9.7991
