        4  number of thermod.function
       71  number of points of thermod.function
   Total    
         0.0010        0.9729008E+01
         1.0000        0.9729006E+01
         2.0000        0.9728964E+01
         3.0000        0.9728786E+01
         4.0000        0.9728360E+01
         5.0000        0.9727520E+01
        10.0000        0.9705948E+01
        15.0000        0.9616414E+01
        20.0000        0.9417192E+01
        30.0000        0.8626624E+01
        40.0000        0.7311514E+01
        50.0000        0.5517740E+01
        60.0000        0.3300337E+01
        70.0000        0.7088072E+00
        80.0000       -0.2215213E+01
        90.0000       -0.5437218E+01
       100.0000       -0.8928549E+01
       125.0000       -0.1868661E+02
       150.0000       -0.2970029E+02
       175.0000       -0.4176976E+02
       200.0000       -0.5474904E+02
       225.0000       -0.6852718E+02
       250.0000       -0.8301711E+02
       273.0000       -0.9691602E+02
       275.0000       -0.9814871E+02
       298.0000       -0.1125868E+03
       300.0000       -0.1138644E+03
       350.0000       -0.1468627E+03
       400.0000       -0.1817053E+03
       450.0000       -0.2181624E+03
       500.0000       -0.2560547E+03
       550.0000       -0.2952389E+03
       600.0000       -0.3355977E+03
       650.0000       -0.3770331E+03
       700.0000       -0.4194626E+03
       750.0000       -0.4628151E+03
       800.0000       -0.5070292E+03
       850.0000       -0.5520508E+03
       900.0000       -0.5978328E+03
       950.0000       -0.6443325E+03
      1000.0000       -0.6915127E+03
      1050.0000       -0.7393390E+03
      1100.0000       -0.7877807E+03
      1150.0000       -0.8368098E+03
      1200.0000       -0.8864011E+03
      1250.0000       -0.9365308E+03
      1300.0000       -0.9871775E+03
      1350.0000       -0.1038321E+04
      1400.0000       -0.1089944E+04
      1450.0000       -0.1142028E+04
      1500.0000       -0.1194557E+04
      1550.0000       -0.1247518E+04
      1600.0000       -0.1300896E+04
      1650.0000       -0.1354677E+04
      1700.0000       -0.1408850E+04
      1750.0000       -0.1463404E+04
      1800.0000       -0.1518326E+04
      1850.0000       -0.1573608E+04
      1900.0000       -0.1629239E+04
      1950.0000       -0.1685210E+04
      2000.0000       -0.1741513E+04
      2100.0000       -0.1855079E+04
      2200.0000       -0.1969877E+04
      2300.0000       -0.2085850E+04
      2400.0000       -0.2202947E+04
      2500.0000       -0.2321123E+04
      2600.0000       -0.2440332E+04
      2700.0000       -0.2560535E+04
      2800.0000       -0.2681696E+04
      2900.0000       -0.2803781E+04
      3000.0000       -0.2926757E+04
       71  number of points of thermod.function
   1Au__:X/D
         0.0010        0.3228850E+01
         1.0000        0.3228850E+01
         2.0000        0.3228839E+01
         3.0000        0.3228789E+01
         4.0000        0.3228658E+01
         5.0000        0.3228388E+01
        10.0000        0.3221198E+01
        15.0000        0.3191215E+01
        20.0000        0.3124454E+01
        30.0000        0.2859539E+01
        40.0000        0.2419108E+01
        50.0000        0.1818718E+01
        60.0000        0.1076873E+01
        70.0000        0.2101629E+00
        80.0000       -0.7674813E+00
        90.0000       -0.1844526E+01
       100.0000       -0.3011398E+01
       125.0000       -0.6271971E+01
       150.0000       -0.9951215E+01
       175.0000       -0.1398246E+02
       200.0000       -0.1831704E+02
       225.0000       -0.2291793E+02
       250.0000       -0.2775610E+02
       273.0000       -0.3239663E+02
       275.0000       -0.3280818E+02
       298.0000       -0.3762846E+02
       300.0000       -0.3805497E+02
       350.0000       -0.4907088E+02
       400.0000       -0.6070161E+02
       450.0000       -0.7287048E+02
       500.0000       -0.8551778E+02
       550.0000       -0.9859573E+02
       600.0000       -0.1120652E+03
       650.0000       -0.1258936E+03
       700.0000       -0.1400533E+03
       750.0000       -0.1545207E+03
       800.0000       -0.1692752E+03
       850.0000       -0.1842991E+03
       900.0000       -0.1995762E+03
       950.0000       -0.2150928E+03
      1000.0000       -0.2308360E+03
      1050.0000       -0.2467947E+03
      1100.0000       -0.2629585E+03
      1150.0000       -0.2793182E+03
      1200.0000       -0.2958651E+03
      1250.0000       -0.3125916E+03
      1300.0000       -0.3294904E+03
      1350.0000       -0.3465549E+03
      1400.0000       -0.3637789E+03
      1450.0000       -0.3811569E+03
      1500.0000       -0.3986833E+03
      1550.0000       -0.4163536E+03
      1600.0000       -0.4341627E+03
      1650.0000       -0.4521064E+03
      1700.0000       -0.4701806E+03
      1750.0000       -0.4883816E+03
      1800.0000       -0.5067057E+03
      1850.0000       -0.5251495E+03
      1900.0000       -0.5437098E+03
      1950.0000       -0.5623834E+03
      2000.0000       -0.5811675E+03
      2100.0000       -0.6190561E+03
      2200.0000       -0.6573553E+03
      2300.0000       -0.6960461E+03
      2400.0000       -0.7351118E+03
      2500.0000       -0.7745366E+03
      2600.0000       -0.8143062E+03
      2700.0000       -0.8544070E+03
      2800.0000       -0.8948271E+03
      2900.0000       -0.9355553E+03
      3000.0000       -0.9765806E+03
       71  number of points of thermod.function
   1Au__:Y/D
         0.0010        0.3254331E+01
         1.0000        0.3254330E+01
         2.0000        0.3254317E+01
         3.0000        0.3254263E+01
         4.0000        0.3254128E+01
         5.0000        0.3253861E+01
        10.0000        0.3246811E+01
        15.0000        0.3217267E+01
        20.0000        0.3151347E+01
        30.0000        0.2889329E+01
        40.0000        0.2452979E+01
        50.0000        0.1857386E+01
        60.0000        0.1120776E+01
        70.0000        0.2595786E+00
        80.0000       -0.7123668E+00
        90.0000       -0.1783583E+01
       100.0000       -0.2944534E+01
       125.0000       -0.6190036E+01
       150.0000       -0.9853974E+01
       175.0000       -0.1386978E+02
       200.0000       -0.1818882E+02
       225.0000       -0.2277412E+02
       250.0000       -0.2759667E+02
       273.0000       -0.3222279E+02
       275.0000       -0.3263310E+02
       298.0000       -0.3743895E+02
       300.0000       -0.3786421E+02
       350.0000       -0.4884869E+02
       400.0000       -0.6044799E+02
       450.0000       -0.7258537E+02
       500.0000       -0.8520116E+02
       550.0000       -0.9824759E+02
       600.0000       -0.1116855E+03
       650.0000       -0.1254824E+03
       700.0000       -0.1396105E+03
       750.0000       -0.1540464E+03
       800.0000       -0.1687694E+03
       850.0000       -0.1837616E+03
       900.0000       -0.1990073E+03
       950.0000       -0.2144922E+03
      1000.0000       -0.2302039E+03
      1050.0000       -0.2461310E+03
      1100.0000       -0.2622633E+03
      1150.0000       -0.2785913E+03
      1200.0000       -0.2951067E+03
      1250.0000       -0.3118016E+03
      1300.0000       -0.3286689E+03
      1350.0000       -0.3457018E+03
      1400.0000       -0.3628942E+03
      1450.0000       -0.3802405E+03
      1500.0000       -0.3977355E+03
      1550.0000       -0.4153741E+03
      1600.0000       -0.4331516E+03
      1650.0000       -0.4510638E+03
      1700.0000       -0.4691065E+03
      1750.0000       -0.4872759E+03
      1800.0000       -0.5055684E+03
      1850.0000       -0.5239806E+03
      1900.0000       -0.5425092E+03
      1950.0000       -0.5611512E+03
      2000.0000       -0.5799037E+03
      2100.0000       -0.6177292E+03
      2200.0000       -0.6559653E+03
      2300.0000       -0.6945929E+03
      2400.0000       -0.7335953E+03
      2500.0000       -0.7729570E+03
      2600.0000       -0.8126635E+03
      2700.0000       -0.8527012E+03
      2800.0000       -0.8930582E+03
      2900.0000       -0.9337231E+03
      3000.0000       -0.9746852E+03
       71  number of points of thermod.function
   1Au__:Z/D
         0.0010        0.3245828E+01
         1.0000        0.3245827E+01
         2.0000        0.3245809E+01
         3.0000        0.3245737E+01
         4.0000        0.3245575E+01
         5.0000        0.3245272E+01
        10.0000        0.3237939E+01
        15.0000        0.3207931E+01
        20.0000        0.3141392E+01
        30.0000        0.2877757E+01
        40.0000        0.2439428E+01
        50.0000        0.1841636E+01
        60.0000        0.1102688E+01
        70.0000        0.2390655E+00
        80.0000       -0.7353650E+00
        90.0000       -0.1809109E+01
       100.0000       -0.2972617E+01
       125.0000       -0.6224600E+01
       150.0000       -0.9895097E+01
       175.0000       -0.1391750E+02
       200.0000       -0.1824318E+02
       225.0000       -0.2283513E+02
       250.0000       -0.2766434E+02
       273.0000       -0.3229659E+02
       275.0000       -0.3270744E+02
       298.0000       -0.3751943E+02
       300.0000       -0.3794522E+02
       350.0000       -0.4894310E+02
       400.0000       -0.6055576E+02
       450.0000       -0.7270656E+02
       500.0000       -0.8533577E+02
       550.0000       -0.9839558E+02
       600.0000       -0.1118469E+03
       650.0000       -0.1256572E+03
       700.0000       -0.1397988E+03
       750.0000       -0.1542480E+03
       800.0000       -0.1689845E+03
       850.0000       -0.1839901E+03
       900.0000       -0.1992492E+03
       950.0000       -0.2147476E+03
      1000.0000       -0.2304727E+03
      1050.0000       -0.2464133E+03
      1100.0000       -0.2625589E+03
      1150.0000       -0.2789004E+03
      1200.0000       -0.2954293E+03
      1250.0000       -0.3121376E+03
      1300.0000       -0.3290182E+03
      1350.0000       -0.3460645E+03
      1400.0000       -0.3632705E+03
      1450.0000       -0.3806303E+03
      1500.0000       -0.3981386E+03
      1550.0000       -0.4157906E+03
      1600.0000       -0.4335816E+03
      1650.0000       -0.4515072E+03
      1700.0000       -0.4695633E+03
      1750.0000       -0.4877462E+03
      1800.0000       -0.5060521E+03
      1850.0000       -0.5244777E+03
      1900.0000       -0.5430198E+03
      1950.0000       -0.5616752E+03
      2000.0000       -0.5804412E+03
      2100.0000       -0.6182935E+03
      2200.0000       -0.6565564E+03
      2300.0000       -0.6952111E+03
      2400.0000       -0.7342404E+03
      2500.0000       -0.7736288E+03
      2600.0000       -0.8133620E+03
      2700.0000       -0.8534268E+03
      2800.0000       -0.8938107E+03
      2900.0000       -0.9345024E+03
      3000.0000       -0.9754913E+03
