   32   32  100    1
  0.1977575E+02  0.8585409E-09  0.8585409E-09  0.8585409E-09  0.5000000E-15
  1.000000000000000E-004
  CAR 
 No title                                
  352    1  212
 
  0.2500000E+00  0.2500000E+00  0.2500000E+00  0.1000000E+01
   1       -3.9280
   2       -2.8109
   3       -2.8109
   4       -2.8109
   5       -2.1493
   6       -2.0742
   7       -2.0742
   8       -2.0742
   9       -1.7874
  10       -1.7874
  11       -1.7874
  12       -1.6347
  13       -1.6347
  14       -1.6347
  15       -1.5718
  16       -1.5718
  17       -1.5718
  18       -1.3754
  19       -1.3754
  20       -1.3754
  21       -1.2530
  22       -1.2530
  23       -1.2530
  24       -1.2530
  25       -1.2530
  26       -1.2530
  27       -1.1610
  28       -1.1610
  29       -1.1610
  30       -1.1089
  31       -1.1089
  32       -1.1089
  33       -1.1089
  34       -1.1089
  35       -1.1089
  36       -0.9986
  37       -0.9986
  38       -0.9986
  39       -0.7502
  40       -0.7502
  41       -0.7502
  42       -0.7502
  43       -0.7502
  44       -0.7502
  45       -0.4747
  46       -0.4747
  47       -0.4747
  48       -0.4047
  49       -0.4047
  50       -0.4047
  51       -0.3405
  52       -0.3405
  53       -0.3405
  54       -0.3405
  55       -0.3405
  56       -0.3405
  57       -0.2188
  58       -0.2188
  59       -0.2188
  60       -0.1954
  61       -0.1954
  62       -0.1954
  63       -0.1843
  64       -0.1843
  65       -0.1843
  66       -0.1843
  67       -0.1843
  68       -0.1843
  69       -0.1158
  70        0.0584
  71        0.0584
  72        0.1226
  73        0.1226
  74        0.1727
  75        0.1727
  76        0.1727
  77        0.1989
  78        0.1989
  79        0.1989
  80        0.1989
  81        0.1989
  82        0.1989
  83        0.2296
  84        0.2296
  85        0.2296
  86        0.2603
  87        0.2603
  88        0.2603
  89        0.3083
  90        0.3083
  91        0.3083
  92        0.3899
  93        0.3899
  94        0.3899
  95        0.4312
  96        0.4312
  97        0.4312
  98        0.4603
  99        0.4603
 100        0.4603
 101        0.7858
 102        0.7858
 103        0.7858
 104        0.8244
 105        0.8244
 106        0.8244
 107        0.8244
 108        0.8244
 109        0.8244
 110        1.0112
 111        1.0112
 112        1.0112
 113        1.0269
 114        1.0269
 115        1.0269
 116        1.0912
 117        1.0912
 118        1.0912
 119        1.0941
 120        1.0941
 121        1.0941
 122        1.1198
 123        1.1198
 124        1.2470
 125        1.2470
 126        1.2470
 127        1.2470
 128        1.2470
 129        1.2470
 130        1.4600
 131        1.4762
 132        1.4762
 133        1.4762
 134        1.5126
 135        1.5126
 136        1.5126
 137        1.7286
 138        1.7286
 139        1.7286
 140        1.7294
 141        1.7294
 142        1.7294
 143        1.7294
 144        1.7294
 145        1.7294
 146        1.7792
 147        1.7792
 148        1.7792
 149        1.8157
 150        1.8157
 151        1.9519
 152        1.9519
 153        1.9519
 154        2.1037
 155        2.1037
 156        2.1037
 157        2.1252
 158        2.1252
 159        2.1252
 160        2.1252
 161        2.1252
 162        2.1252
 163        2.1702
 164        2.1702
 165        2.1702
 166        2.2269
 167        2.2269
 168        2.2269
 169        2.2882
 170        2.2882
 171        2.2882
 172        3.7571
 173        3.7571
 174        3.7571
 175        3.7571
 176        3.7571
 177        3.7571
 178        4.4025
 179        4.4025
 180        4.4025
 181        5.1179
 182        5.1179
 183        5.1179
 184        5.6376
 185        5.6376
 186        5.6376
 187        6.7003
 188        6.7003
 189        6.7003
 190        6.7003
 191        6.7003
 192        6.7003
 193        7.0770
 194        7.0770
 195        7.0770
 196        8.3308
 197        8.3308
 198        8.3308
 199        8.7813
 200        8.7813
 201        8.7813
 202        8.7813
 203        8.7813
 204        8.7813
 205        9.5459
 206        9.8595
 207        9.8595
 208        9.8595
 209       10.3488
 210       10.3488
 211       10.3488
 212       10.3488
