  108  108    1    1
  0.1168744E+02  0.1080723E-08  0.1080723E-08  0.1080723E-08  0.5000000E-15
  1.000000000000000E-004
  CAR 
 No title                                
 1188    1  712
 
  0.2500000E+00  0.2500000E+00  0.2500000E+00  0.1000000E+01
   1       -5.2940
   2       -4.6320
   3       -4.6310
   4       -4.6301
   5       -3.9980
   6       -3.9971
   7       -3.9961
   8       -3.4134
   9       -3.3904
  10       -3.3895
  11       -3.3885
  12       -2.8285
  13       -2.8271
  14       -2.8266
  15       -2.8266
  16       -2.8262
  17       -2.8248
  18       -2.3768
  19       -2.3761
  20       -2.3754
  21       -1.9081
  22       -1.9074
  23       -1.9068
  24       -1.8496
  25       -1.8487
  26       -1.8479
  27       -1.6774
  28       -1.6769
  29       -1.6764
  30       -1.4739
  31       -1.4727
  32       -1.4723
  33       -1.4723
  34       -1.4719
  35       -1.4708
  36       -1.4450
  37       -1.2650
  38       -1.2642
  39       -1.2634
  40       -1.1628
  41       -1.1627
  42       -1.1627
  43       -1.1040
  44       -1.1036
  45       -1.1031
  46       -1.0283
  47       -1.0283
  48       -1.0276
  49       -1.0276
  50       -1.0270
  51       -1.0269
  52       -1.0103
  53       -1.0103
  54       -1.0102
  55       -0.8484
  56       -0.8480
  57       -0.8475
  58       -0.8475
  59       -0.8469
  60       -0.8466
  61       -0.7993
  62       -0.7986
  63       -0.7979
  64       -0.7718
  65       -0.7713
  66       -0.7709
  67       -0.7709
  68       -0.7706
  69       -0.7701
  70       -0.7268
  71       -0.7261
  72       -0.7258
  73       -0.7258
  74       -0.7255
  75       -0.7249
  76       -0.6347
  77       -0.6346
  78       -0.6345
  79       -0.5659
  80       -0.5658
  81       -0.5657
  82       -0.5305
  83       -0.5304
  84       -0.5299
  85       -0.5299
  86       -0.5295
  87       -0.5293
  88       -0.5074
  89       -0.5069
  90       -0.5064
  91       -0.4158
  92       -0.4154
  93       -0.4151
  94       -0.3979
  95       -0.3976
  96       -0.3973
  97       -0.3810
  98       -0.3809
  99       -0.3805
 100       -0.3805
 101       -0.3801
 102       -0.3800
 103       -0.3555
 104       -0.3546
 105       -0.3544
 106       -0.3544
 107       -0.3543
 108       -0.3534
 109       -0.3172
 110       -0.3163
 111       -0.3160
 112       -0.3160
 113       -0.3157
 114       -0.3148
 115       -0.2513
 116       -0.2511
 117       -0.2509
 118       -0.2363
 119       -0.2360
 120       -0.2356
 121       -0.2356
 122       -0.2353
 123       -0.2350
 124       -0.2038
 125       -0.2035
 126       -0.2031
 127       -0.2031
 128       -0.2027
 129       -0.2024
 130       -0.1017
 131       -0.1013
 132       -0.1009
 133       -0.0819
 134       -0.0811
 135       -0.0811
 136       -0.0811
 137       -0.0810
 138       -0.0802
 139       -0.0640
 140       -0.0639
 141       -0.0637
 142       -0.0242
 143       -0.0241
 144       -0.0237
 145       -0.0237
 146       -0.0232
 147       -0.0232
 148        0.0178
 149        0.0186
 150        0.0189
 151        0.0189
 152        0.0191
 153        0.0198
 154        0.0315
 155        0.0321
 156        0.0324
 157        0.0324
 158        0.0326
 159        0.0333
 160        0.1582
 161        0.1590
 162        0.1592
 163        0.1592
 164        0.1593
 165        0.1601
 166        0.2233
 167        0.2238
 168        0.2242
 169        0.2473
 170        0.2478
 171        0.2481
 172        0.2519
 173        0.2525
 174        0.2528
 175        0.2529
 176        0.2531
 177        0.2536
 178        0.2580
 179        0.2583
 180        0.2587
 181        0.2914
 182        0.2922
 183        0.2924
 184        0.2924
 185        0.2926
 186        0.2934
 187        0.3193
 188        0.3197
 189        0.3201
 190        0.3904
 191        0.3911
 192        0.3915
 193        0.3915
 194        0.3919
 195        0.3925
 196        0.4239
 197        0.4243
 198        0.4246
 199        0.4569
 200        0.4571
 201        0.4575
 202        0.4576
 203        0.4579
 204        0.4582
 205        0.4768
 206        0.4774
 207        0.4779
 208        0.4903
 209        0.4906
 210        0.4909
 211        0.4939
 212        0.4943
 213        0.4947
 214        0.5244
 215        0.5249
 216        0.5251
 217        0.5253
 218        0.5253
 219        0.5255
 220        0.5261
 221        0.5548
 222        0.5550
 223        0.5554
 224        0.5592
 225        0.5594
 226        0.5596
 227        0.5597
 228        0.5599
 229        0.5601
 230        0.5655
 231        0.5656
 232        0.5659
 233        0.5660
 234        0.5663
 235        0.5663
 236        0.6600
 237        0.6600
 238        0.6601
 239        0.7016
 240        0.7020
 241        0.7024
 242        0.7053
 243        0.7054
 244        0.7058
 245        0.7058
 246        0.7061
 247        0.7061
 248        0.7078
 249        0.7083
 250        0.7085
 251        0.7086
 252        0.7089
 253        0.7096
 254        0.7238
 255        0.7309
 256        0.7312
 257        0.7316
 258        0.7754
 259        0.7757
 260        0.7760
 261        0.7791
 262        0.7792
 263        0.8069
 264        0.8070
 265        0.8072
 266        0.8096
 267        0.8102
 268        0.8107
 269        0.8239
 270        0.8239
 271        0.8336
 272        0.8340
 273        0.8340
 274        0.8341
 275        0.8342
 276        0.8345
 277        0.8345
 278        0.8348
 279        0.8354
 280        0.8436
 281        0.8438
 282        0.8440
 283        0.8715
 284        0.8715
 285        0.8718
 286        0.8718
 287        0.8720
 288        0.8722
 289        0.8980
 290        0.8981
 291        0.8982
 292        0.9310
 293        0.9311
 294        0.9315
 295        0.9316
 296        0.9319
 297        0.9320
 298        0.9375
 299        0.9376
 300        0.9503
 301        0.9506
 302        0.9510
 303        0.9526
 304        0.9530
 305        0.9534
 306        0.9540
 307        0.9543
 308        0.9546
 309        0.9569
 310        0.9573
 311        0.9576
 312        0.9757
 313        0.9758
 314        0.9759
 315        1.0061
 316        1.0064
 317        1.0067
 318        1.0116
 319        1.0120
 320        1.0124
 321        1.0261
 322        1.0262
 323        1.0267
 324        1.0267
 325        1.0272
 326        1.0273
 327        1.0392
 328        1.0392
 329        1.0399
 330        1.0402
 331        1.0406
 332        1.0412
 333        1.0578
 334        1.0580
 335        1.0583
 336        1.1512
 337        1.1519
 338        1.1524
 339        1.1552
 340        1.1557
 341        1.1562
 342        1.1734
 343        1.1738
 344        1.1742
 345        1.1743
 346        1.1747
 347        1.1751
 348        1.2132
 349        1.2137
 350        1.2142
 351        1.2632
 352        1.2632
 353        1.2636
 354        1.2636
 355        1.2639
 356        1.2639
 357        1.3041
 358        1.3041
 359        1.3045
 360        1.3045
 361        1.3049
 362        1.3050
 363        1.3142
 364        1.3143
 365        1.3145
 366        1.3185
 367        1.3187
 368        1.3190
 369        1.3190
 370        1.3192
 371        1.3195
 372        1.4268
 373        1.4268
 374        1.4269
 375        1.4476
 376        1.4479
 377        1.4482
 378        1.4482
 379        1.4483
 380        1.4485
 381        1.4499
 382        1.4503
 383        1.4506
 384        1.4542
 385        1.4544
 386        1.4546
 387        1.4549
 388        1.4554
 389        1.4557
 390        1.5009
 391        1.5012
 392        1.5014
 393        1.5014
 394        1.5016
 395        1.5019
 396        1.5129
 397        1.5133
 398        1.5136
 399        1.5247
 400        1.5249
 401        1.5252
 402        1.5252
 403        1.5255
 404        1.5257
 405        1.5298
 406        1.5300
 407        1.5301
 408        1.5484
 409        1.5490
 410        1.5492
 411        1.5492
 412        1.5494
 413        1.5499
 414        1.5524
 415        1.5526
 416        1.5528
 417        1.5984
 418        1.5984
 419        1.6176
 420        1.6181
 421        1.6186
 422        1.6240
 423        1.6244
 424        1.6245
 425        1.6245
 426        1.6248
 427        1.6251
 428        1.6875
 429        1.6878
 430        1.6881
 431        1.6976
 432        1.6981
 433        1.6985
 434        1.6997
 435        1.6997
 436        1.7536
 437        1.7536
 438        1.7540
 439        1.7540
 440        1.7543
 441        1.7544
 442        1.7727
 443        1.7728
 444        1.7730
 445        1.7828
 446        1.7830
 447        1.7833
 448        1.7834
 449        1.7838
 450        1.7839
 451        1.8418
 452        1.8419
 453        1.8420
 454        1.8657
 455        1.8662
 456        1.8666
 457        1.8674
 458        1.8679
 459        1.8684
 460        1.8687
 461        1.8799
 462        1.8805
 463        1.8806
 464        1.8807
 465        1.8808
 466        1.8814
 467        1.8861
 468        1.8865
 469        1.8870
 470        1.8885
 471        1.8889
 472        1.8893
 473        1.8980
 474        1.8982
 475        1.8984
 476        1.8984
 477        1.8986
 478        1.8989
 479        1.9412
 480        1.9417
 481        1.9422
 482        1.9722
 483        1.9726
 484        1.9729
 485        2.0207
 486        2.0207
 487        2.0212
 488        2.0214
 489        2.0215
 490        2.0217
 491        2.0713
 492        2.0717
 493        2.0718
 494        2.0718
 495        2.0720
 496        2.0721
 497        2.0722
 498        2.0722
 499        2.0723
 500        2.0725
 501        2.0726
 502        2.0728
 503        2.0791
 504        2.0793
 505        2.0795
 506        2.0795
 507        2.0797
 508        2.0798
 509        2.0812
 510        2.0815
 511        2.0816
 512        2.0816
 513        2.0818
 514        2.0821
 515        2.0898
 516        2.0900
 517        2.0901
 518        2.0906
 519        2.0906
 520        2.0907
 521        2.1128
 522        2.1128
 523        2.1387
 524        2.1390
 525        2.1391
 526        2.1391
 527        2.1392
 528        2.1395
 529        2.1514
 530        2.1516
 531        2.1517
 532        2.1517
 533        2.1519
 534        2.1520
 535        2.1605
 536        2.1606
 537        2.1608
 538        2.1700
 539        2.1700
 540        2.1701
 541        2.1853
 542        2.1853
 543        2.1854
 544        2.1938
 545        2.1938
 546        2.1939
 547        2.2292
 548        2.2293
 549        2.2293
 550        2.2650
 551        2.2651
 552        2.2653
 553        2.2653
 554        2.2654
 555        2.2654
 556        2.2721
 557        2.2722
 558        2.2723
 559        2.2723
 560        2.2724
 561        2.2725
 562        2.2915
 563        2.2915
 564        2.2916
 565        2.4306
 566        2.4310
 567        2.4313
 568        2.6095
 569        2.6097
 570        2.6099
 571        2.6614
 572        2.6619
 573        2.6621
 574        2.6621
 575        2.6623
 576        2.6628
 577        2.8523
 578        2.8526
 579        2.8530
 580        3.1507
 581        3.1512
 582        3.1518
 583        3.5694
 584        3.5696
 585        3.5697
 586        3.5947
 587        3.5948
 588        3.5954
 589        3.5954
 590        3.5960
 591        3.5961
 592        3.6014
 593        3.6015
 594        3.6019
 595        3.6019
 596        3.6025
 597        3.6026
 598        4.1793
 599        4.1795
 600        4.1801
 601        4.1801
 602        4.1806
 603        4.1808
 604        4.8136
 605        4.8137
 606        4.8138
 607        4.8675
 608        4.8681
 609        4.8687
 610        5.0587
 611        5.0592
 612        5.0597
 613        5.2876
 614        5.2877
 615        5.2879
 616        5.5471
 617        5.5482
 618        5.5483
 619        5.5483
 620        5.5485
 621        5.5495
 622        5.7463
 623        5.7468
 624        5.7474
 625        5.7474
 626        5.7480
 627        5.7486
 628        6.5206
 629        6.5210
 630        6.5216
 631        6.5216
 632        6.5222
 633        6.5226
 634        7.2754
 635        7.2757
 636        7.2768
 637        7.2768
 638        7.2780
 639        7.2782
 640        7.4550
 641        7.4557
 642        7.4563
 643        7.9747
 644        7.9748
 645        7.9750
 646        8.2502
 647        8.2505
 648        8.2507
 649        8.2579
 650        8.2579
 651        8.2588
 652        8.2588
 653        8.2596
 654        8.2597
 655        8.5721
 656        8.5722
 657        8.5729
 658        8.5729
 659        8.5736
 660        8.5738
 661        9.2441
 662        9.2445
 663        9.2452
 664        9.2452
 665        9.2459
 666        9.2463
 667        9.3205
 668        9.7432
 669        9.7433
 670        9.7439
 671        9.7439
 672        9.7444
 673        9.7445
 674        9.8550
 675        9.8554
 676        9.8556
 677       10.3892
 678       10.3898
 679       10.3903
 680       10.3903
 681       10.3908
 682       10.3913
 683       10.6464
 684       10.6469
 685       10.6475
 686       10.6641
 687       10.6644
 688       10.6647
 689       11.1783
 690       11.1789
 691       11.1792
 692       11.1792
 693       11.1795
 694       11.1801
 695       11.5765
 696       11.5769
 697       11.5773
 698       11.8499
 699       11.8501
 700       11.8503
 701       12.0582
 702       12.0586
 703       12.0590
 704       12.1821
 705       12.1829
 706       12.1833
 707       12.1833
 708       12.1836
 709       12.1843
 710       12.5874
 711       12.5879
 712       12.5883
