  108  108  100    1
  0.1168744E+02  0.1080723E-08  0.1080723E-08  0.1080723E-08  0.5000000E-15
  1.000000000000000E-004
  CAR 
 No title                                
 1188    1  712
 
  0.2500000E+00  0.2500000E+00  0.2500000E+00  0.1000000E+01
   1       -5.2940
   2       -4.6310
   3       -4.6310
   4       -4.6310
   5       -3.9971
   6       -3.9971
   7       -3.9971
   8       -3.4133
   9       -3.3895
  10       -3.3895
  11       -3.3895
  12       -2.8266
  13       -2.8266
  14       -2.8266
  15       -2.8266
  16       -2.8266
  17       -2.8266
  18       -2.3761
  19       -2.3761
  20       -2.3761
  21       -1.9074
  22       -1.9074
  23       -1.9074
  24       -1.8487
  25       -1.8487
  26       -1.8487
  27       -1.6769
  28       -1.6769
  29       -1.6769
  30       -1.4723
  31       -1.4723
  32       -1.4723
  33       -1.4723
  34       -1.4723
  35       -1.4723
  36       -1.4450
  37       -1.2642
  38       -1.2642
  39       -1.2642
  40       -1.1627
  41       -1.1627
  42       -1.1627
  43       -1.1036
  44       -1.1036
  45       -1.1036
  46       -1.0276
  47       -1.0276
  48       -1.0276
  49       -1.0276
  50       -1.0276
  51       -1.0276
  52       -1.0103
  53       -1.0103
  54       -1.0103
  55       -0.8475
  56       -0.8475
  57       -0.8475
  58       -0.8475
  59       -0.8475
  60       -0.8475
  61       -0.7986
  62       -0.7986
  63       -0.7986
  64       -0.7709
  65       -0.7709
  66       -0.7709
  67       -0.7709
  68       -0.7709
  69       -0.7709
  70       -0.7258
  71       -0.7258
  72       -0.7258
  73       -0.7258
  74       -0.7258
  75       -0.7258
  76       -0.6346
  77       -0.6346
  78       -0.6346
  79       -0.5658
  80       -0.5658
  81       -0.5658
  82       -0.5299
  83       -0.5299
  84       -0.5299
  85       -0.5299
  86       -0.5299
  87       -0.5299
  88       -0.5069
  89       -0.5069
  90       -0.5069
  91       -0.4155
  92       -0.4155
  93       -0.4155
  94       -0.3976
  95       -0.3976
  96       -0.3976
  97       -0.3805
  98       -0.3805
  99       -0.3805
 100       -0.3805
 101       -0.3805
 102       -0.3805
 103       -0.3545
 104       -0.3545
 105       -0.3545
 106       -0.3545
 107       -0.3545
 108       -0.3545
 109       -0.3160
 110       -0.3160
 111       -0.3160
 112       -0.3160
 113       -0.3160
 114       -0.3160
 115       -0.2511
 116       -0.2511
 117       -0.2511
 118       -0.2357
 119       -0.2357
 120       -0.2357
 121       -0.2357
 122       -0.2357
 123       -0.2357
 124       -0.2031
 125       -0.2031
 126       -0.2031
 127       -0.2031
 128       -0.2031
 129       -0.2031
 130       -0.1013
 131       -0.1013
 132       -0.1013
 133       -0.0811
 134       -0.0811
 135       -0.0811
 136       -0.0811
 137       -0.0811
 138       -0.0811
 139       -0.0639
 140       -0.0639
 141       -0.0639
 142       -0.0237
 143       -0.0237
 144       -0.0237
 145       -0.0237
 146       -0.0237
 147       -0.0237
 148        0.0189
 149        0.0189
 150        0.0189
 151        0.0189
 152        0.0189
 153        0.0189
 154        0.0323
 155        0.0323
 156        0.0323
 157        0.0323
 158        0.0323
 159        0.0323
 160        0.1591
 161        0.1591
 162        0.1591
 163        0.1591
 164        0.1591
 165        0.1591
 166        0.2238
 167        0.2238
 168        0.2238
 169        0.2478
 170        0.2478
 171        0.2478
 172        0.2528
 173        0.2528
 174        0.2528
 175        0.2528
 176        0.2528
 177        0.2528
 178        0.2582
 179        0.2582
 180        0.2582
 181        0.2924
 182        0.2924
 183        0.2924
 184        0.2924
 185        0.2924
 186        0.2924
 187        0.3196
 188        0.3196
 189        0.3196
 190        0.3915
 191        0.3915
 192        0.3915
 193        0.3915
 194        0.3915
 195        0.3915
 196        0.4242
 197        0.4242
 198        0.4242
 199        0.4575
 200        0.4575
 201        0.4575
 202        0.4575
 203        0.4575
 204        0.4575
 205        0.4773
 206        0.4773
 207        0.4773
 208        0.4906
 209        0.4906
 210        0.4906
 211        0.4942
 212        0.4942
 213        0.4942
 214        0.5247
 215        0.5253
 216        0.5253
 217        0.5253
 218        0.5253
 219        0.5253
 220        0.5253
 221        0.5551
 222        0.5551
 223        0.5551
 224        0.5596
 225        0.5596
 226        0.5596
 227        0.5596
 228        0.5596
 229        0.5596
 230        0.5659
 231        0.5659
 232        0.5659
 233        0.5659
 234        0.5659
 235        0.5659
 236        0.6600
 237        0.6600
 238        0.6600
 239        0.7021
 240        0.7021
 241        0.7021
 242        0.7058
 243        0.7058
 244        0.7058
 245        0.7058
 246        0.7058
 247        0.7058
 248        0.7085
 249        0.7085
 250        0.7085
 251        0.7085
 252        0.7085
 253        0.7085
 254        0.7237
 255        0.7312
 256        0.7312
 257        0.7312
 258        0.7757
 259        0.7757
 260        0.7757
 261        0.7791
 262        0.7791
 263        0.8070
 264        0.8070
 265        0.8070
 266        0.8101
 267        0.8101
 268        0.8101
 269        0.8239
 270        0.8239
 271        0.8340
 272        0.8340
 273        0.8340
 274        0.8345
 275        0.8345
 276        0.8345
 277        0.8345
 278        0.8345
 279        0.8345
 280        0.8438
 281        0.8438
 282        0.8438
 283        0.8718
 284        0.8718
 285        0.8718
 286        0.8718
 287        0.8718
 288        0.8718
 289        0.8981
 290        0.8981
 291        0.8981
 292        0.9315
 293        0.9315
 294        0.9315
 295        0.9315
 296        0.9315
 297        0.9315
 298        0.9375
 299        0.9375
 300        0.9506
 301        0.9506
 302        0.9506
 303        0.9530
 304        0.9530
 305        0.9530
 306        0.9542
 307        0.9542
 308        0.9542
 309        0.9572
 310        0.9572
 311        0.9572
 312        0.9758
 313        0.9758
 314        0.9758
 315        1.0064
 316        1.0064
 317        1.0064
 318        1.0120
 319        1.0120
 320        1.0120
 321        1.0267
 322        1.0267
 323        1.0267
 324        1.0267
 325        1.0267
 326        1.0267
 327        1.0395
 328        1.0395
 329        1.0395
 330        1.0405
 331        1.0405
 332        1.0405
 333        1.0580
 334        1.0580
 335        1.0580
 336        1.1518
 337        1.1518
 338        1.1518
 339        1.1556
 340        1.1556
 341        1.1556
 342        1.1742
 343        1.1742
 344        1.1742
 345        1.1742
 346        1.1742
 347        1.1742
 348        1.2137
 349        1.2137
 350        1.2137
 351        1.2636
 352        1.2636
 353        1.2636
 354        1.2636
 355        1.2636
 356        1.2636
 357        1.3045
 358        1.3045
 359        1.3045
 360        1.3045
 361        1.3045
 362        1.3045
 363        1.3143
 364        1.3143
 365        1.3143
 366        1.3190
 367        1.3190
 368        1.3190
 369        1.3190
 370        1.3190
 371        1.3190
 372        1.4268
 373        1.4268
 374        1.4268
 375        1.4482
 376        1.4482
 377        1.4482
 378        1.4482
 379        1.4482
 380        1.4482
 381        1.4501
 382        1.4501
 383        1.4501
 384        1.4544
 385        1.4544
 386        1.4544
 387        1.4552
 388        1.4552
 389        1.4552
 390        1.5014
 391        1.5014
 392        1.5014
 393        1.5014
 394        1.5014
 395        1.5014
 396        1.5132
 397        1.5132
 398        1.5132
 399        1.5252
 400        1.5252
 401        1.5252
 402        1.5252
 403        1.5252
 404        1.5252
 405        1.5299
 406        1.5299
 407        1.5299
 408        1.5491
 409        1.5491
 410        1.5491
 411        1.5491
 412        1.5491
 413        1.5491
 414        1.5525
 415        1.5525
 416        1.5525
 417        1.5984
 418        1.5984
 419        1.6181
 420        1.6181
 421        1.6181
 422        1.6245
 423        1.6245
 424        1.6245
 425        1.6245
 426        1.6245
 427        1.6245
 428        1.6878
 429        1.6878
 430        1.6878
 431        1.6981
 432        1.6981
 433        1.6981
 434        1.6996
 435        1.6996
 436        1.7539
 437        1.7539
 438        1.7539
 439        1.7539
 440        1.7539
 441        1.7539
 442        1.7728
 443        1.7728
 444        1.7728
 445        1.7833
 446        1.7833
 447        1.7833
 448        1.7833
 449        1.7833
 450        1.7833
 451        1.8419
 452        1.8419
 453        1.8419
 454        1.8662
 455        1.8662
 456        1.8662
 457        1.8674
 458        1.8683
 459        1.8683
 460        1.8683
 461        1.8806
 462        1.8806
 463        1.8806
 464        1.8806
 465        1.8806
 466        1.8806
 467        1.8865
 468        1.8865
 469        1.8865
 470        1.8888
 471        1.8888
 472        1.8888
 473        1.8984
 474        1.8984
 475        1.8984
 476        1.8984
 477        1.8984
 478        1.8984
 479        1.9417
 480        1.9417
 481        1.9417
 482        1.9725
 483        1.9725
 484        1.9725
 485        2.0209
 486        2.0209
 487        2.0209
 488        2.0214
 489        2.0214
 490        2.0214
 491        2.0719
 492        2.0719
 493        2.0719
 494        2.0719
 495        2.0719
 496        2.0719
 497        2.0723
 498        2.0723
 499        2.0723
 500        2.0723
 501        2.0723
 502        2.0723
 503        2.0794
 504        2.0794
 505        2.0794
 506        2.0794
 507        2.0794
 508        2.0794
 509        2.0816
 510        2.0816
 511        2.0816
 512        2.0816
 513        2.0816
 514        2.0816
 515        2.0899
 516        2.0899
 517        2.0899
 518        2.0906
 519        2.0906
 520        2.0906
 521        2.1128
 522        2.1128
 523        2.1391
 524        2.1391
 525        2.1391
 526        2.1391
 527        2.1391
 528        2.1391
 529        2.1517
 530        2.1517
 531        2.1517
 532        2.1517
 533        2.1517
 534        2.1517
 535        2.1606
 536        2.1606
 537        2.1606
 538        2.1700
 539        2.1700
 540        2.1700
 541        2.1853
 542        2.1853
 543        2.1853
 544        2.1938
 545        2.1938
 546        2.1938
 547        2.2292
 548        2.2292
 549        2.2292
 550        2.2652
 551        2.2652
 552        2.2652
 553        2.2652
 554        2.2652
 555        2.2652
 556        2.2722
 557        2.2722
 558        2.2722
 559        2.2722
 560        2.2722
 561        2.2722
 562        2.2915
 563        2.2915
 564        2.2915
 565        2.4309
 566        2.4309
 567        2.4309
 568        2.6097
 569        2.6097
 570        2.6097
 571        2.6621
 572        2.6621
 573        2.6621
 574        2.6621
 575        2.6621
 576        2.6621
 577        2.8526
 578        2.8526
 579        2.8526
 580        3.1512
 581        3.1512
 582        3.1512
 583        3.5696
 584        3.5696
 585        3.5696
 586        3.5954
 587        3.5954
 588        3.5954
 589        3.5954
 590        3.5954
 591        3.5954
 592        3.6019
 593        3.6019
 594        3.6019
 595        3.6019
 596        3.6019
 597        3.6019
 598        4.1800
 599        4.1800
 600        4.1800
 601        4.1800
 602        4.1800
 603        4.1800
 604        4.8137
 605        4.8137
 606        4.8137
 607        4.8681
 608        4.8681
 609        4.8681
 610        5.0592
 611        5.0592
 612        5.0592
 613        5.2877
 614        5.2877
 615        5.2877
 616        5.5483
 617        5.5483
 618        5.5483
 619        5.5483
 620        5.5483
 621        5.5483
 622        5.7474
 623        5.7474
 624        5.7474
 625        5.7474
 626        5.7474
 627        5.7474
 628        6.5216
 629        6.5216
 630        6.5216
 631        6.5216
 632        6.5216
 633        6.5216
 634        7.2768
 635        7.2768
 636        7.2768
 637        7.2768
 638        7.2768
 639        7.2768
 640        7.4556
 641        7.4556
 642        7.4556
 643        7.9748
 644        7.9748
 645        7.9748
 646        8.2505
 647        8.2505
 648        8.2505
 649        8.2588
 650        8.2588
 651        8.2588
 652        8.2588
 653        8.2588
 654        8.2588
 655        8.5729
 656        8.5729
 657        8.5729
 658        8.5729
 659        8.5729
 660        8.5729
 661        9.2452
 662        9.2452
 663        9.2452
 664        9.2452
 665        9.2452
 666        9.2452
 667        9.3205
 668        9.7439
 669        9.7439
 670        9.7439
 671        9.7439
 672        9.7439
 673        9.7439
 674        9.8553
 675        9.8553
 676        9.8553
 677       10.3903
 678       10.3903
 679       10.3903
 680       10.3903
 681       10.3903
 682       10.3903
 683       10.6469
 684       10.6469
 685       10.6469
 686       10.6644
 687       10.6644
 688       10.6644
 689       11.1792
 690       11.1792
 691       11.1792
 692       11.1792
 693       11.1792
 694       11.1792
 695       11.5769
 696       11.5769
 697       11.5769
 698       11.8501
 699       11.8501
 700       11.8501
 701       12.0586
 702       12.0586
 703       12.0586
 704       12.1833
 705       12.1833
 706       12.1833
 707       12.1833
 708       12.1833
 709       12.1833
 710       12.5880
 711       12.5900
 712       12.5920
