   32   32  100    1
  0.2035171E+02  0.8667961E-09  0.8667961E-09  0.8667961E-09  0.5000000E-15
  1.000000000000000E-004
  CAR 
 No title                                
  352    1  212
 
  0.2500000E+00  0.2500000E+00  0.2500000E+00  0.1000000E+01
   1       -3.9867
   2       -2.8952
   3       -2.8952
   4       -2.8952
   5       -2.2431
   6       -2.1744
   7       -2.1744
   8       -2.1744
   9       -1.8921
  10       -1.8921
  11       -1.8921
  12       -1.7380
  13       -1.7380
  14       -1.7380
  15       -1.6812
  16       -1.6812
  17       -1.6812
  18       -1.4911
  19       -1.4911
  20       -1.4911
  21       -1.3758
  22       -1.3758
  23       -1.3758
  24       -1.3758
  25       -1.3758
  26       -1.3758
  27       -1.2890
  28       -1.2890
  29       -1.2890
  30       -1.2345
  31       -1.2345
  32       -1.2345
  33       -1.2345
  34       -1.2345
  35       -1.2345
  36       -1.1314
  37       -1.1314
  38       -1.1314
  39       -0.8897
  40       -0.8897
  41       -0.8897
  42       -0.8897
  43       -0.8897
  44       -0.8897
  45       -0.6331
  46       -0.6331
  47       -0.6331
  48       -0.5586
  49       -0.5586
  50       -0.5586
  51       -0.5009
  52       -0.5009
  53       -0.5009
  54       -0.5009
  55       -0.5009
  56       -0.5009
  57       -0.3858
  58       -0.3858
  59       -0.3858
  60       -0.3669
  61       -0.3669
  62       -0.3669
  63       -0.3508
  64       -0.3508
  65       -0.3508
  66       -0.3508
  67       -0.3508
  68       -0.3508
  69       -0.2929
  70       -0.1279
  71       -0.1279
  72       -0.0683
  73       -0.0683
  74       -0.0141
  75       -0.0141
  76       -0.0141
  77        0.0162
  78        0.0162
  79        0.0162
  80        0.0162
  81        0.0162
  82        0.0162
  83        0.0359
  84        0.0359
  85        0.0359
  86        0.0775
  87        0.0775
  88        0.0775
  89        0.1111
  90        0.1111
  91        0.1111
  92        0.1876
  93        0.1876
  94        0.1876
  95        0.2359
  96        0.2359
  97        0.2359
  98        0.2547
  99        0.2547
 100        0.2547
 101        0.5664
 102        0.5664
 103        0.5664
 104        0.6025
 105        0.6025
 106        0.6025
 107        0.6025
 108        0.6025
 109        0.6025
 110        0.7796
 111        0.7796
 112        0.7796
 113        0.8102
 114        0.8102
 115        0.8102
 116        0.8537
 117        0.8537
 118        0.8537
 119        0.8569
 120        0.8569
 121        0.8569
 122        0.8764
 123        0.8764
 124        1.0050
 125        1.0050
 126        1.0050
 127        1.0050
 128        1.0050
 129        1.0050
 130        1.2179
 131        1.2179
 132        1.2179
 133        1.2629
 134        1.2668
 135        1.2668
 136        1.2668
 137        1.4579
 138        1.4579
 139        1.4579
 140        1.4618
 141        1.4618
 142        1.4618
 143        1.4618
 144        1.4618
 145        1.4618
 146        1.5057
 147        1.5057
 148        1.5057
 149        1.5407
 150        1.5407
 151        1.6690
 152        1.6690
 153        1.6690
 154        1.8133
 155        1.8133
 156        1.8133
 157        1.8350
 158        1.8350
 159        1.8350
 160        1.8350
 161        1.8350
 162        1.8350
 163        1.8845
 164        1.8845
 165        1.8845
 166        1.9324
 167        1.9324
 168        1.9324
 169        2.0146
 170        2.0146
 171        2.0146
 172        3.4356
 173        3.4356
 174        3.4356
 175        3.4356
 176        3.4356
 177        3.4356
 178        4.1142
 179        4.1142
 180        4.1142
 181        4.8084
 182        4.8084
 183        4.8084
 184        5.2796
 185        5.2796
 186        5.2796
 187        6.3108
 188        6.3108
 189        6.3108
 190        6.3108
 191        6.3108
 192        6.3108
 193        6.6744
 194        6.6744
 195        6.6744
 196        7.9374
 197        7.9374
 198        7.9374
 199        8.4024
 200        8.4024
 201        8.4024
 202        8.4024
 203        8.4024
 204        8.4024
 205        9.1109
 206        9.4031
 207        9.4031
 208        9.4031
 209        9.9175
 210        9.9175
 211        9.9175
 212        9.9175
