   1   4   1   0  0.1166843E+02  0.1000000E-03
  CAR 
 unknown system                          
   0   0   0
   1   1
 256 256 256
 256
  0.1000000E-09
  0.6250000E-11
   0
  0.5000000E-15  0.3600456E-09  0.3600456E-09  0.3600456E-09
  0.0000000E+00  0.0000000E+00
  0.000
  0.000
  0.000
  0.000
  0.000
  0.000
  0.000
  0.000
  0.000
  0.000
  0.000
  0.000
  0.000
  0.000
  0.000
  0.000
  0.000
  0.000
  0.000
  0.000
  0.000
  0.000
  0.000
  0.000
  0.000
  0.000
  0.000
  0.000
  0.000
  0.000
  0.000
  0.000
  0.000
  0.000
  0.000
  0.000
  0.000
  0.000
  0.000
  0.000
 27.823
  0.000
  0.000
  0.000
  0.000
  0.000
  0.000
  0.000
  0.000
  0.000
  0.000
  0.000
  0.000
  0.000
  0.000
  0.000
  0.000
  0.000
  0.000
  0.000
  0.000
  0.000
  0.000
  0.000
  0.000
  0.000
  0.000
  0.000
  0.000
  0.000
 18.365
  0.000
  0.000
  0.000
  0.000
  0.000
  0.000
  0.000
  0.000
  0.000
  0.000
  0.000
  0.000
  0.000
  0.000
  0.000
  0.000
  0.000
  0.000
  0.000
  0.000
 10.903
  0.000
  0.000
  0.000
  0.000
  0.000
  0.000
  0.000
  0.000
  0.000
  0.000
  0.000
  0.000
  0.000
  0.000
  0.000
 15.797
  0.000
  0.000
  0.000
  0.000
  0.000
  0.000
  0.000
  0.000
  0.000
  0.000
  0.000
  0.000
  0.000
  0.000
  9.124
  0.000
  0.000
  0.000
  0.000
  0.000
  0.000
  0.000
  0.000
  0.000
  0.000
  0.000
  0.000
  4.972
  0.000
  0.000
  0.000
  0.000
  0.000
  0.000
  0.000
  0.000
  0.000
  0.000
 12.759
  0.000
  0.000
  0.000
  0.000
  0.000
  0.000
  0.000
  0.000
  0.000
  0.000
  7.359
  0.000
  0.000
  0.000
  0.000
  0.000
  0.000
  0.000
  0.000
  0.000
  6.507
  0.000
  0.000
  0.000
  0.000
  0.000
  0.000
  0.000
  0.000
  0.000
  8.692
  0.000
  0.000
  0.000
  0.000
  0.000
  0.000
  0.000
  0.000
  5.249
  0.000
  0.000
  0.000
  0.000
  0.000
  0.000
  0.000
  0.000
  4.776
  0.000
  0.000
  0.000
  0.000
  0.000
  0.000
  0.000
  7.715
  0.000
  0.000
  0.000
  0.000
  0.000
  0.000
  0.000
  8.162
  0.000
  0.000
  0.000
  0.000
  0.000
  0.000
  0.000
  1.895
  0.000
  0.000
  0.000
  0.000
  0.000
  0.000
  7.117
  0.000
  0.000
  0.000
  0.000
  0.000
  0.000
  0.000
  6.640
  0.000
  0.000
  0.000
  0.000
  0.000
  3.156
  0.000
  0.000
  0.000
  0.000
  0.000
  0.000
  7.451
  0.000
  0.000
  0.000
  0.000
  0.000
  0.000
  2.819
  0.000
