   32   32    1    1
  0.1797739E+02  0.8316850E-09  0.8316850E-09  0.8316850E-09  0.5000000E-15
  1.000000000000000E-004
  CAR 
 al100                                   
   96    6   68
 
  0.0000000E+00  0.0000000E+00  0.0000000E+00  0.3703704E-01
   1       -3.4211
   2       -1.3024
   3       -1.2954
   4       -1.2954
   5       -1.2954
   6       -1.2954
   7       -1.2885
   8        0.7893
   9        0.7981
  10        0.7981
  11        0.8011
  12        0.8014
  13        0.8014
  14        0.8014
  15        0.8014
  16        0.8018
  17        0.8048
  18        0.8048
  19        0.8135
  20        2.8634
  21        2.8645
  22        2.8645
  23        2.8652
  24        2.8783
  25        2.8790
  26        2.8790
  27        2.8801
  28        4.4174
  29        4.4174
  30        4.4174
  31        5.5342
  32        5.5343
  33        5.5344
  34        6.3885
  35        6.3885
  36        6.3968
  37        6.3968
  38        6.3968
  39        6.3969
  40        6.3969
  41        6.3969
  42        6.3969
  43        6.3970
  44        6.4051
  45        6.4052
  46        7.4408
  47        7.4486
  48        7.4487
  49        7.4487
  50        7.4487
  51        7.4563
  52        7.7802
  53        7.7818
  54        7.7818
  55        7.7818
  56        7.7819
  57        7.7834
  58        8.3712
  59        8.3722
  60        8.3756
  61        8.3789
  62        8.3791
  63        8.3791
  64        8.3792
  65        8.3793
  66        8.3826
  67        8.3847
  68        8.3870
 
  0.3333333E+00 -0.8271806E-24  0.8271806E-24  0.7407407E-01
   1       -3.1835
   2       -2.4727
   3       -1.0612
   4       -1.0610
   5       -1.0610
   6       -1.0610
   7       -0.3601
   8       -0.3600
   9       -0.3600
  10       -0.3600
  11        0.3365
  12        1.0327
  13        1.0327
  14        1.0327
  15        1.0327
  16        1.7247
  17        1.7247
  18        1.7247
  19        1.7248
  20        2.3971
  21        2.4116
  22        2.4116
  23        2.4116
  24        2.4120
  25        4.4420
  26        4.4420
  27        4.4422
  28        4.4422
  29        4.4624
  30        4.4625
  31        4.4625
  32        4.4625
  33        4.6371
  34        4.6371
  35        5.2964
  36        5.2964
  37        5.7676
  38        5.7676
  39        6.4589
  40        6.4605
  41        6.4680
  42        6.4680
  43        6.4681
  44        6.4698
  45        6.6170
  46        6.6170
  47        6.6170
  48        6.6170
  49        7.2775
  50        7.2775
  51        7.2775
  52        7.2775
  53        7.8355
  54        7.8355
  55        7.8355
  56        7.8355
  57        7.9399
  58        7.9399
  59        7.9710
  60        8.5162
  61        8.5162
  62        8.5162
  63        8.5162
  64        9.1801
  65        9.1801
  66        9.9219
  67        9.9225
  68        9.9263
 
  0.0000000E+00  0.3333333E+00 -0.8271806E-24  0.1481481E+00
   1       -3.1835
   2       -2.4727
   3       -1.0665
   4       -1.0610
   5       -1.0610
   6       -1.0557
   7       -0.3655
   8       -0.3600
   9       -0.3600
  10       -0.3546
  11        0.3365
  12        1.0284
  13        1.0305
  14        1.0349
  15        1.0371
  16        1.7204
  17        1.7225
  18        1.7270
  19        1.7291
  20        2.3973
  21        2.4061
  22        2.4116
  23        2.4116
  24        2.4171
  25        4.4366
  26        4.4422
  27        4.4422
  28        4.4477
  29        4.4580
  30        4.4602
  31        4.4647
  32        4.4669
  33        4.6370
  34        4.6372
  35        5.2964
  36        5.2965
  37        5.7676
  38        5.7677
  39        6.4586
  40        6.4605
  41        6.4648
  42        6.4659
  43        6.4703
  44        6.4732
  45        6.6118
  46        6.6170
  47        6.6171
  48        6.6221
  49        7.2724
  50        7.2775
  51        7.2776
  52        7.2828
  53        7.8314
  54        7.8355
  55        7.8355
  56        7.8396
  57        7.9396
  58        7.9399
  59        7.9714
  60        8.5121
  61        8.5162
  62        8.5162
  63        8.5202
  64        9.1801
  65        9.1894
  66        9.9238
  67        9.9266
  68        9.9778
 
  0.3333333E+00  0.3333333E+00  0.1654361E-23  0.2962963E+00
   1       -2.9462
   2       -2.2387
   3       -2.2344
   4       -1.5302
   5       -0.8271
   6       -0.8271
   7       -0.1302
   8       -0.1283
   9       -0.1258
  10       -0.1240
  11        0.5650
  12        0.5688
  13        0.5698
  14        0.5728
  15        1.2610
  16        1.2631
  17        2.6242
  18        2.6264
  19        2.6380
  20        2.6394
  21        2.6419
  22        2.6441
  23        3.3067
  24        3.3111
  25        3.3201
  26        3.3204
  27        3.3323
  28        3.3327
  29        4.0053
  30        4.6368
  31        4.6368
  32        4.7014
  33        4.7015
  34        4.8567
  35        5.3428
  36        5.3447
  37        5.3472
  38        5.3492
  39        5.5139
  40        5.5188
  41        5.9988
  42        6.0059
  43        6.0085
  44        6.0386
  45        6.0388
  46        6.1764
  47        6.7070
  48        6.7101
  49        7.3884
  50        8.0089
  51        8.0239
  52        8.0259
  53        8.0260
  54        8.0281
  55        8.1577
  56        8.1626
  57        8.1927
  58        8.1950
  59        8.8190
  60        8.8228
  61        8.8358
  62        8.8392
  63        9.4234
  64        9.4257
  65        9.9922
  66       10.0919
  67       10.0932
  68       10.1467
 
  0.0000000E+00  0.3333333E+00  0.3333333E+00  0.1481481E+00
   1       -2.9462
   2       -2.2366
   3       -2.2365
   4       -1.5302
   5       -0.8303
   6       -0.8238
   7       -0.1324
   8       -0.1283
   9       -0.1258
  10       -0.1218
  11        0.5659
  12        0.5684
  13        0.5687
  14        0.5735
  15        1.2621
  16        1.2621
  17        2.6256
  18        2.6256
  19        2.6354
  20        2.6394
  21        2.6420
  22        2.6460
  23        3.3091
  24        3.3092
  25        3.3193
  26        3.3194
  27        3.3331
  28        3.3331
  29        4.0052
  30        4.6366
  31        4.6367
  32        4.7016
  33        4.7016
  34        4.8568
  35        5.3405
  36        5.3446
  37        5.3473
  38        5.3514
  39        5.5163
  40        5.5165
  41        5.9990
  42        6.0071
  43        6.0071
  44        6.0353
  45        6.0420
  46        6.1765
  47        6.7085
  48        6.7085
  49        7.3884
  50        8.0091
  51        8.0215
  52        8.0235
  53        8.0285
  54        8.0304
  55        8.1596
  56        8.1600
  57        8.1944
  58        8.2087
  59        8.8199
  60        8.8205
  61        8.8380
  62        8.8385
  63        9.4245
  64        9.4246
  65        9.9919
  66       10.0469
  67       10.0761
  68       10.0922
 
  0.3333333E+00  0.3333333E+00  0.3333333E+00  0.2962963E+00
   1       -2.7093
   2       -2.0038
   3       -2.0007
   4       -1.9977
   5       -1.2985
   6       -1.2955
   7       -1.2924
   8       -0.5934
   9        0.7968
  10        0.7999
  11        0.8029
  12        1.4873
  13        1.4906
  14        1.4927
  15        1.4927
  16        1.4947
  17        1.4980
  18        2.1811
  19        2.1826
  20        2.1841
  21        2.8524
  22        2.8538
  23        2.8553
  24        3.5311
  25        3.5343
  26        3.5365
  27        3.5365
  28        3.5387
  29        3.5419
  30        4.1955
  31        4.1985
  32        4.2016
  33        4.2486
  34        4.2518
  35        4.2550
  36        4.9108
  37        4.9123
  38        4.9138
  39        6.2372
  40        6.2381
  41        6.2405
  42        6.2405
  43        6.2429
  44        6.2437
  45        6.9090
  46        6.9099
  47        6.9122
  48        6.9122
  49        6.9146
  50        6.9156
  51        7.6013
  52        8.1980
  53        8.2003
  54        8.2025
  55        8.4467
  56        8.4476
  57        8.4484
  58        8.8861
  59        8.8893
  60        8.8926
  61        9.0875
  62        9.0877
  63        9.0902
  64        9.0903
  65        9.0928
  66        9.0929
  67        9.5707
  68        9.5728
