   32   32  100    1
  0.1797739E+02  0.8316850E-09  0.8316850E-09  0.8316850E-09  0.5000000E-15
  1.000000000000000E-004
  CAR 
 al100                                   
   96    4   68
 
  0.0000000E+00  0.0000000E+00  0.0000000E+00  0.3703704E-01
   1       -3.4211
   2       -1.2954
   3       -1.2954
   4       -1.2954
   5       -1.2954
   6       -1.2954
   7       -1.2954
   8        0.8014
   9        0.8014
  10        0.8014
  11        0.8014
  12        0.8014
  13        0.8014
  14        0.8014
  15        0.8014
  16        0.8014
  17        0.8014
  18        0.8014
  19        0.8014
  20        2.8653
  21        2.8653
  22        2.8653
  23        2.8653
  24        2.8782
  25        2.8782
  26        2.8782
  27        2.8782
  28        4.4174
  29        4.4174
  30        4.4174
  31        5.5344
  32        5.5344
  33        5.5344
  34        6.3968
  35        6.3968
  36        6.3968
  37        6.3968
  38        6.3968
  39        6.3968
  40        6.3968
  41        6.3968
  42        6.3968
  43        6.3968
  44        6.3968
  45        6.3968
  46        7.4487
  47        7.4487
  48        7.4487
  49        7.4487
  50        7.4487
  51        7.4487
  52        7.7819
  53        7.7819
  54        7.7819
  55        7.7819
  56        7.7819
  57        7.7819
  58        8.3791
  59        8.3791
  60        8.3791
  61        8.3791
  62        8.3791
  63        8.3791
  64        8.3791
  65        8.3791
  66        8.3791
  67        8.3791
  68        8.3791
 
  0.3333333E+00 -0.6526107E-24  0.6323253E-24  0.2222222E+00
   1       -3.1835
   2       -2.4727
   3       -1.0610
   4       -1.0610
   5       -1.0610
   6       -1.0610
   7       -0.3600
   8       -0.3600
   9       -0.3600
  10       -0.3600
  11        0.3365
  12        1.0327
  13        1.0327
  14        1.0327
  15        1.0327
  16        1.7248
  17        1.7248
  18        1.7248
  19        1.7248
  20        2.3973
  21        2.4116
  22        2.4116
  23        2.4116
  24        2.4116
  25        4.4422
  26        4.4422
  27        4.4422
  28        4.4422
  29        4.4624
  30        4.4624
  31        4.4624
  32        4.4624
  33        4.6370
  34        4.6370
  35        5.2964
  36        5.2964
  37        5.7676
  38        5.7676
  39        6.4605
  40        6.4605
  41        6.4681
  42        6.4681
  43        6.4681
  44        6.4681
  45        6.6170
  46        6.6170
  47        6.6170
  48        6.6170
  49        7.2775
  50        7.2775
  51        7.2775
  52        7.2775
  53        7.8355
  54        7.8355
  55        7.8355
  56        7.8355
  57        7.9399
  58        7.9399
  59        7.9710
  60        8.5162
  61        8.5162
  62        8.5162
  63        8.5162
  64        9.1801
  65        9.1801
  66        9.9230
  67        9.9254
  68        9.9316
 
  0.3333333E+00  0.3333333E+00  0.9469622E-24  0.4444444E+00
   1       -2.9462
   2       -2.2365
   3       -2.2365
   4       -1.5302
   5       -0.8271
   6       -0.8271
   7       -0.1271
   8       -0.1271
   9       -0.1271
  10       -0.1271
  11        0.5684
  12        0.5684
  13        0.5698
  14        0.5698
  15        1.2621
  16        1.2621
  17        2.6257
  18        2.6257
  19        2.6407
  20        2.6407
  21        2.6407
  22        2.6407
  23        3.3093
  24        3.3093
  25        3.3202
  26        3.3202
  27        3.3322
  28        3.3322
  29        4.0052
  30        4.6368
  31        4.6368
  32        4.7015
  33        4.7015
  34        4.8567
  35        5.3460
  36        5.3460
  37        5.3460
  38        5.3460
  39        5.5163
  40        5.5163
  41        5.9991
  42        6.0071
  43        6.0071
  44        6.0386
  45        6.0386
  46        6.1764
  47        6.7086
  48        6.7086
  49        7.3884
  50        8.0091
  51        8.0260
  52        8.0260
  53        8.0260
  54        8.0260
  55        8.1601
  56        8.1601
  57        8.1938
  58        8.1938
  59        8.8209
  60        8.8209
  61        8.8375
  62        8.8375
  63        9.4246
  64        9.4246
  65        9.9934
  66        9.9996
  67       10.0659
  68       10.0824
 
  0.3333333E+00  0.3333333E+00  0.3333333E+00  0.2962963E+00
   1       -2.7093
   2       -2.0007
   3       -2.0007
   4       -2.0007
   5       -1.2955
   6       -1.2955
   7       -1.2955
   8       -0.5934
   9        0.7999
  10        0.7999
  11        0.7999
  12        1.4927
  13        1.4927
  14        1.4927
  15        1.4927
  16        1.4927
  17        1.4927
  18        2.1826
  19        2.1826
  20        2.1826
  21        2.8539
  22        2.8539
  23        2.8539
  24        3.5365
  25        3.5365
  26        3.5365
  27        3.5365
  28        3.5365
  29        3.5365
  30        4.1985
  31        4.1985
  32        4.1985
  33        4.2518
  34        4.2518
  35        4.2518
  36        4.9123
  37        4.9123
  38        4.9123
  39        6.2405
  40        6.2405
  41        6.2405
  42        6.2405
  43        6.2405
  44        6.2405
  45        6.9122
  46        6.9122
  47        6.9122
  48        6.9122
  49        6.9122
  50        6.9122
  51        7.6013
  52        8.2003
  53        8.2003
  54        8.2003
  55        8.4476
  56        8.4476
  57        8.4476
  58        8.8893
  59        8.8893
  60        8.8893
  61        9.0903
  62        9.0903
  63        9.0903
  64        9.0903
  65        9.0903
  66        9.0903
  67        9.5716
  68        9.5718
