   1  32   1   0  0.1313628E+02  0.1000000E-03
  CAR 
 unknown system                          
   0   0   0
   1   1
 256 256 256
 256
  0.1000000E-09
  0.6250000E-11
   0
  0.5000000E-15  0.7491017E-09  0.7491017E-09  0.7491017E-09
  0.0000000E+00  0.0000000E+00
  0.000
  0.000
  0.000
  0.000
  0.000
  0.000
  0.000
  0.000
  0.000
  0.000
  0.000
  0.000
  0.000
  0.000
  0.000
  0.000
  0.000
  0.000
  0.000
  0.000
  0.000
  0.000
  0.000
  0.000
  0.000
  0.000
  0.000
  0.000
  0.000
  0.000
  0.000
  0.000
  0.000
  0.000
  0.000
  0.000
  0.000
  0.000
  0.000
  0.000
  0.000
  0.000
 28.445
  0.000
  0.000
  0.000
  0.000
  0.000
  0.000
  0.000
  0.000
  0.000
  0.000
  0.000
  0.000
  0.000
  0.000
  0.000
  0.000
  7.257
  0.000
  0.000
  0.000
  0.000
  0.000
  0.000
  0.000
  0.000
  0.000
  0.000
  0.000
  0.000
  0.000
 19.022
  0.000
  0.000
  0.000
  0.000
  0.000
  0.000
  0.000
  0.000
  0.000
  0.000
  7.196
  0.000
  0.000
  0.000
  0.000
  0.000
  0.000
  0.000
  0.000
  0.000
 11.507
  0.000
  0.000
  0.000
  0.000
  0.000
  0.000
  0.000
  0.000
  3.198
  0.000
  0.000
  0.000
  0.000
  0.000
  0.000
  0.000
  0.000
 16.239
  0.000
  0.000
  0.000
  0.000
  0.000
  0.000
  0.000
  0.000
  0.000
  0.000
  0.000
  0.000
  0.000
  0.000
  9.482
  0.000
  0.000
  0.000
  0.000
  0.000
  0.000
  5.681
  0.000
  0.000
  0.000
  0.000
  0.000
  5.206
  0.000
  0.000
  0.000
  0.000
  0.000
  4.788
  0.000
  0.000
  0.000
  0.000
  0.000
 13.256
  0.000
  0.000
  0.000
  0.000
  0.000
  0.000
  0.000
  0.000
  0.000
  0.000
  0.000
  7.595
  0.000
  0.000
  0.000
  0.000
  0.000
  0.000
  0.000
  0.000
  0.000
  6.749
  0.000
  0.000
  0.000
  0.000
  3.987
  0.000
  0.000
  0.000
  0.000
  9.057
  0.000
  0.000
  0.000
  0.000
  2.862
  0.000
  0.000
  0.000
  0.000
  5.433
  0.000
  0.000
  0.000
  2.608
  0.000
  0.000
  0.000
  0.000
  4.963
  0.000
  0.000
  0.000
  0.000
  0.000
  0.000
  0.000
  8.040
  0.000
  0.000
  0.000
  0.000
  2.192
  0.000
  0.000
  0.000
  8.454
  0.000
  0.000
  0.000
  4.078
  0.000
  0.000
  0.000
  1.968
  0.000
  0.000
  0.000
  0.000
  0.000
  0.000
  7.412
  0.000
  0.000
  0.000
  0.000
  0.000
  0.000
  0.000
  6.933
  0.000
  0.000
  0.000
  3.355
  0.000
  0.000
  3.275
  0.000
  0.000
  0.000
  2.380
  0.000
