        4  number of thermod.function
       71  number of points of thermod.function
   Total    
         0.0010        0.1675919E+02
         1.0000        0.1675919E+02
         2.0000        0.1675919E+02
         3.0000        0.1675918E+02
         4.0000        0.1675913E+02
         5.0000        0.1675902E+02
        10.0000        0.1675675E+02
        15.0000        0.1674647E+02
        20.0000        0.1671520E+02
        30.0000        0.1652460E+02
        40.0000        0.1608316E+02
        50.0000        0.1534527E+02
        60.0000        0.1430320E+02
        70.0000        0.1296705E+02
        80.0000        0.1135373E+02
        90.0000        0.9481887E+01
       100.0000        0.7369665E+01
       125.0000        0.1144112E+01
       150.0000       -0.6261599E+01
       175.0000       -0.1467857E+02
       200.0000       -0.2397702E+02
       225.0000       -0.3405519E+02
       250.0000       -0.4483165E+02
       273.0000       -0.5530537E+02
       275.0000       -0.5623992E+02
       298.0000       -0.6724595E+02
       300.0000       -0.6822482E+02
       350.0000       -0.9374550E+02
       400.0000       -0.1210959E+03
       450.0000       -0.1500509E+03
       500.0000       -0.1804342E+03
       550.0000       -0.2121044E+03
       600.0000       -0.2449454E+03
       650.0000       -0.2788602E+03
       700.0000       -0.3137667E+03
       750.0000       -0.3495945E+03
       800.0000       -0.3862823E+03
       850.0000       -0.4237765E+03
       900.0000       -0.4620300E+03
       950.0000       -0.5010007E+03
      1000.0000       -0.5406508E+03
      1050.0000       -0.5809465E+03
      1100.0000       -0.6218571E+03
      1150.0000       -0.6633547E+03
      1200.0000       -0.7054138E+03
      1250.0000       -0.7480110E+03
      1300.0000       -0.7911251E+03
      1350.0000       -0.8347360E+03
      1400.0000       -0.8788253E+03
      1450.0000       -0.9233759E+03
      1500.0000       -0.9683721E+03
      1550.0000       -0.1013799E+04
      1600.0000       -0.1059642E+04
      1650.0000       -0.1105890E+04
      1700.0000       -0.1152529E+04
      1750.0000       -0.1199548E+04
      1800.0000       -0.1246936E+04
      1850.0000       -0.1294683E+04
      1900.0000       -0.1342779E+04
      1950.0000       -0.1391215E+04
      2000.0000       -0.1439983E+04
      2100.0000       -0.1538480E+04
      2200.0000       -0.1638208E+04
      2300.0000       -0.1739111E+04
      2400.0000       -0.1841138E+04
      2500.0000       -0.1944242E+04
      2600.0000       -0.2048380E+04
      2700.0000       -0.2153513E+04
      2800.0000       -0.2259603E+04
      2900.0000       -0.2366616E+04
      3000.0000       -0.2474521E+04
       71  number of points of thermod.function
   1Ag__:X/D
         0.0010        0.5576091E+01
         1.0000        0.5576091E+01
         2.0000        0.5576090E+01
         3.0000        0.5576086E+01
         4.0000        0.5576070E+01
         5.0000        0.5576037E+01
        10.0000        0.5575285E+01
        15.0000        0.5571883E+01
        20.0000        0.5561507E+01
        30.0000        0.5498059E+01
        40.0000        0.5350844E+01
        50.0000        0.5104619E+01
        60.0000        0.4756830E+01
        70.0000        0.4310878E+01
        80.0000        0.3772437E+01
        90.0000        0.3147740E+01
       100.0000        0.2442861E+01
       125.0000        0.3654850E+00
       150.0000       -0.2105440E+01
       175.0000       -0.4913553E+01
       200.0000       -0.8015553E+01
       225.0000       -0.1137751E+02
       250.0000       -0.1497225E+02
       273.0000       -0.1846589E+02
       275.0000       -0.1877762E+02
       298.0000       -0.2244872E+02
       300.0000       -0.2277522E+02
       350.0000       -0.3128742E+02
       400.0000       -0.4040956E+02
       450.0000       -0.5006657E+02
       500.0000       -0.6019972E+02
       550.0000       -0.7076184E+02
       600.0000       -0.8171422E+02
       650.0000       -0.9302457E+02
       700.0000       -0.1046655E+03
       750.0000       -0.1166135E+03
       800.0000       -0.1288482E+03
       850.0000       -0.1413517E+03
       900.0000       -0.1541083E+03
       950.0000       -0.1671039E+03
      1000.0000       -0.1803260E+03
      1050.0000       -0.1937633E+03
      1100.0000       -0.2074056E+03
      1150.0000       -0.2212436E+03
      1200.0000       -0.2352687E+03
      1250.0000       -0.2494733E+03
      1300.0000       -0.2638501E+03
      1350.0000       -0.2783924E+03
      1400.0000       -0.2930942E+03
      1450.0000       -0.3079499E+03
      1500.0000       -0.3229541E+03
      1550.0000       -0.3381018E+03
      1600.0000       -0.3533885E+03
      1650.0000       -0.3688096E+03
      1700.0000       -0.3843613E+03
      1750.0000       -0.4000398E+03
      1800.0000       -0.4158412E+03
      1850.0000       -0.4317623E+03
      1900.0000       -0.4477999E+03
      1950.0000       -0.4639509E+03
      2000.0000       -0.4802121E+03
      2100.0000       -0.5130552E+03
      2200.0000       -0.5463087E+03
      2300.0000       -0.5799539E+03
      2400.0000       -0.6139738E+03
      2500.0000       -0.6483527E+03
      2600.0000       -0.6830763E+03
      2700.0000       -0.7181313E+03
      2800.0000       -0.7535056E+03
      2900.0000       -0.7891876E+03
      3000.0000       -0.8251669E+03
       71  number of points of thermod.function
   1Ag__:Y/D
         0.0010        0.5594724E+01
         1.0000        0.5594724E+01
         2.0000        0.5594724E+01
         3.0000        0.5594718E+01
         4.0000        0.5594704E+01
         5.0000        0.5594673E+01
        10.0000        0.5593931E+01
        15.0000        0.5590500E+01
        20.0000        0.5580053E+01
        30.0000        0.5516498E+01
        40.0000        0.5369453E+01
        50.0000        0.5123754E+01
        60.0000        0.4776800E+01
        70.0000        0.4331925E+01
        80.0000        0.3794744E+01
        90.0000        0.3171447E+01
       100.0000        0.2468072E+01
       125.0000        0.3947791E+00
       150.0000       -0.2071769E+01
       175.0000       -0.4875325E+01
       200.0000       -0.7972655E+01
       225.0000       -0.1132986E+02
       250.0000       -0.1491980E+02
       273.0000       -0.1840899E+02
       275.0000       -0.1872032E+02
       298.0000       -0.2238694E+02
       300.0000       -0.2271304E+02
       350.0000       -0.3121542E+02
       400.0000       -0.4032769E+02
       450.0000       -0.4997478E+02
       500.0000       -0.6009798E+02
       550.0000       -0.7065012E+02
       600.0000       -0.8159251E+02
       650.0000       -0.9289287E+02
       700.0000       -0.1045238E+03
       750.0000       -0.1164617E+03
       800.0000       -0.1286864E+03
       850.0000       -0.1411799E+03
       900.0000       -0.1539264E+03
       950.0000       -0.1669120E+03
      1000.0000       -0.1801241E+03
      1050.0000       -0.1935514E+03
      1100.0000       -0.2071836E+03
      1150.0000       -0.2210115E+03
      1200.0000       -0.2350267E+03
      1250.0000       -0.2492211E+03
      1300.0000       -0.2635878E+03
      1350.0000       -0.2781201E+03
      1400.0000       -0.2928120E+03
      1450.0000       -0.3076576E+03
      1500.0000       -0.3226517E+03
      1550.0000       -0.3377892E+03
      1600.0000       -0.3530659E+03
      1650.0000       -0.3684770E+03
      1700.0000       -0.3840187E+03
      1750.0000       -0.3996871E+03
      1800.0000       -0.4154785E+03
      1850.0000       -0.4313894E+03
      1900.0000       -0.4474170E+03
      1950.0000       -0.4635578E+03
      2000.0000       -0.4798091E+03
      2100.0000       -0.5126321E+03
      2200.0000       -0.5458654E+03
      2300.0000       -0.5794905E+03
      2400.0000       -0.6134902E+03
      2500.0000       -0.6478490E+03
      2600.0000       -0.6825526E+03
      2700.0000       -0.7175875E+03
      2800.0000       -0.7529416E+03
      2900.0000       -0.7886034E+03
      3000.0000       -0.8245626E+03
       71  number of points of thermod.function
   1Ag__:Z/D
         0.0010        0.5588377E+01
         1.0000        0.5588377E+01
         2.0000        0.5588377E+01
         3.0000        0.5588370E+01
         4.0000        0.5588352E+01
         5.0000        0.5588314E+01
        10.0000        0.5587533E+01
        15.0000        0.5584086E+01
        20.0000        0.5573637E+01
        30.0000        0.5510049E+01
        40.0000        0.5362863E+01
        50.0000        0.5116898E+01
        60.0000        0.4769573E+01
        70.0000        0.4324248E+01
        80.0000        0.3786555E+01
        90.0000        0.3162700E+01
       100.0000        0.2458732E+01
       125.0000        0.3838478E+00
       150.0000       -0.2084389E+01
       175.0000       -0.4889696E+01
       200.0000       -0.7988813E+01
       225.0000       -0.1134783E+02
       250.0000       -0.1493960E+02
       273.0000       -0.1843048E+02
       275.0000       -0.1874197E+02
       298.0000       -0.2241029E+02
       300.0000       -0.2273655E+02
       350.0000       -0.3124266E+02
       400.0000       -0.4035868E+02
       450.0000       -0.5000954E+02
       500.0000       -0.6013652E+02
       550.0000       -0.7069244E+02
       600.0000       -0.8163864E+02
       650.0000       -0.9294278E+02
       700.0000       -0.1045775E+03
       750.0000       -0.1165193E+03
       800.0000       -0.1287477E+03
       850.0000       -0.1412450E+03
       900.0000       -0.1539954E+03
       950.0000       -0.1669848E+03
      1000.0000       -0.1802006E+03
      1050.0000       -0.1936317E+03
      1100.0000       -0.2072678E+03
      1150.0000       -0.2210995E+03
      1200.0000       -0.2351185E+03
      1250.0000       -0.2493167E+03
      1300.0000       -0.2636873E+03
      1350.0000       -0.2782234E+03
      1400.0000       -0.2929190E+03
      1450.0000       -0.3077684E+03
      1500.0000       -0.3227664E+03
      1550.0000       -0.3379078E+03
      1600.0000       -0.3531882E+03
      1650.0000       -0.3686032E+03
      1700.0000       -0.3841487E+03
      1750.0000       -0.3998208E+03
      1800.0000       -0.4156161E+03
      1850.0000       -0.4315310E+03
      1900.0000       -0.4475623E+03
      1950.0000       -0.4637069E+03
      2000.0000       -0.4799619E+03
      2100.0000       -0.5127927E+03
      2200.0000       -0.5460336E+03
      2300.0000       -0.5796663E+03
      2400.0000       -0.6136736E+03
      2500.0000       -0.6480401E+03
      2600.0000       -0.6827513E+03
      2700.0000       -0.7177938E+03
      2800.0000       -0.7531555E+03
      2900.0000       -0.7888251E+03
      3000.0000       -0.8247917E+03
