   32   32  100    1
  0.1885976E+02  0.8450753E-09  0.8450753E-09  0.8450753E-09  0.5000000E-15
  1.000000000000000E-004
  CAR 
 No title                                
  352   20  212
 
  0.6250000E-01  0.6250000E-01  0.6250000E-01  0.1562500E-01
   1       -4.3599
   2       -3.1702
   3       -3.1702
   4       -3.1702
   5       -3.1520
   6       -3.1418
   7       -3.1418
   8       -3.1418
   9       -3.0685
  10       -3.0685
  11       -3.0685
  12       -2.8135
  13       -2.8135
  14       -2.8135
  15       -2.7225
  16       -2.7225
  17       -2.7225
  18       -2.5408
  19       -2.5408
  20       -2.5408
  21       -2.5408
  22       -2.5408
  23       -2.5408
  24       -2.5381
  25       -2.5381
  26       -2.5381
  27       -2.4165
  28       -2.4165
  29       -2.4165
  30       -2.3263
  31       -2.3263
  32       -2.3263
  33       -2.3074
  34       -2.3074
  35       -2.3074
  36       -2.2891
  37       -2.2891
  38       -2.2891
  39       -2.2891
  40       -2.2891
  41       -2.2891
  42       -2.1534
  43       -2.1534
  44       -2.1534
  45       -2.1534
  46       -2.1534
  47       -2.1534
  48       -2.0765
  49       -2.0765
  50       -2.0765
  51       -2.0735
  52       -2.0735
  53       -2.0735
  54       -2.0735
  55       -2.0735
  56       -2.0735
  57       -2.0300
  58       -2.0300
  59       -2.0300
  60       -1.9035
  61       -1.9035
  62       -1.9035
  63       -1.9035
  64       -1.9035
  65       -1.9035
  66       -1.8476
  67       -1.8476
  68       -1.8476
  69       -1.8342
  70       -1.8342
  71       -1.8300
  72       -1.8259
  73       -1.8259
  74       -1.8259
  75       -1.8166
  76       -1.8166
  77       -1.7343
  78       -1.7343
  79       -1.7343
  80       -1.7343
  81       -1.7343
  82       -1.7343
  83       -1.7121
  84       -1.7121
  85       -1.7121
  86       -1.6706
  87       -1.6706
  88       -1.6706
  89       -1.3035
  90       -1.3035
  91       -1.3035
  92       -1.2488
  93       -1.2488
  94       -1.2488
  95       -1.2482
  96       -1.2482
  97       -1.2482
  98       -1.2389
  99       -1.2389
 100       -1.2389
 101       -1.2389
 102       -1.2389
 103       -1.2389
 104       -1.1761
 105       -1.1761
 106       -1.1761
 107       -1.0748
 108       -1.0748
 109       -1.0748
 110       -1.0177
 111       -1.0177
 112       -1.0177
 113       -1.0070
 114       -1.0070
 115       -1.0070
 116       -0.9622
 117       -0.9622
 118       -0.9384
 119       -0.9384
 120       -0.9384
 121       -0.9282
 122       -0.9282
 123       -0.9282
 124       -0.9282
 125       -0.9282
 126       -0.9282
 127       -0.9101
 128       -0.9101
 129       -0.9101
 130       -0.9101
 131       -0.9101
 132       -0.9101
 133       -0.8446
 134       -0.8446
 135       -0.8446
 136       -0.6719
 137       -0.6719
 138       -0.6719
 139       -0.6060
 140       -0.6060
 141       -0.6060
 142       -0.5799
 143       -0.5799
 144       -0.5799
 145       -0.3454
 146       -0.3454
 147       -0.3454
 148       -0.3320
 149       -0.3320
 150       -0.3320
 151       -0.3059
 152       -0.3059
 153       -0.2923
 154       -0.2923
 155       -0.2923
 156       -0.1530
 157       -0.1530
 158       -0.1530
 159       -0.1312
 160       -0.1312
 161       -0.1312
 162       -0.1312
 163       -0.1312
 164       -0.1312
 165       -0.1290
 166       -0.1290
 167       -0.1290
 168        1.5118
 169        1.5118
 170        1.5118
 171        2.0667
 172        2.0667
 173        2.0667
 174        2.0667
 175        2.0667
 176        2.0667
 177        2.2997
 178        2.5741
 179        2.5741
 180        2.5741
 181        2.6390
 182        2.6390
 183        2.6390
 184        4.3454
 185        4.3454
 186        4.3454
 187        5.7947
 188        5.7947
 189        5.7947
 190        6.0343
 191        7.7361
 192        7.7361
 193        7.7361
 194        7.7361
 195        7.7361
 196        7.7362
 197        8.3963
 198        8.3963
 199        8.3963
 200        8.3964
 201        8.3965
 202        8.4009
 203        8.7695
 204        8.7709
 205        8.7890
 206        9.3442
 207        9.3454
 208        9.3498
 209        9.3750
 210        9.6599
 211       10.3792
 212       10.4182
 
  0.1875000E+00  0.6250000E-01  0.6250000E-01  0.4687500E-01
   1       -4.2847
   2       -3.1413
   3       -3.1338
   4       -3.1338
   5       -3.1270
   6       -3.1069
   7       -3.1069
   8       -3.0971
   9       -3.0467
  10       -3.0365
  11       -3.0340
  12       -3.0340
  13       -2.7681
  14       -2.7681
  15       -2.7420
  16       -2.6800
  17       -2.6800
  18       -2.6552
  19       -2.6076
  20       -2.6076
  21       -2.5194
  22       -2.5194
  23       -2.5133
  24       -2.5133
  25       -2.5100
  26       -2.5100
  27       -2.4988
  28       -2.4622
  29       -2.4622
  30       -2.4528
  31       -2.3965
  32       -2.3965
  33       -2.3745
  34       -2.3745
  35       -2.3613
  36       -2.3613
  37       -2.3344
  38       -2.3344
  39       -2.2948
  40       -2.2851
  41       -2.2851
  42       -2.2707
  43       -2.2707
  44       -2.1535
  45       -2.1535
  46       -2.1512
  47       -2.1512
  48       -2.0945
  49       -2.0945
  50       -2.0900
  51       -2.0900
  52       -2.0889
  53       -2.0889
  54       -2.0298
  55       -2.0106
  56       -2.0106
  57       -1.9979
  58       -1.9979
  59       -1.9686
  60       -1.9217
  61       -1.9217
  62       -1.8999
  63       -1.8999
  64       -1.8716
  65       -1.8602
  66       -1.8602
  67       -1.8539
  68       -1.8415
  69       -1.8415
  70       -1.8397
  71       -1.8397
  72       -1.8321
  73       -1.8168
  74       -1.7985
  75       -1.7985
  76       -1.7935
  77       -1.7922
  78       -1.7918
  79       -1.7783
  80       -1.7783
  81       -1.7104
  82       -1.7104
  83       -1.6312
  84       -1.6312
  85       -1.5833
  86       -1.5833
  87       -1.5426
  88       -1.5276
  89       -1.4033
  90       -1.4033
  91       -1.4025
  92       -1.3709
  93       -1.3339
  94       -1.3276
  95       -1.3276
  96       -1.3244
  97       -1.2708
  98       -1.2708
  99       -1.2602
 100       -1.2602
 101       -1.1853
 102       -1.1853
 103       -1.1819
 104       -1.1819
 105       -1.1599
 106       -1.1599
 107       -1.1377
 108       -1.1377
 109       -1.1365
 110       -1.0656
 111       -1.0656
 112       -1.0287
 113       -1.0287
 114       -0.9883
 115       -0.9501
 116       -0.9405
 117       -0.9405
 118       -0.9341
 119       -0.9341
 120       -0.9262
 121       -0.9262
 122       -0.8986
 123       -0.8886
 124       -0.8649
 125       -0.8649
 126       -0.8551
 127       -0.8197
 128       -0.8197
 129       -0.8072
 130       -0.8072
 131       -0.7879
 132       -0.7879
 133       -0.7574
 134       -0.7496
 135       -0.7496
 136       -0.7354
 137       -0.6288
 138       -0.6288
 139       -0.6042
 140       -0.6042
 141       -0.5397
 142       -0.4608
 143       -0.4452
 144       -0.4452
 145       -0.3694
 146       -0.3694
 147       -0.3586
 148       -0.3502
 149       -0.3481
 150       -0.3413
 151       -0.3413
 152       -0.3102
 153       -0.3082
 154       -0.3082
 155       -0.2661
 156       -0.2661
 157       -0.1967
 158       -0.1772
 159       -0.1772
 160       -0.1765
 161       -0.1765
 162       -0.1681
 163       -0.1313
 164       -0.1313
 165       -0.1312
 166       -0.1312
 167       -0.0455
 168        1.0276
 169        1.0276
 170        1.5224
 171        1.5560
 172        1.5560
 173        2.0305
 174        2.0876
 175        2.0876
 176        2.5015
 177        2.5015
 178        2.6655
 179        2.6979
 180        2.6979
 181        2.7753
 182        3.2794
 183        3.2794
 184        3.8226
 185        4.5260
 186        4.5260
 187        5.8159
 188        6.0628
 189        6.0628
 190        6.4722
 191        6.8915
 192        6.8915
 193        7.0784
 194        7.0784
 195        7.4826
 196        7.4826
 197        7.8527
 198        7.8527
 199        8.5119
 200        8.5122
 201        8.7864
 202        8.7963
 203        8.9382
 204        8.9523
 205        9.2939
 206        9.4113
 207        9.4331
 208        9.4710
 209        9.6739
 210        9.7275
 211        9.8165
 212        9.8858
 
  0.3125000E+00  0.6250000E-01  0.6250000E-01  0.4687500E-01
   1       -4.1365
   2       -3.3382
   3       -3.0854
   4       -3.0667
   5       -3.0635
   6       -3.0635
   7       -3.0377
   8       -3.0377
   9       -3.0191
  10       -3.0038
  11       -2.9653
  12       -2.9653
  13       -2.8185
  14       -2.7637
  15       -2.7187
  16       -2.7187
  17       -2.6837
  18       -2.6837
  19       -2.6837
  20       -2.6420
  21       -2.6420
  22       -2.6164
  23       -2.6025
  24       -2.6025
  25       -2.5666
  26       -2.5666
  27       -2.4830
  28       -2.4830
  29       -2.4605
  30       -2.4605
  31       -2.4512
  32       -2.4512
  33       -2.3883
  34       -2.3883
  35       -2.3844
  36       -2.3844
  37       -2.3563
  38       -2.3563
  39       -2.3392
  40       -2.3392
  41       -2.2584
  42       -2.2584
  43       -2.1780
  44       -2.1494
  45       -2.1494
  46       -2.1458
  47       -2.1458
  48       -2.1383
  49       -2.1383
  50       -2.1274
  51       -2.1274
  52       -2.1159
  53       -2.1159
  54       -2.0101
  55       -2.0053
  56       -2.0053
  57       -1.9725
  58       -1.9725
  59       -1.9492
  60       -1.9492
  61       -1.9283
  62       -1.9283
  63       -1.9148
  64       -1.9049
  65       -1.9040
  66       -1.8990
  67       -1.8990
  68       -1.8941
  69       -1.8941
  70       -1.8812
  71       -1.8812
  72       -1.8509
  73       -1.8509
  74       -1.8406
  75       -1.7743
  76       -1.7710
  77       -1.7710
  78       -1.7472
  79       -1.7472
  80       -1.7435
  81       -1.7425
  82       -1.7344
  83       -1.5582
  84       -1.5582
  85       -1.5163
  86       -1.4887
  87       -1.4887
  88       -1.4696
  89       -1.4672
  90       -1.4672
  91       -1.4582
  92       -1.4461
  93       -1.3411
  94       -1.3411
  95       -1.3161
  96       -1.3044
  97       -1.3044
  98       -1.2837
  99       -1.2122
 100       -1.2122
 101       -1.1986
 102       -1.1901
 103       -1.1901
 104       -1.0985
 105       -1.0985
 106       -1.0846
 107       -1.0846
 108       -1.0608
 109       -1.0608
 110       -1.0472
 111       -1.0472
 112       -1.0372
 113       -1.0346
 114       -1.0346
 115       -0.9492
 116       -0.9492
 117       -0.9283
 118       -0.9283
 119       -0.9263
 120       -0.9204
 121       -0.9204
 122       -0.8303
 123       -0.8303
 124       -0.7945
 125       -0.7666
 126       -0.7597
 127       -0.7597
 128       -0.7101
 129       -0.6962
 130       -0.6814
 131       -0.6814
 132       -0.6795
 133       -0.6795
 134       -0.6515
 135       -0.6515
 136       -0.6430
 137       -0.6328
 138       -0.6327
 139       -0.6327
 140       -0.6101
 141       -0.6101
 142       -0.5073
 143       -0.4913
 144       -0.4913
 145       -0.4740
 146       -0.4229
 147       -0.4210
 148       -0.4210
 149       -0.3831
 150       -0.3831
 151       -0.3826
 152       -0.3621
 153       -0.3621
 154       -0.3582
 155       -0.2808
 156       -0.2627
 157       -0.2627
 158       -0.2617
 159       -0.2617
 160       -0.2403
 161       -0.1315
 162       -0.1315
 163       -0.1313
 164       -0.1313
 165       -0.0335
 166       -0.0335
 167        0.6050
 168        0.6050
 169        0.6254
 170        1.0985
 171        1.0985
 172        1.5472
 173        1.8193
 174        2.1303
 175        2.1303
 176        2.3933
 177        2.3933
 178        2.7154
 179        2.8559
 180        3.0502
 181        3.4068
 182        3.4068
 183        3.9913
 184        3.9913
 185        4.8601
 186        4.8601
 187        5.9532
 188        5.9532
 189        6.1268
 190        6.4425
 191        6.4425
 192        6.5352
 193        6.5352
 194        6.5513
 195        6.5513
 196        7.0581
 197        8.0669
 198        8.0669
 199        8.2856
 200        8.7198
 201        8.7245
 202        8.8212
 203        8.8264
 204        8.8606
 205        8.8661
 206        9.0218
 207        9.0601
 208        9.2599
 209        9.3229
 210        9.6782
 211        9.8346
 212        9.8890
 
  0.4375000E+00  0.6250000E-01  0.6250000E-01  0.4687500E-01
   1       -3.9205
   2       -3.6473
   3       -3.0071
   4       -2.9717
   5       -2.9645
   6       -2.9645
   7       -2.9410
   8       -2.9354
   9       -2.9354
  10       -2.9140
  11       -2.9102
  12       -2.8632
  13       -2.8632
  14       -2.8601
  15       -2.8451
  16       -2.8451
  17       -2.8432
  18       -2.8023
  19       -2.8023
  20       -2.7738
  21       -2.7296
  22       -2.7296
  23       -2.5750
  24       -2.5750
  25       -2.5088
  26       -2.5088
  27       -2.4670
  28       -2.4670
  29       -2.4439
  30       -2.4439
  31       -2.4190
  32       -2.4190
  33       -2.4128
  34       -2.4128
  35       -2.3715
  36       -2.3715
  37       -2.3705
  38       -2.3705
  39       -2.2954
  40       -2.2954
  41       -2.2908
  42       -2.2908
  43       -2.2419
  44       -2.2419
  45       -2.2157
  46       -2.2157
  47       -2.1557
  48       -2.1557
  49       -2.1524
  50       -2.1524
  51       -2.1170
  52       -2.1170
  53       -2.0709
  54       -2.0612
  55       -2.0612
  56       -1.9785
  57       -1.9783
  58       -1.9705
  59       -1.9705
  60       -1.9683
  61       -1.9683
  62       -1.9411
  63       -1.9398
  64       -1.9398
  65       -1.9087
  66       -1.9087
  67       -1.8878
  68       -1.8878
  69       -1.8822
  70       -1.8793
  71       -1.8793
  72       -1.8579
  73       -1.8085
  74       -1.8085
  75       -1.7618
  76       -1.7618
  77       -1.7081
  78       -1.6831
  79       -1.6831
  80       -1.6736
  81       -1.6736
  82       -1.6695
  83       -1.6695
  84       -1.6547
  85       -1.6543
  86       -1.6543
  87       -1.6208
  88       -1.5816
  89       -1.5816
  90       -1.5751
  91       -1.5741
  92       -1.5567
  93       -1.1968
  94       -1.1968
  95       -1.1939
  96       -1.1939
  97       -1.1660
  98       -1.1014
  99       -1.0765
 100       -1.0677
 101       -1.0677
 102       -1.0534
 103       -1.0534
 104       -1.0428
 105       -1.0428
 106       -1.0420
 107       -1.0420
 108       -1.0283
 109       -1.0283
 110       -1.0051
 111       -0.9850
 112       -0.9850
 113       -0.9820
 114       -0.9820
 115       -0.9789
 116       -0.9789
 117       -0.9440
 118       -0.9440
 119       -0.8974
 120       -0.8974
 121       -0.8916
 122       -0.8471
 123       -0.8447
 124       -0.8447
 125       -0.8435
 126       -0.8247
 127       -0.8247
 128       -0.7563
 129       -0.7563
 130       -0.7507
 131       -0.7507
 132       -0.7340
 133       -0.6390
 134       -0.6390
 135       -0.6372
 136       -0.5556
 137       -0.5556
 138       -0.5530
 139       -0.5450
 140       -0.5308
 141       -0.5232
 142       -0.5232
 143       -0.5204
 144       -0.5110
 145       -0.5110
 146       -0.5042
 147       -0.5042
 148       -0.4471
 149       -0.4471
 150       -0.4454
 151       -0.4334
 152       -0.4068
 153       -0.3994
 154       -0.3771
 155       -0.3771
 156       -0.3762
 157       -0.3762
 158       -0.3285
 159       -0.1315
 160       -0.1315
 161       -0.1314
 162       -0.1314
 163       -0.0951
 164       -0.0951
 165        0.2335
 166        0.2335
 167        0.3095
 168        0.3095
 169        0.6855
 170        0.6855
 171        1.3895
 172        1.5944
 173        1.6786
 174        2.1962
 175        2.1962
 176        2.2120
 177        2.2856
 178        2.2856
 179        2.7800
 180        2.8396
 181        4.1908
 182        4.1908
 183        4.7744
 184        4.7744
 185        5.0436
 186        5.0436
 187        5.3112
 188        5.3112
 189        5.6253
 190        5.6253
 191        5.8469
 192        5.8469
 193        6.6857
 194        7.2049
 195        7.2049
 196        7.4229
 197        7.7609
 198        7.9831
 199        7.9834
 200        8.3763
 201        8.3847
 202        8.5651
 203        8.7667
 204        8.7711
 205        8.8742
 206        8.8931
 207        8.9441
 208        8.9634
 209        9.0266
 210        9.3046
 211        9.8896
 212       10.3313
 
  0.1875000E+00  0.1875000E+00  0.6250000E-01  0.4687500E-01
   1       -4.2107
   2       -3.1134
   3       -3.1056
   4       -3.1047
   5       -3.1047
   6       -3.0834
   7       -3.0544
   8       -3.0544
   9       -3.0126
  10       -3.0126
  11       -2.9929
  12       -2.9874
  13       -2.9874
  14       -2.7467
  15       -2.7037
  16       -2.7037
  17       -2.6717
  18       -2.6253
  19       -2.6253
  20       -2.6026
  21       -2.6026
  22       -2.5749
  23       -2.5749
  24       -2.5344
  25       -2.5344
  26       -2.4895
  27       -2.4895
  28       -2.4841
  29       -2.4841
  30       -2.4574
  31       -2.4463
  32       -2.4463
  33       -2.4412
  34       -2.4208
  35       -2.4208
  36       -2.4078
  37       -2.3646
  38       -2.3646
  39       -2.3538
  40       -2.3430
  41       -2.3430
  42       -2.2791
  43       -2.2791
  44       -2.2673
  45       -2.2673
  46       -2.1747
  47       -2.1747
  48       -2.1019
  49       -2.0764
  50       -2.0764
  51       -2.0738
  52       -2.0738
  53       -2.0568
  54       -2.0568
  55       -1.9754
  56       -1.9754
  57       -1.9740
  58       -1.9740
  59       -1.9393
  60       -1.9393
  61       -1.9358
  62       -1.8985
  63       -1.8985
  64       -1.8914
  65       -1.8914
  66       -1.8641
  67       -1.8640
  68       -1.8258
  69       -1.7990
  70       -1.7830
  71       -1.7828
  72       -1.7737
  73       -1.7694
  74       -1.7547
  75       -1.7547
  76       -1.7143
  77       -1.7143
  78       -1.6713
  79       -1.6713
  80       -1.6709
  81       -1.6709
  82       -1.6421
  83       -1.6367
  84       -1.6367
  85       -1.6118
  86       -1.6118
  87       -1.5998
  88       -1.5998
  89       -1.4748
  90       -1.4748
  91       -1.4733
  92       -1.3780
  93       -1.3780
  94       -1.3445
  95       -1.3308
  96       -1.3308
  97       -1.3271
  98       -1.2758
  99       -1.2758
 100       -1.2632
 101       -1.2632
 102       -1.2495
 103       -1.2297
 104       -1.2297
 105       -1.1570
 106       -1.1521
 107       -1.1154
 108       -1.0784
 109       -1.0784
 110       -1.0449
 111       -1.0449
 112       -1.0315
 113       -1.0315
 114       -0.9948
 115       -0.9548
 116       -0.9407
 117       -0.9407
 118       -0.9323
 119       -0.9323
 120       -0.8775
 121       -0.8775
 122       -0.8662
 123       -0.8662
 124       -0.8555
 125       -0.8555
 126       -0.8036
 127       -0.8036
 128       -0.8002
 129       -0.8002
 130       -0.7063
 131       -0.7063
 132       -0.6920
 133       -0.6920
 134       -0.6852
 135       -0.6710
 136       -0.6710
 137       -0.6400
 138       -0.6259
 139       -0.5846
 140       -0.5846
 141       -0.5487
 142       -0.5446
 143       -0.5305
 144       -0.5305
 145       -0.4417
 146       -0.4065
 147       -0.4065
 148       -0.4023
 149       -0.3516
 150       -0.3344
 151       -0.3012
 152       -0.3012
 153       -0.2949
 154       -0.2905
 155       -0.2905
 156       -0.2321
 157       -0.2125
 158       -0.2125
 159       -0.1777
 160       -0.1777
 161       -0.1757
 162       -0.1757
 163       -0.1691
 164       -0.1691
 165       -0.1562
 166        0.1628
 167        0.1628
 168        0.5806
 169        1.0306
 170        1.0306
 171        1.5739
 172        1.5739
 173        1.6240
 174        2.1706
 175        2.1706
 176        2.2173
 177        2.7306
 178        2.7306
 179        2.9595
 180        2.9595
 181        3.3134
 182        3.3134
 183        3.9219
 184        3.9938
 185        3.9938
 186        4.6989
 187        5.8368
 188        5.8368
 189        6.3097
 190        6.3097
 191        6.5087
 192        6.9889
 193        6.9889
 194        7.0111
 195        7.1970
 196        7.1970
 197        7.5818
 198        7.5818
 199        8.0762
 200        8.0764
 201        8.7153
 202        8.7179
 203        8.8120
 204        9.1461
 205        9.1563
 206        9.2426
 207        9.2897
 208        9.3811
 209        9.4635
 210        9.4816
 211        9.6054
 212       10.3866
 
  0.3125000E+00  0.1875000E+00  0.6250000E-01  0.9375000E-01
   1       -4.0650
   2       -3.2826
   3       -3.0653
   4       -3.0487
   5       -3.0487
   6       -3.0343
   7       -3.0265
   8       -2.9800
   9       -2.9715
  10       -2.9702
  11       -2.9445
  12       -2.9140
  13       -2.8946
  14       -2.7830
  15       -2.7307
  16       -2.7262
  17       -2.7151
  18       -2.7094
  19       -2.6872
  20       -2.6630
  21       -2.6498
  22       -2.6374
  23       -2.5921
  24       -2.5894
  25       -2.5835
  26       -2.5732
  27       -2.5585
  28       -2.5519
  29       -2.5217
  30       -2.5120
  31       -2.5113
  32       -2.5077
  33       -2.5020
  34       -2.4569
  35       -2.4370
  36       -2.4321
  37       -2.3728
  38       -2.3650
  39       -2.3553
  40       -2.3454
  41       -2.2819
  42       -2.2813
  43       -2.2685
  44       -2.2492
  45       -2.2136
  46       -2.1991
  47       -2.1662
  48       -2.1592
  49       -2.1539
  50       -2.1369
  51       -2.1249
  52       -2.1033
  53       -2.0601
  54       -2.0475
  55       -1.9828
  56       -1.9822
  57       -1.9431
  58       -1.9355
  59       -1.9337
  60       -1.9335
  61       -1.9267
  62       -1.9080
  63       -1.9059
  64       -1.8785
  65       -1.8746
  66       -1.8735
  67       -1.8710
  68       -1.8459
  69       -1.8235
  70       -1.7628
  71       -1.7562
  72       -1.7467
  73       -1.7406
  74       -1.7396
  75       -1.7378
  76       -1.7265
  77       -1.7242
  78       -1.6923
  79       -1.6881
  80       -1.6729
  81       -1.6556
  82       -1.6494
  83       -1.5863
  84       -1.5735
  85       -1.5492
  86       -1.5410
  87       -1.5162
  88       -1.4997
  89       -1.4936
  90       -1.4618
  91       -1.4190
  92       -1.3955
  93       -1.3556
  94       -1.3462
  95       -1.3444
  96       -1.3342
  97       -1.3338
  98       -1.3331
  99       -1.3167
 100       -1.3141
 101       -1.3083
 102       -1.2848
 103       -1.2337
 104       -1.1784
 105       -1.1753
 106       -1.1572
 107       -1.1409
 108       -1.1357
 109       -1.0821
 110       -1.0352
 111       -0.9936
 112       -0.9718
 113       -0.9588
 114       -0.9549
 115       -0.9497
 116       -0.9336
 117       -0.9045
 118       -0.8980
 119       -0.8975
 120       -0.8730
 121       -0.8471
 122       -0.7841
 123       -0.7807
 124       -0.7792
 125       -0.7782
 126       -0.7587
 127       -0.7586
 128       -0.7526
 129       -0.7449
 130       -0.7164
 131       -0.7049
 132       -0.6783
 133       -0.6555
 134       -0.6547
 135       -0.5956
 136       -0.5885
 137       -0.5869
 138       -0.5754
 139       -0.5751
 140       -0.5735
 141       -0.5690
 142       -0.5674
 143       -0.5672
 144       -0.5514
 145       -0.5396
 146       -0.4817
 147       -0.4628
 148       -0.4522
 149       -0.3978
 150       -0.3896
 151       -0.3867
 152       -0.3407
 153       -0.3282
 154       -0.3254
 155       -0.3238
 156       -0.2787
 157       -0.2779
 158       -0.2622
 159       -0.2598
 160       -0.2356
 161       -0.1777
 162       -0.1748
 163       -0.1709
 164       -0.1697
 165        0.0202
 166        0.2046
 167        0.4779
 168        0.6036
 169        0.8137
 170        1.0420
 171        1.1167
 172        1.3302
 173        1.6139
 174        1.6901
 175        1.9774
 176        2.7930
 177        2.8702
 178        3.0103
 179        3.2164
 180        3.2960
 181        3.3725
 182        3.4518
 183        4.0339
 184        4.3071
 185        4.6301
 186        5.0211
 187        5.3966
 188        5.7460
 189        5.8851
 190        6.0352
 191        6.1557
 192        6.5693
 193        6.6051
 194        7.1003
 195        7.1436
 196        7.1943
 197        7.4264
 198        7.6532
 199        7.7673
 200        7.7720
 201        8.2417
 202        8.3314
 203        8.6136
 204        8.6355
 205        8.8197
 206        8.8430
 207        9.4063
 208        9.4277
 209        9.5033
 210        9.5545
 211        9.7215
 212       10.2023
 
  0.4375000E+00  0.1875000E+00  0.6250000E-01  0.9375000E-01
   1       -3.8529
   2       -3.5850
   3       -2.9826
   4       -2.9706
   5       -2.9635
   6       -2.9366
   7       -2.9352
   8       -2.9079
   9       -2.8781
  10       -2.8757
  11       -2.8655
  12       -2.8614
  13       -2.8532
  14       -2.8434
  15       -2.8269
  16       -2.8151
  17       -2.8149
  18       -2.8028
  19       -2.7703
  20       -2.7440
  21       -2.7289
  22       -2.7116
  23       -2.6664
  24       -2.6639
  25       -2.6336
  26       -2.6170
  27       -2.6138
  28       -2.5740
  29       -2.5684
  30       -2.5574
  31       -2.5452
  32       -2.4664
  33       -2.4476
  34       -2.4311
  35       -2.4276
  36       -2.4217
  37       -2.3520
  38       -2.3277
  39       -2.3197
  40       -2.3167
  41       -2.3014
  42       -2.2653
  43       -2.2639
  44       -2.2563
  45       -2.2173
  46       -2.2086
  47       -2.1981
  48       -2.1933
  49       -2.1637
  50       -2.1595
  51       -2.1457
  52       -2.0873
  53       -2.0631
  54       -2.0542
  55       -2.0318
  56       -2.0126
  57       -2.0057
  58       -1.9897
  59       -1.9746
  60       -1.9732
  61       -1.9108
  62       -1.9093
  63       -1.8904
  64       -1.8448
  65       -1.8427
  66       -1.8283
  67       -1.8234
  68       -1.8035
  69       -1.7997
  70       -1.7942
  71       -1.7652
  72       -1.7515
  73       -1.7375
  74       -1.7084
  75       -1.7053
  76       -1.6934
  77       -1.6722
  78       -1.6696
  79       -1.6694
  80       -1.6607
  81       -1.6591
  82       -1.6588
  83       -1.6417
  84       -1.6268
  85       -1.6095
  86       -1.6011
  87       -1.5822
  88       -1.5777
  89       -1.5755
  90       -1.5429
  91       -1.5158
  92       -1.4988
  93       -1.3326
  94       -1.3238
  95       -1.3238
  96       -1.3059
  97       -1.2045
  98       -1.1812
  99       -1.1748
 100       -1.1648
 101       -1.1631
 102       -1.1434
 103       -1.1136
 104       -1.1084
 105       -1.0929
 106       -1.0918
 107       -1.0678
 108       -1.0678
 109       -1.0552
 110       -1.0363
 111       -1.0223
 112       -1.0086
 113       -0.9956
 114       -0.9619
 115       -0.9555
 116       -0.9480
 117       -0.9290
 118       -0.9046
 119       -0.8947
 120       -0.8854
 121       -0.8837
 122       -0.8533
 123       -0.8432
 124       -0.8256
 125       -0.8253
 126       -0.8012
 127       -0.7882
 128       -0.7462
 129       -0.7332
 130       -0.7154
 131       -0.6788
 132       -0.6632
 133       -0.6374
 134       -0.6347
 135       -0.6210
 136       -0.6056
 137       -0.5925
 138       -0.5542
 139       -0.5537
 140       -0.5177
 141       -0.5101
 142       -0.5026
 143       -0.5007
 144       -0.4871
 145       -0.4676
 146       -0.4671
 147       -0.4655
 148       -0.4648
 149       -0.4278
 150       -0.4032
 151       -0.3854
 152       -0.3808
 153       -0.3805
 154       -0.3790
 155       -0.3749
 156       -0.3709
 157       -0.3658
 158       -0.3648
 159       -0.3102
 160       -0.1771
 161       -0.1750
 162       -0.1738
 163       -0.1725
 164       -0.1126
 165       -0.0972
 166        0.2309
 167        0.3421
 168        0.7080
 169        0.8451
 170        1.0754
 171        1.1580
 172        1.2496
 173        1.5646
 174        1.6853
 175        1.8017
 176        2.3797
 177        2.8768
 178        2.9625
 179        3.4321
 180        3.4371
 181        3.6488
 182        4.2479
 183        4.4965
 184        4.7242
 185        4.8262
 186        5.1127
 187        5.2119
 188        5.4054
 189        5.4596
 190        5.6865
 191        5.9837
 192        6.2457
 193        6.2692
 194        6.7235
 195        6.9300
 196        7.4663
 197        7.4710
 198        7.7533
 199        7.8059
 200        7.8243
 201        8.0469
 202        8.1615
 203        8.3846
 204        8.3975
 205        8.6070
 206        8.8712
 207        8.8743
 208        9.2360
 209        9.6480
 210        9.6765
 211        9.7042
 212        9.8403
 
  0.3125000E+00  0.3125000E+00  0.6250000E-01  0.4687500E-01
   1       -3.9244
   2       -3.1759
   3       -3.1759
   4       -3.0322
   5       -3.0089
   6       -2.9850
   7       -2.9783
   8       -2.9783
   9       -2.9031
  10       -2.9031
  11       -2.8962
  12       -2.8962
  13       -2.8242
  14       -2.7367
  15       -2.7367
  16       -2.7346
  17       -2.7234
  18       -2.7234
  19       -2.7204
  20       -2.7204
  21       -2.6822
  22       -2.6807
  23       -2.6807
  24       -2.6718
  25       -2.6591
  26       -2.6591
  27       -2.6272
  28       -2.6272
  29       -2.5923
  30       -2.5407
  31       -2.5407
  32       -2.5266
  33       -2.5266
  34       -2.5217
  35       -2.5217
  36       -2.4226
  37       -2.4226
  38       -2.4158
  39       -2.4158
  40       -2.4106
  41       -2.4106
  42       -2.2696
  43       -2.2696
  44       -2.2589
  45       -2.2589
  46       -2.2127
  47       -2.1460
  48       -2.1460
  49       -2.1351
  50       -2.1351
  51       -2.1251
  52       -2.1251
  53       -2.1241
  54       -2.1096
  55       -2.0655
  56       -1.9917
  57       -1.9917
  58       -1.9260
  59       -1.8910
  60       -1.8910
  61       -1.8749
  62       -1.8407
  63       -1.8407
  64       -1.8296
  65       -1.8296
  66       -1.8180
  67       -1.7791
  68       -1.7791
  69       -1.7246
  70       -1.7168
  71       -1.6879
  72       -1.6815
  73       -1.6607
  74       -1.6607
  75       -1.6426
  76       -1.6328
  77       -1.6150
  78       -1.6150
  79       -1.5998
  80       -1.5998
  81       -1.5993
  82       -1.5722
  83       -1.5648
  84       -1.5648
  85       -1.5538
  86       -1.5538
  87       -1.4880
  88       -1.4880
  89       -1.4878
  90       -1.4878
  91       -1.4620
  92       -1.4620
  93       -1.4200
  94       -1.4200
  95       -1.3873
  96       -1.3873
  97       -1.3836
  98       -1.3647
  99       -1.3519
 100       -1.3519
 101       -1.2841
 102       -1.2841
 103       -1.2572
 104       -1.2487
 105       -1.2487
 106       -1.2284
 107       -1.1417
 108       -1.1417
 109       -1.1060
 110       -1.1060
 111       -1.0530
 112       -1.0189
 113       -1.0175
 114       -1.0175
 115       -0.9265
 116       -0.9265
 117       -0.9228
 118       -0.8928
 119       -0.8448
 120       -0.8448
 121       -0.8156
 122       -0.8156
 123       -0.7611
 124       -0.7313
 125       -0.7313
 126       -0.7307
 127       -0.7307
 128       -0.7167
 129       -0.7167
 130       -0.7133
 131       -0.7133
 132       -0.6850
 133       -0.6850
 134       -0.6690
 135       -0.6405
 136       -0.6405
 137       -0.5919
 138       -0.5919
 139       -0.5601
 140       -0.5367
 141       -0.5283
 142       -0.4847
 143       -0.4847
 144       -0.4825
 145       -0.4825
 146       -0.4773
 147       -0.4773
 148       -0.4695
 149       -0.4056
 150       -0.4056
 151       -0.3764
 152       -0.3208
 153       -0.3208
 154       -0.3143
 155       -0.3128
 156       -0.3088
 157       -0.3088
 158       -0.2595
 159       -0.2595
 160       -0.2572
 161       -0.2572
 162       -0.2424
 163       -0.2424
 164       -0.2120
 165       -0.1163
 166        0.1722
 167        0.6085
 168        0.6085
 169        0.9631
 170        1.1219
 171        1.1219
 172        1.1611
 173        1.1611
 174        1.6426
 175        2.3753
 176        2.3753
 177        3.5164
 178        3.5164
 179        3.5334
 180        3.5334
 181        3.5972
 182        3.5972
 183        4.1010
 184        4.1010
 185        4.8661
 186        4.8661
 187        5.3243
 188        5.3283
 189        5.9322
 190        5.9322
 191        6.1448
 192        6.1448
 193        6.8135
 194        6.8135
 195        6.8648
 196        6.8648
 197        7.3073
 198        7.3073
 199        7.7477
 200        7.7756
 201        7.7756
 202        7.8607
 203        7.8607
 204        8.0887
 205        8.3267
 206        8.8480
 207        9.3870
 208        9.3916
 209        9.9324
 210       10.0282
 211       10.1837
 212       10.2391
 
  0.4375000E+00  0.3125000E+00  0.6250000E-01  0.9375000E-01
   1       -3.7204
   2       -3.4640
   3       -3.0274
   4       -2.9667
   5       -2.9403
   6       -2.9134
   7       -2.9011
   8       -2.8794
   9       -2.8682
  10       -2.8525
  11       -2.8436
  12       -2.8410
  13       -2.8120
  14       -2.8117
  15       -2.8033
  16       -2.7950
  17       -2.7900
  18       -2.7584
  19       -2.7579
  20       -2.7481
  21       -2.7480
  22       -2.7058
  23       -2.7018
  24       -2.6953
  25       -2.6931
  26       -2.6746
  27       -2.6704
  28       -2.6674
  29       -2.6586
  30       -2.6381
  31       -2.5681
  32       -2.5486
  33       -2.5484
  34       -2.5363
  35       -2.4883
  36       -2.4755
  37       -2.4706
  38       -2.4562
  39       -2.4339
  40       -2.4090
  41       -2.3929
  42       -2.3817
  43       -2.3105
  44       -2.2961
  45       -2.2587
  46       -2.2253
  47       -2.1970
  48       -2.1860
  49       -2.1238
  50       -2.1091
  51       -2.0982
  52       -2.0936
  53       -2.0530
  54       -2.0499
  55       -2.0492
  56       -2.0437
  57       -1.9769
  58       -1.9460
  59       -1.9013
  60       -1.8837
  61       -1.8780
  62       -1.8139
  63       -1.8134
  64       -1.7797
  65       -1.7544
  66       -1.7386
  67       -1.7224
  68       -1.7130
  69       -1.7061
  70       -1.6808
  71       -1.6711
  72       -1.6690
  73       -1.6590
  74       -1.6379
  75       -1.6299
  76       -1.6291
  77       -1.6180
  78       -1.6046
  79       -1.6013
  80       -1.5970
  81       -1.5928
  82       -1.5876
  83       -1.5824
  84       -1.5718
  85       -1.5564
  86       -1.5234
  87       -1.5229
  88       -1.5190
  89       -1.4534
  90       -1.4422
  91       -1.4416
  92       -1.4374
  93       -1.4278
  94       -1.4132
  95       -1.4130
  96       -1.3919
  97       -1.3422
  98       -1.3199
  99       -1.3130
 100       -1.2872
 101       -1.2795
 102       -1.2441
 103       -1.2164
 104       -1.1919
 105       -1.1914
 106       -1.1656
 107       -1.1320
 108       -1.1302
 109       -1.1233
 110       -1.1119
 111       -1.1069
 112       -1.1055
 113       -1.0985
 114       -1.0956
 115       -1.0842
 116       -0.9877
 117       -0.9739
 118       -0.9421
 119       -0.9414
 120       -0.8788
 121       -0.8750
 122       -0.8713
 123       -0.8199
 124       -0.8096
 125       -0.7712
 126       -0.7677
 127       -0.7359
 128       -0.7300
 129       -0.7107
 130       -0.6528
 131       -0.6112
 132       -0.6076
 133       -0.5992
 134       -0.5828
 135       -0.5763
 136       -0.5704
 137       -0.5679
 138       -0.5347
 139       -0.5216
 140       -0.5018
 141       -0.4952
 142       -0.4709
 143       -0.4586
 144       -0.4556
 145       -0.4539
 146       -0.4408
 147       -0.4120
 148       -0.4085
 149       -0.4074
 150       -0.4019
 151       -0.4014
 152       -0.3737
 153       -0.3700
 154       -0.3585
 155       -0.3568
 156       -0.3534
 157       -0.3517
 158       -0.3503
 159       -0.3459
 160       -0.3263
 161       -0.2538
 162       -0.2528
 163       -0.2490
 164       -0.2387
 165       -0.0755
 166        0.2380
 167        0.4318
 168        0.6404
 169        0.7406
 170        0.7668
 171        1.2483
 172        1.4018
 173        1.4975
 174        1.8652
 175        1.9178
 176        2.6767
 177        3.1439
 178        3.6289
 179        3.6841
 180        3.9103
 181        3.9817
 182        4.0085
 183        4.1370
 184        4.3467
 185        4.3669
 186        4.8944
 187        5.2249
 188        5.7179
 189        5.7417
 190        6.0193
 191        6.0883
 192        6.2457
 193        6.3352
 194        6.5189
 195        6.6236
 196        6.9056
 197        6.9138
 198        7.0142
 199        7.1130
 200        7.1640
 201        7.4520
 202        7.5922
 203        8.3954
 204        8.4808
 205        8.7907
 206        9.0742
 207        9.2963
 208        9.3110
 209        9.4905
 210        9.5607
 211        9.6966
 212       10.2151
 
  0.4375000E+00  0.4375000E+00  0.6250000E-01  0.4687500E-01
   1       -3.5295
   2       -3.2918
   3       -3.2918
   4       -3.0813
   5       -2.9229
   6       -2.8888
   7       -2.8653
   8       -2.8503
   9       -2.8503
  10       -2.8105
  11       -2.8086
  12       -2.8086
  13       -2.8044
  14       -2.8044
  15       -2.7920
  16       -2.7920
  17       -2.7539
  18       -2.7469
  19       -2.7409
  20       -2.7409
  21       -2.7219
  22       -2.7219
  23       -2.6972
  24       -2.6972
  25       -2.6848
  26       -2.6848
  27       -2.6532
  28       -2.6532
  29       -2.6138
  30       -2.6138
  31       -2.6094
  32       -2.6094
  33       -2.5895
  34       -2.5895
  35       -2.5850
  36       -2.5850
  37       -2.5840
  38       -2.5220
  39       -2.5220
  40       -2.4965
  41       -2.4965
  42       -2.4475
  43       -2.4475
  44       -2.3149
  45       -2.2395
  46       -2.2395
  47       -2.1737
  48       -2.1737
  49       -2.1702
  50       -2.1702
  51       -2.1128
  52       -2.1128
  53       -2.0693
  54       -2.0515
  55       -2.0515
  56       -2.0006
  57       -1.9082
  58       -1.8680
  59       -1.8655
  60       -1.8655
  61       -1.7996
  62       -1.7854
  63       -1.7854
  64       -1.7686
  65       -1.6953
  66       -1.6499
  67       -1.6220
  68       -1.6191
  69       -1.6084
  70       -1.5837
  71       -1.5837
  72       -1.5765
  73       -1.5687
  74       -1.5687
  75       -1.5651
  76       -1.5651
  77       -1.5614
  78       -1.5614
  79       -1.5568
  80       -1.5519
  81       -1.5519
  82       -1.5048
  83       -1.4942
  84       -1.4882
  85       -1.4882
  86       -1.4606
  87       -1.4606
  88       -1.4586
  89       -1.4586
  90       -1.4467
  91       -1.4467
  92       -1.4255
  93       -1.4255
  94       -1.4199
  95       -1.4199
  96       -1.4106
  97       -1.3538
  98       -1.3471
  99       -1.3471
 100       -1.3174
 101       -1.3051
 102       -1.3051
 103       -1.2832
 104       -1.2832
 105       -1.2667
 106       -1.2667
 107       -1.2332
 108       -1.2332
 109       -1.2224
 110       -1.2175
 111       -1.2175
 112       -1.1926
 113       -1.1926
 114       -1.1923
 115       -1.1535
 116       -1.1535
 117       -1.1245
 118       -1.0803
 119       -1.0803
 120       -1.0212
 121       -0.8588
 122       -0.8199
 123       -0.7781
 124       -0.7781
 125       -0.7186
 126       -0.7186
 127       -0.6882
 128       -0.6683
 129       -0.6683
 130       -0.6185
 131       -0.6185
 132       -0.6001
 133       -0.6001
 134       -0.5720
 135       -0.5214
 136       -0.5214
 137       -0.5054
 138       -0.5054
 139       -0.4923
 140       -0.4824
 141       -0.4824
 142       -0.4454
 143       -0.4454
 144       -0.4299
 145       -0.4054
 146       -0.4052
 147       -0.4052
 148       -0.4027
 149       -0.3672
 150       -0.3672
 151       -0.3639
 152       -0.3639
 153       -0.3618
 154       -0.3618
 155       -0.3503
 156       -0.3498
 157       -0.3498
 158       -0.3477
 159       -0.3477
 160       -0.3428
 161       -0.3428
 162       -0.3352
 163       -0.3352
 164       -0.2959
 165        0.0407
 166        0.2902
 167        0.2902
 168        0.4467
 169        0.6110
 170        0.8874
 171        0.8874
 172        1.0956
 173        2.2442
 174        2.2442
 175        2.6745
 176        2.6745
 177        3.0600
 178        3.0600
 179        3.5004
 180        3.5004
 181        4.3813
 182        4.3813
 183        4.4378
 184        4.4378
 185        4.8336
 186        4.8336
 187        5.2500
 188        5.2500
 189        6.1046
 190        6.1046
 191        6.1345
 192        6.2497
 193        6.2497
 194        6.3940
 195        6.3940
 196        6.6139
 197        6.6139
 198        6.6394
 199        6.6394
 200        6.8209
 201        7.0759
 202        7.6126
 203        7.6126
 204        8.3179
 205        9.2269
 206        9.2735
 207        9.3259
 208        9.3283
 209        9.4819
 210        9.8953
 211       10.0698
 212       10.4897
 
  0.1875000E+00  0.1875000E+00  0.1875000E+00  0.1562500E-01
   1       -4.1382
   2       -3.1115
   3       -3.0777
   4       -3.0777
   5       -3.0777
   6       -3.0236
   7       -3.0236
   8       -3.0236
   9       -2.9706
  10       -2.9706
  11       -2.9706
  12       -2.9530
  13       -2.9530
  14       -2.9530
  15       -2.7035
  16       -2.7035
  17       -2.7035
  18       -2.5921
  19       -2.5921
  20       -2.5921
  21       -2.5745
  22       -2.5745
  23       -2.5745
  24       -2.5745
  25       -2.5745
  26       -2.5745
  27       -2.5608
  28       -2.5608
  29       -2.5608
  30       -2.4887
  31       -2.4887
  32       -2.4887
  33       -2.4436
  34       -2.4436
  35       -2.4436
  36       -2.4436
  37       -2.4436
  38       -2.4436
  39       -2.3359
  40       -2.3359
  41       -2.3359
  42       -2.3359
  43       -2.3359
  44       -2.3359
  45       -2.2473
  46       -2.2473
  47       -2.2473
  48       -2.0397
  49       -2.0397
  50       -2.0397
  51       -2.0397
  52       -2.0397
  53       -2.0397
  54       -2.0370
  55       -2.0370
  56       -2.0370
  57       -1.9226
  58       -1.9226
  59       -1.9226
  60       -1.9114
  61       -1.9114
  62       -1.9114
  63       -1.8694
  64       -1.7990
  65       -1.7990
  66       -1.7962
  67       -1.7962
  68       -1.7962
  69       -1.7962
  70       -1.7962
  71       -1.7962
  72       -1.7625
  73       -1.7625
  74       -1.7242
  75       -1.7242
  76       -1.7242
  77       -1.6666
  78       -1.6666
  79       -1.6666
  80       -1.6666
  81       -1.6666
  82       -1.6666
  83       -1.6047
  84       -1.6047
  85       -1.6047
  86       -1.5598
  87       -1.5598
  88       -1.5598
  89       -1.5219
  90       -1.5219
  91       -1.5219
  92       -1.4453
  93       -1.4453
  94       -1.4453
  95       -1.3744
  96       -1.3744
  97       -1.3744
  98       -1.2298
  99       -1.2298
 100       -1.2298
 101       -1.1678
 102       -1.1678
 103       -1.1678
 104       -1.1678
 105       -1.1678
 106       -1.1678
 107       -1.1594
 108       -1.1594
 109       -1.1594
 110       -1.0222
 111       -1.0222
 112       -1.0222
 113       -0.9791
 114       -0.9791
 115       -0.9767
 116       -0.9767
 117       -0.9767
 118       -0.9195
 119       -0.9195
 120       -0.9195
 121       -0.8778
 122       -0.8778
 123       -0.8778
 124       -0.8778
 125       -0.8778
 126       -0.8778
 127       -0.7053
 128       -0.7053
 129       -0.7053
 130       -0.6927
 131       -0.6927
 132       -0.6927
 133       -0.6731
 134       -0.6731
 135       -0.6731
 136       -0.6731
 137       -0.6731
 138       -0.6731
 139       -0.6150
 140       -0.6150
 141       -0.6150
 142       -0.4644
 143       -0.4644
 144       -0.4644
 145       -0.4358
 146       -0.4358
 147       -0.4358
 148       -0.4024
 149       -0.4024
 150       -0.3987
 151       -0.3987
 152       -0.3987
 153       -0.2857
 154       -0.2857
 155       -0.2857
 156       -0.2112
 157       -0.2112
 158       -0.2112
 159       -0.2112
 160       -0.2112
 161       -0.2112
 162       -0.1744
 163       -0.1744
 164       -0.1744
 165        0.3082
 166        0.3082
 167        0.3082
 168        0.5720
 169        0.5720
 170        0.5720
 171        1.1213
 172        2.2046
 173        2.2046
 174        2.2046
 175        2.2046
 176        2.2046
 177        2.2046
 178        2.8496
 179        2.8496
 180        2.8496
 181        3.9592
 182        3.9592
 183        3.9592
 184        4.1563
 185        4.1563
 186        4.1563
 187        6.1201
 188        6.1201
 189        6.1201
 190        6.4125
 191        6.4125
 192        6.4125
 193        6.4125
 194        6.4125
 195        6.4125
 196        7.6037
 197        8.1852
 198        8.1852
 199        8.1852
 200        8.1852
 201        8.1853
 202        8.1854
 203        8.1899
 204        8.1899
 205        8.1901
 206        9.4697
 207        9.4889
 208        9.6397
 209        9.9132
 210        9.9305
 211        9.9875
 212       10.0658
 
  0.3125000E+00  0.1875000E+00  0.1875000E+00  0.4687500E-01
   1       -3.9956
   2       -3.2359
   3       -3.0761
   4       -3.0246
   5       -3.0224
   6       -3.0224
   7       -2.9626
   8       -2.9626
   9       -2.9373
  10       -2.9261
  11       -2.8910
  12       -2.8910
  13       -2.8909
  14       -2.8909
  15       -2.7804
  16       -2.7627
  17       -2.7014
  18       -2.7014
  19       -2.6819
  20       -2.6819
  21       -2.6679
  22       -2.6579
  23       -2.6579
  24       -2.6097
  25       -2.6097
  26       -2.5849
  27       -2.5725
  28       -2.5725
  29       -2.5259
  30       -2.5259
  31       -2.5230
  32       -2.5230
  33       -2.5054
  34       -2.5054
  35       -2.4941
  36       -2.4941
  37       -2.4569
  38       -2.4569
  39       -2.4194
  40       -2.4194
  41       -2.3206
  42       -2.3206
  43       -2.2808
  44       -2.2808
  45       -2.1838
  46       -2.1838
  47       -2.1427
  48       -2.1339
  49       -2.1339
  50       -2.0714
  51       -2.0586
  52       -2.0586
  53       -2.0309
  54       -2.0309
  55       -2.0166
  56       -2.0166
  57       -1.9639
  58       -1.9334
  59       -1.9334
  60       -1.9333
  61       -1.9333
  62       -1.9019
  63       -1.8571
  64       -1.8571
  65       -1.8267
  66       -1.8267
  67       -1.8244
  68       -1.7840
  69       -1.7736
  70       -1.7265
  71       -1.7220
  72       -1.7163
  73       -1.7163
  74       -1.6672
  75       -1.6672
  76       -1.6599
  77       -1.6599
  78       -1.6522
  79       -1.6315
  80       -1.6315
  81       -1.6227
  82       -1.6227
  83       -1.5947
  84       -1.5947
  85       -1.5936
  86       -1.5936
  87       -1.5563
  88       -1.5390
  89       -1.4864
  90       -1.4348
  91       -1.4348
  92       -1.4159
  93       -1.4036
  94       -1.4036
  95       -1.3999
  96       -1.3999
  97       -1.3456
  98       -1.3456
  99       -1.3397
 100       -1.3385
 101       -1.2806
 102       -1.2806
 103       -1.1552
 104       -1.1552
 105       -1.1136
 106       -1.1136
 107       -1.0759
 108       -1.0646
 109       -1.0646
 110       -1.0315
 111       -1.0315
 112       -1.0234
 113       -1.0208
 114       -1.0208
 115       -0.9631
 116       -0.9483
 117       -0.9228
 118       -0.9228
 119       -0.8876
 120       -0.8876
 121       -0.8790
 122       -0.8626
 123       -0.8626
 124       -0.8613
 125       -0.8613
 126       -0.8586
 127       -0.8391
 128       -0.7798
 129       -0.7759
 130       -0.7759
 131       -0.6214
 132       -0.6214
 133       -0.6135
 134       -0.6135
 135       -0.6046
 136       -0.6046
 137       -0.5548
 138       -0.5548
 139       -0.5401
 140       -0.5401
 141       -0.5363
 142       -0.5363
 143       -0.5205
 144       -0.5011
 145       -0.4956
 146       -0.4896
 147       -0.4841
 148       -0.4790
 149       -0.4790
 150       -0.4548
 151       -0.4548
 152       -0.3881
 153       -0.3067
 154       -0.2944
 155       -0.2944
 156       -0.2753
 157       -0.2753
 158       -0.2731
 159       -0.2731
 160       -0.2091
 161       -0.2083
 162       -0.2083
 163       -0.1850
 164       -0.1850
 165        0.1887
 166        0.1887
 167        0.5596
 168        0.5720
 169        0.5720
 170        0.7706
 171        0.9667
 172        1.7288
 173        1.7288
 174        2.2738
 175        2.2738
 176        2.6857
 177        2.6857
 178        2.9198
 179        2.9198
 180        3.3718
 181        3.4482
 182        4.0145
 183        4.4562
 184        4.4562
 185        4.6713
 186        4.6713
 187        5.4859
 188        5.4859
 189        5.8572
 190        5.8572
 191        5.9048
 192        6.5999
 193        6.5999
 194        6.6254
 195        6.6254
 196        7.2439
 197        7.2439
 198        7.2601
 199        7.7129
 200        7.7130
 201        8.2764
 202        8.3784
 203        8.3785
 204        8.7885
 205        8.7895
 206        8.9509
 207        8.9557
 208        9.4293
 209        9.4381
 210        9.5080
 211        9.5808
 212       10.2380
 
  0.4375000E+00  0.1875000E+00  0.1875000E+00  0.4687500E-01
   1       -3.7886
   2       -3.5282
   3       -3.0063
   4       -2.9520
   5       -2.9387
   6       -2.9387
   7       -2.9017
   8       -2.8721
   9       -2.8721
  10       -2.8677
  11       -2.8591
  12       -2.8292
  13       -2.8292
  14       -2.8291
  15       -2.8132
  16       -2.8132
  17       -2.7795
  18       -2.7795
  19       -2.7710
  20       -2.7538
  21       -2.7538
  22       -2.7326
  23       -2.7326
  24       -2.7068
  25       -2.6442
  26       -2.6442
  27       -2.6379
  28       -2.6379
  29       -2.5761
  30       -2.5761
  31       -2.5661
  32       -2.5661
  33       -2.5515
  34       -2.5515
  35       -2.4625
  36       -2.4625
  37       -2.4224
  38       -2.4224
  39       -2.3231
  40       -2.3231
  41       -2.2905
  42       -2.2905
  43       -2.2282
  44       -2.2282
  45       -2.2056
  46       -2.2056
  47       -2.1703
  48       -2.1703
  49       -2.1237
  50       -2.1237
  51       -2.0928
  52       -2.0928
  53       -2.0562
  54       -2.0462
  55       -2.0154
  56       -1.9948
  57       -1.9948
  58       -1.9896
  59       -1.9896
  60       -1.9637
  61       -1.9606
  62       -1.9606
  63       -1.8126
  64       -1.8126
  65       -1.7910
  66       -1.7809
  67       -1.7705
  68       -1.7705
  69       -1.7300
  70       -1.7300
  71       -1.7235
  72       -1.6684
  73       -1.6684
  74       -1.6619
  75       -1.6618
  76       -1.6528
  77       -1.6528
  78       -1.6513
  79       -1.6513
  80       -1.6503
  81       -1.6456
  82       -1.6456
  83       -1.5901
  84       -1.5901
  85       -1.5881
  86       -1.5829
  87       -1.5608
  88       -1.5481
  89       -1.5481
  90       -1.5178
  91       -1.5178
  92       -1.4543
  93       -1.4243
  94       -1.4243
  95       -1.4148
  96       -1.4148
  97       -1.2510
  98       -1.2510
  99       -1.2253
 100       -1.1270
 101       -1.1270
 102       -1.1122
 103       -1.0766
 104       -1.0744
 105       -1.0744
 106       -1.0697
 107       -1.0697
 108       -1.0602
 109       -1.0602
 110       -1.0459
 111       -1.0459
 112       -1.0380
 113       -1.0291
 114       -0.9887
 115       -0.9887
 116       -0.9783
 117       -0.9783
 118       -0.9763
 119       -0.9763
 120       -0.9187
 121       -0.9187
 122       -0.9064
 123       -0.9064
 124       -0.9036
 125       -0.8534
 126       -0.8534
 127       -0.8468
 128       -0.7792
 129       -0.7393
 130       -0.7150
 131       -0.7092
 132       -0.6630
 133       -0.6630
 134       -0.6188
 135       -0.6096
 136       -0.5942
 137       -0.5599
 138       -0.5599
 139       -0.5545
 140       -0.5545
 141       -0.4925
 142       -0.4925
 143       -0.4494
 144       -0.4494
 145       -0.4472
 146       -0.4472
 147       -0.4297
 148       -0.4257
 149       -0.4257
 150       -0.4015
 151       -0.4015
 152       -0.3573
 153       -0.3573
 154       -0.3561
 155       -0.3548
 156       -0.3548
 157       -0.3415
 158       -0.3415
 159       -0.3184
 160       -0.2579
 161       -0.2033
 162       -0.2033
 163       -0.1955
 164       -0.1955
 165       -0.1323
 166       -0.1323
 167        0.5578
 168        0.6033
 169        0.9099
 170        0.9099
 171        1.2978
 172        1.2978
 173        1.7179
 174        2.3793
 175        2.3793
 176        2.5199
 177        2.5199
 178        2.5329
 179        3.7126
 180        3.7126
 181        3.8760
 182        4.0302
 183        4.5733
 184        4.5733
 185        4.8591
 186        4.8591
 187        5.3339
 188        5.3339
 189        5.4500
 190        5.4500
 191        5.9924
 192        6.2821
 193        6.2821
 194        6.4806
 195        6.9428
 196        6.9428
 197        7.2902
 198        7.2902
 199        7.2906
 200        7.2906
 201        8.0735
 202        8.0736
 203        8.6548
 204        8.6557
 205        9.0079
 206        9.0135
 207        9.0273
 208        9.3170
 209        9.3202
 210        9.5292
 211        9.5873
 212       10.1039
 
  0.3125000E+00  0.3125000E+00  0.1875000E+00  0.4687500E-01
   1       -3.8597
   2       -3.1481
   3       -3.1481
   4       -3.0566
   5       -2.9855
   6       -2.9730
   7       -2.9730
   8       -2.9193
   9       -2.8815
  10       -2.8778
  11       -2.8778
  12       -2.8441
  13       -2.8441
  14       -2.8041
  15       -2.8041
  16       -2.7995
  17       -2.7694
  18       -2.7512
  19       -2.7512
  20       -2.7058
  21       -2.7058
  22       -2.7006
  23       -2.6569
  24       -2.6569
  25       -2.6413
  26       -2.6413
  27       -2.6017
  28       -2.5846
  29       -2.5846
  30       -2.5698
  31       -2.5698
  32       -2.5612
  33       -2.5612
  34       -2.5420
  35       -2.5420
  36       -2.5192
  37       -2.5192
  38       -2.4556
  39       -2.4556
  40       -2.4046
  41       -2.4046
  42       -2.3292
  43       -2.2745
  44       -2.2745
  45       -2.1725
  46       -2.1725
  47       -2.1066
  48       -2.1066
  49       -2.1009
  50       -2.1009
  51       -2.0977
  52       -2.0977
  53       -2.0919
  54       -2.0615
  55       -1.9952
  56       -1.9952
  57       -1.9887
  58       -1.9887
  59       -1.9458
  60       -1.9394
  61       -1.9120
  62       -1.7933
  63       -1.7933
  64       -1.7824
  65       -1.7824
  66       -1.7719
  67       -1.7437
  68       -1.7068
  69       -1.6917
  70       -1.6869
  71       -1.6869
  72       -1.6737
  73       -1.6737
  74       -1.6416
  75       -1.6416
  76       -1.6314
  77       -1.6160
  78       -1.5871
  79       -1.5871
  80       -1.5785
  81       -1.5766
  82       -1.5766
  83       -1.5764
  84       -1.5698
  85       -1.5698
  86       -1.5007
  87       -1.5007
  88       -1.4867
  89       -1.4858
  90       -1.4858
  91       -1.4818
  92       -1.4818
  93       -1.4592
  94       -1.4364
  95       -1.4364
  96       -1.4299
  97       -1.4227
  98       -1.4227
  99       -1.2628
 100       -1.2628
 101       -1.2568
 102       -1.2568
 103       -1.1966
 104       -1.1966
 105       -1.1688
 106       -1.1688
 107       -1.1395
 108       -1.1027
 109       -1.0910
 110       -1.0289
 111       -1.0253
 112       -1.0238
 113       -1.0238
 114       -1.0137
 115       -1.0137
 116       -0.9960
 117       -0.9960
 118       -0.9625
 119       -0.9625
 120       -0.9446
 121       -0.8812
 122       -0.8812
 123       -0.8767
 124       -0.8767
 125       -0.8357
 126       -0.8357
 127       -0.7857
 128       -0.7857
 129       -0.7355
 130       -0.7355
 131       -0.7160
 132       -0.7086
 133       -0.7086
 134       -0.6792
 135       -0.6548
 136       -0.6401
 137       -0.5778
 138       -0.5338
 139       -0.5338
 140       -0.5108
 141       -0.5108
 142       -0.4818
 143       -0.4803
 144       -0.4803
 145       -0.4631
 146       -0.4561
 147       -0.4561
 148       -0.4494
 149       -0.4494
 150       -0.3874
 151       -0.3738
 152       -0.3738
 153       -0.2996
 154       -0.2996
 155       -0.2952
 156       -0.2952
 157       -0.2793
 158       -0.2669
 159       -0.2669
 160       -0.2638
 161       -0.2638
 162       -0.2130
 163       -0.2130
 164       -0.2076
 165       -0.1398
 166        0.1612
 167        0.1612
 168        0.3538
 169        0.7662
 170        1.2370
 171        1.2370
 172        1.8109
 173        1.8109
 174        2.3844
 175        2.4326
 176        2.4326
 177        3.0157
 178        3.0157
 179        3.4271
 180        3.4271
 181        3.6560
 182        3.6560
 183        4.7137
 184        4.7137
 185        4.7347
 186        4.9644
 187        4.9644
 188        5.3665
 189        5.6482
 190        5.6482
 191        6.0685
 192        6.0685
 193        6.2492
 194        6.2492
 195        6.8182
 196        6.8182
 197        7.2306
 198        7.2325
 199        7.4308
 200        7.4308
 201        7.8775
 202        7.8776
 203        8.4707
 204        8.4710
 205        8.9674
 206        9.0074
 207        9.0096
 208        9.5365
 209        9.6419
 210        9.8054
 211       10.1318
 212       10.2857
 
  0.4375000E+00  0.3125000E+00  0.1875000E+00  0.9375000E-01
   1       -3.6634
   2       -3.4188
   3       -3.0302
   4       -3.0052
   5       -2.9211
   6       -2.9194
   7       -2.9064
   8       -2.8982
   9       -2.8926
  10       -2.8640
  11       -2.8507
  12       -2.8381
  13       -2.8299
  14       -2.8249
  15       -2.7941
  16       -2.7854
  17       -2.7786
  18       -2.7731
  19       -2.7575
  20       -2.7318
  21       -2.6961
  22       -2.6953
  23       -2.6918
  24       -2.6877
  25       -2.6808
  26       -2.6794
  27       -2.6752
  28       -2.6737
  29       -2.6573
  30       -2.6160
  31       -2.6036
  32       -2.5981
  33       -2.5771
  34       -2.5619
  35       -2.5545
  36       -2.5446
  37       -2.5272
  38       -2.5203
  39       -2.4444
  40       -2.3909
  41       -2.3028
  42       -2.2972
  43       -2.2955
  44       -2.2489
  45       -2.2146
  46       -2.1904
  47       -2.1855
  48       -2.1850
  49       -2.1521
  50       -2.0935
  51       -2.0716
  52       -2.0525
  53       -2.0499
  54       -2.0385
  55       -2.0328
  56       -2.0175
  57       -1.9813
  58       -1.9670
  59       -1.9521
  60       -1.9508
  61       -1.9028
  62       -1.7889
  63       -1.7593
  64       -1.7584
  65       -1.7022
  66       -1.6882
  67       -1.6804
  68       -1.6713
  69       -1.6711
  70       -1.6683
  71       -1.6579
  72       -1.6446
  73       -1.6417
  74       -1.6386
  75       -1.6172
  76       -1.6136
  77       -1.6000
  78       -1.5949
  79       -1.5948
  80       -1.5867
  81       -1.5853
  82       -1.5586
  83       -1.5517
  84       -1.5453
  85       -1.5246
  86       -1.5122
  87       -1.5115
  88       -1.5056
  89       -1.5042
  90       -1.5008
  91       -1.4970
  92       -1.4893
  93       -1.4849
  94       -1.4577
  95       -1.3993
  96       -1.3792
  97       -1.3404
  98       -1.3257
  99       -1.2867
 100       -1.2320
 101       -1.2269
 102       -1.2143
 103       -1.1993
 104       -1.1870
 105       -1.1702
 106       -1.1694
 107       -1.1655
 108       -1.1628
 109       -1.1064
 110       -1.0881
 111       -1.0840
 112       -1.0658
 113       -1.0601
 114       -1.0406
 115       -1.0251
 116       -1.0068
 117       -0.9967
 118       -0.9612
 119       -0.9440
 120       -0.9245
 121       -0.9170
 122       -0.9080
 123       -0.8971
 124       -0.8949
 125       -0.8662
 126       -0.8412
 127       -0.8257
 128       -0.8231
 129       -0.8098
 130       -0.7462
 131       -0.7397
 132       -0.7314
 133       -0.7163
 134       -0.6817
 135       -0.6537
 136       -0.6264
 137       -0.6018
 138       -0.5950
 139       -0.5581
 140       -0.4544
 141       -0.4400
 142       -0.4203
 143       -0.4174
 144       -0.4132
 145       -0.4024
 146       -0.3996
 147       -0.3927
 148       -0.3825
 149       -0.3820
 150       -0.3816
 151       -0.3706
 152       -0.3658
 153       -0.3395
 154       -0.3387
 155       -0.3354
 156       -0.3343
 157       -0.3256
 158       -0.3135
 159       -0.3065
 160       -0.3024
 161       -0.2531
 162       -0.2525
 163       -0.2495
 164       -0.2320
 165       -0.2307
 166       -0.1667
 167        0.1362
 168        0.1609
 169        1.0496
 170        1.4018
 171        1.5852
 172        1.9437
 173        1.9871
 174        1.9913
 175        2.1342
 176        2.8096
 177        3.1494
 178        3.2168
 179        3.3010
 180        3.8322
 181        4.0339
 182        4.0679
 183        4.1334
 184        4.4766
 185        4.6081
 186        4.7144
 187        5.1139
 188        5.4281
 189        5.5660
 190        5.7944
 191        6.0365
 192        6.1030
 193        6.1816
 194        6.3448
 195        6.4876
 196        6.6355
 197        6.8193
 198        6.8432
 199        7.0246
 200        7.6006
 201        7.7033
 202        7.9454
 203        8.0526
 204        8.5420
 205        8.7474
 206        9.1682
 207        9.3092
 208        9.6564
 209        9.6860
 210        9.8123
 211       10.1320
 212       10.3314
 
  0.4375000E+00  0.4375000E+00  0.1875000E+00  0.4687500E-01
   1       -3.4847
   2       -3.2661
   3       -3.2661
   4       -3.0852
   5       -2.9774
   6       -2.9216
   7       -2.9216
   8       -2.9023
   9       -2.8716
  10       -2.8317
  11       -2.8317
  12       -2.8109
  13       -2.7952
  14       -2.7952
  15       -2.7635
  16       -2.7635
  17       -2.7521
  18       -2.7521
  19       -2.7392
  20       -2.7330
  21       -2.7296
  22       -2.7296
  23       -2.7103
  24       -2.7103
  25       -2.6705
  26       -2.6705
  27       -2.6584
  28       -2.6584
  29       -2.6326
  30       -2.6326
  31       -2.6254
  32       -2.6254
  33       -2.5798
  34       -2.5798
  35       -2.5604
  36       -2.5604
  37       -2.5590
  38       -2.5252
  39       -2.5252
  40       -2.4254
  41       -2.4254
  42       -2.4251
  43       -2.4251
  44       -2.2986
  45       -2.1974
  46       -2.1974
  47       -2.1459
  48       -2.1459
  49       -2.1428
  50       -2.1428
  51       -2.0980
  52       -2.0980
  53       -2.0567
  54       -1.9888
  55       -1.9888
  56       -1.9769
  57       -1.9769
  58       -1.9753
  59       -1.9574
  60       -1.9510
  61       -1.7455
  62       -1.7353
  63       -1.7353
  64       -1.7261
  65       -1.6600
  66       -1.6350
  67       -1.6317
  68       -1.6173
  69       -1.6090
  70       -1.6090
  71       -1.5913
  72       -1.5913
  73       -1.5793
  74       -1.5786
  75       -1.5786
  76       -1.5694
  77       -1.5694
  78       -1.5685
  79       -1.5602
  80       -1.5551
  81       -1.5551
  82       -1.5511
  83       -1.5164
  84       -1.5164
  85       -1.4821
  86       -1.4821
  87       -1.4748
  88       -1.4492
  89       -1.4492
  90       -1.4161
  91       -1.4161
  92       -1.3961
  93       -1.3961
  94       -1.3863
  95       -1.3682
  96       -1.3650
  97       -1.3650
  98       -1.3496
  99       -1.3496
 100       -1.3114
 101       -1.2963
 102       -1.2963
 103       -1.2695
 104       -1.2695
 105       -1.2489
 106       -1.2489
 107       -1.2436
 108       -1.2436
 109       -1.2357
 110       -1.2357
 111       -1.1482
 112       -1.1482
 113       -1.1185
 114       -1.1176
 115       -1.0953
 116       -1.0953
 117       -1.0946
 118       -1.0946
 119       -1.0835
 120       -1.0599
 121       -0.9257
 122       -0.8418
 123       -0.8338
 124       -0.8338
 125       -0.8263
 126       -0.8263
 127       -0.7782
 128       -0.7782
 129       -0.7483
 130       -0.7418
 131       -0.7418
 132       -0.7355
 133       -0.7355
 134       -0.6695
 135       -0.6695
 136       -0.6370
 137       -0.6370
 138       -0.5977
 139       -0.5937
 140       -0.5282
 141       -0.4238
 142       -0.3742
 143       -0.3742
 144       -0.3655
 145       -0.3449
 146       -0.3449
 147       -0.3353
 148       -0.3353
 149       -0.3315
 150       -0.3315
 151       -0.3309
 152       -0.3309
 153       -0.3292
 154       -0.3289
 155       -0.3289
 156       -0.3161
 157       -0.3161
 158       -0.3096
 159       -0.3096
 160       -0.3073
 161       -0.3073
 162       -0.2933
 163       -0.2757
 164       -0.2757
 165       -0.2724
 166       -0.1948
 167       -0.1948
 168       -0.1230
 169        1.2716
 170        1.5725
 171        1.5725
 172        1.8166
 173        2.3472
 174        2.3472
 175        2.7601
 176        2.7601
 177        3.1740
 178        3.1740
 179        3.5988
 180        3.5988
 181        3.9872
 182        3.9872
 183        4.1272
 184        4.1272
 185        4.8813
 186        4.8813
 187        4.9370
 188        4.9370
 189        5.4650
 190        5.8872
 191        5.8872
 192        6.2553
 193        6.2624
 194        6.2624
 195        6.4806
 196        6.4806
 197        6.8602
 198        6.8602
 199        6.9501
 200        7.1929
 201        7.1929
 202        7.7131
 203        7.7131
 204        8.4562
 205        8.6791
 206        9.4874
 207        9.5034
 208       10.0315
 209       10.0581
 210       10.1576
 211       10.3044
 212       10.3771
 
  0.3125000E+00  0.3125000E+00  0.3125000E+00  0.1562500E-01
   1       -3.7335
   2       -3.0970
   3       -3.0970
   4       -3.0970
   5       -3.0550
   6       -2.9419
   7       -2.9419
   8       -2.9419
   9       -2.8782
  10       -2.8782
  11       -2.8782
  12       -2.8410
  13       -2.8410
  14       -2.8410
  15       -2.7535
  16       -2.7535
  17       -2.7535
  18       -2.7494
  19       -2.7494
  20       -2.7494
  21       -2.6763
  22       -2.6763
  23       -2.6763
  24       -2.6763
  25       -2.6763
  26       -2.6763
  27       -2.6297
  28       -2.6297
  29       -2.6297
  30       -2.6224
  31       -2.6224
  32       -2.6224
  33       -2.6224
  34       -2.6224
  35       -2.6224
  36       -2.4550
  37       -2.4550
  38       -2.4550
  39       -2.3661
  40       -2.3661
  41       -2.3661
  42       -2.3661
  43       -2.3661
  44       -2.3661
  45       -2.1128
  46       -2.1128
  47       -2.1128
  48       -2.1045
  49       -2.1045
  50       -2.1045
  51       -2.1045
  52       -2.1045
  53       -2.1045
  54       -2.0057
  55       -2.0057
  56       -2.0057
  57       -2.0043
  58       -2.0043
  59       -2.0043
  60       -1.8986
  61       -1.7739
  62       -1.7739
  63       -1.7739
  64       -1.7382
  65       -1.7382
  66       -1.6856
  67       -1.6856
  68       -1.6694
  69       -1.6694
  70       -1.6694
  71       -1.6694
  72       -1.6694
  73       -1.6694
  74       -1.5981
  75       -1.5981
  76       -1.5981
  77       -1.5802
  78       -1.5802
  79       -1.5802
  80       -1.5389
  81       -1.5389
  82       -1.5389
  83       -1.5305
  84       -1.5305
  85       -1.5305
  86       -1.4919
  87       -1.4919
  88       -1.4919
  89       -1.4832
  90       -1.4832
  91       -1.4832
  92       -1.4832
  93       -1.4832
  94       -1.4832
  95       -1.4628
  96       -1.4628
  97       -1.4628
  98       -1.2589
  99       -1.2589
 100       -1.2589
 101       -1.1984
 102       -1.1984
 103       -1.1984
 104       -1.1537
 105       -1.1537
 106       -1.1537
 107       -1.1508
 108       -1.1508
 109       -1.1508
 110       -1.1508
 111       -1.1508
 112       -1.1508
 113       -1.0158
 114       -1.0158
 115       -1.0158
 116       -0.9826
 117       -0.9826
 118       -0.9651
 119       -0.9651
 120       -0.9651
 121       -0.9175
 122       -0.9175
 123       -0.9175
 124       -0.8807
 125       -0.8807
 126       -0.8807
 127       -0.8807
 128       -0.8807
 129       -0.8807
 130       -0.8064
 131       -0.8064
 132       -0.8064
 133       -0.7491
 134       -0.7491
 135       -0.7491
 136       -0.6632
 137       -0.6632
 138       -0.6632
 139       -0.5702
 140       -0.5702
 141       -0.4085
 142       -0.4085
 143       -0.4085
 144       -0.3978
 145       -0.3978
 146       -0.3978
 147       -0.3978
 148       -0.3978
 149       -0.3978
 150       -0.3176
 151       -0.3176
 152       -0.3176
 153       -0.2812
 154       -0.2812
 155       -0.2812
 156       -0.2812
 157       -0.2812
 158       -0.2812
 159       -0.2730
 160       -0.2730
 161       -0.2730
 162       -0.2099
 163       -0.2099
 164       -0.2099
 165       -0.1852
 166       -0.1852
 167       -0.1852
 168       -0.1484
 169        1.4560
 170        1.4560
 171        1.4560
 172        2.5467
 173        2.5467
 174        2.5467
 175        2.5467
 176        2.5467
 177        2.5467
 178        3.1809
 179        3.1809
 180        3.1809
 181        3.9154
 182        3.9154
 183        3.9154
 184        5.1502
 185        5.1502
 186        5.1502
 187        5.1502
 188        5.1502
 189        5.1502
 190        5.3260
 191        5.3260
 192        5.3260
 193        6.4434
 194        6.4434
 195        6.4434
 196        6.7874
 197        6.7874
 198        6.7874
 199        8.0711
 200        8.0711
 201        8.0711
 202        8.0711
 203        8.0711
 204        8.0711
 205        9.1365
 206        9.1365
 207        9.1365
 208        9.1366
 209        9.1379
 210        9.1474
 211        9.7271
 212       10.1768
 
  0.4375000E+00  0.3125000E+00  0.3125000E+00  0.4687500E-01
   1       -3.5535
   2       -3.3335
   3       -3.0301
   4       -3.0301
   5       -3.0251
   6       -2.9659
   7       -2.9551
   8       -2.9551
   9       -2.8839
  10       -2.8812
  11       -2.8812
  12       -2.8185
  13       -2.7916
  14       -2.7916
  15       -2.7857
  16       -2.7857
  17       -2.7585
  18       -2.7294
  19       -2.7294
  20       -2.7124
  21       -2.7124
  22       -2.6838
  23       -2.6833
  24       -2.6833
  25       -2.6784
  26       -2.6784
  27       -2.6734
  28       -2.6625
  29       -2.6625
  30       -2.6455
  31       -2.6455
  32       -2.6297
  33       -2.6297
  34       -2.6249
  35       -2.6249
  36       -2.5734
  37       -2.4959
  38       -2.4959
  39       -2.3230
  40       -2.3230
  41       -2.3031
  42       -2.3031
  43       -2.2676
  44       -2.2676
  45       -2.2140
  46       -2.2140
  47       -2.1918
  48       -2.1918
  49       -2.1753
  50       -2.1753
  51       -2.1042
  52       -2.0647
  53       -2.0580
  54       -2.0580
  55       -2.0261
  56       -2.0261
  57       -1.9499
  58       -1.9100
  59       -1.8817
  60       -1.8817
  61       -1.7895
  62       -1.7895
  63       -1.7187
  64       -1.7184
  65       -1.7084
  66       -1.6551
  67       -1.6515
  68       -1.6511
  69       -1.6209
  70       -1.6209
  71       -1.6104
  72       -1.6104
  73       -1.6055
  74       -1.6030
  75       -1.5880
  76       -1.5880
  77       -1.5784
  78       -1.5784
  79       -1.5628
  80       -1.5628
  81       -1.5543
  82       -1.5543
  83       -1.5506
  84       -1.5506
  85       -1.5252
  86       -1.5252
  87       -1.4888
  88       -1.4888
  89       -1.4836
  90       -1.4836
  91       -1.4596
  92       -1.4596
  93       -1.4285
  94       -1.4195
  95       -1.4195
  96       -1.3887
  97       -1.3152
  98       -1.3006
  99       -1.3006
 100       -1.2847
 101       -1.2847
 102       -1.2753
 103       -1.2532
 104       -1.2532
 105       -1.1707
 106       -1.1135
 107       -1.1135
 108       -1.1070
 109       -1.1070
 110       -1.0879
 111       -1.0769
 112       -1.0769
 113       -1.0456
 114       -1.0456
 115       -1.0207
 116       -1.0201
 117       -1.0151
 118       -1.0151
 119       -0.9953
 120       -0.9953
 121       -0.9524
 122       -0.9524
 123       -0.9523
 124       -0.9523
 125       -0.9333
 126       -0.9176
 127       -0.9036
 128       -0.9036
 129       -0.8909
 130       -0.8382
 131       -0.8266
 132       -0.7995
 133       -0.7995
 134       -0.7920
 135       -0.7708
 136       -0.7311
 137       -0.7311
 138       -0.6931
 139       -0.6505
 140       -0.6505
 141       -0.4501
 142       -0.4501
 143       -0.3568
 144       -0.3568
 145       -0.3461
 146       -0.3461
 147       -0.3421
 148       -0.3408
 149       -0.3408
 150       -0.3182
 151       -0.3182
 152       -0.3133
 153       -0.3133
 154       -0.3124
 155       -0.3124
 156       -0.3052
 157       -0.3041
 158       -0.3041
 159       -0.2949
 160       -0.2773
 161       -0.2773
 162       -0.2635
 163       -0.2555
 164       -0.2555
 165       -0.2480
 166       -0.2283
 167       -0.2283
 168       -0.2275
 169        1.7588
 170        1.7588
 171        2.1263
 172        2.1263
 173        2.2259
 174        2.7154
 175        2.7154
 176        2.9320
 177        2.9320
 178        3.0561
 179        3.3576
 180        3.3576
 181        4.0156
 182        4.2316
 183        4.2316
 184        4.2668
 185        4.2668
 186        4.6848
 187        4.6848
 188        4.8264
 189        5.3972
 190        5.3972
 191        5.6033
 192        5.6033
 193        6.2198
 194        6.4292
 195        6.5224
 196        6.5224
 197        7.2102
 198        7.2102
 199        7.4709
 200        7.4709
 201        8.2607
 202        8.2607
 203        8.3509
 204        8.3509
 205        8.7089
 206        8.7095
 207        8.7567
 208        8.7569
 209        9.4737
 210        9.4985
 211        9.8706
 212        9.9356
 
  0.4375000E+00  0.4375000E+00  0.3125000E+00  0.4687500E-01
   1       -3.4000
   2       -3.2181
   3       -3.2181
   4       -3.0867
   5       -3.0236
   6       -3.0210
   7       -2.9997
   8       -2.9997
   9       -2.8412
  10       -2.8317
  11       -2.8317
  12       -2.7784
  13       -2.7784
  14       -2.7729
  15       -2.7729
  16       -2.7665
  17       -2.7512
  18       -2.7512
  19       -2.7409
  20       -2.7332
  21       -2.7332
  22       -2.7293
  23       -2.7272
  24       -2.7272
  25       -2.7123
  26       -2.7123
  27       -2.6845
  28       -2.6845
  29       -2.6828
  30       -2.6828
  31       -2.6723
  32       -2.6723
  33       -2.5517
  34       -2.5517
  35       -2.5081
  36       -2.4479
  37       -2.4479
  38       -2.4202
  39       -2.4202
  40       -2.3796
  41       -2.3796
  42       -2.3176
  43       -2.3176
  44       -2.2639
  45       -2.2172
  46       -2.2172
  47       -2.1990
  48       -2.1465
  49       -2.1465
  50       -2.1453
  51       -2.1453
  52       -2.0990
  53       -2.0990
  54       -2.0947
  55       -2.0947
  56       -2.0429
  57       -1.8727
  58       -1.8658
  59       -1.8658
  60       -1.8053
  61       -1.7198
  62       -1.7036
  63       -1.6993
  64       -1.6993
  65       -1.6784
  66       -1.6427
  67       -1.6393
  68       -1.6393
  69       -1.6330
  70       -1.6119
  71       -1.6119
  72       -1.6072
  73       -1.6057
  74       -1.6041
  75       -1.6041
  76       -1.5748
  77       -1.5717
  78       -1.5248
  79       -1.5248
  80       -1.5158
  81       -1.5158
  82       -1.5093
  83       -1.5093
  84       -1.4700
  85       -1.4700
  86       -1.4627
  87       -1.4525
  88       -1.4525
  89       -1.4229
  90       -1.4133
  91       -1.4133
  92       -1.3919
  93       -1.3762
  94       -1.3618
  95       -1.3618
  96       -1.3576
  97       -1.3576
  98       -1.3153
  99       -1.3153
 100       -1.3058
 101       -1.3058
 102       -1.2738
 103       -1.2738
 104       -1.2621
 105       -1.2621
 106       -1.2181
 107       -1.2181
 108       -1.2001
 109       -1.1925
 110       -1.1925
 111       -1.1353
 112       -1.1353
 113       -1.1327
 114       -1.0913
 115       -1.0913
 116       -1.0427
 117       -1.0293
 118       -1.0107
 119       -1.0100
 120       -1.0012
 121       -1.0012
 122       -0.9953
 123       -0.9953
 124       -0.9523
 125       -0.9523
 126       -0.9251
 127       -0.9251
 128       -0.8873
 129       -0.8873
 130       -0.8799
 131       -0.8454
 132       -0.8339
 133       -0.8339
 134       -0.7991
 135       -0.7991
 136       -0.7830
 137       -0.7830
 138       -0.7522
 139       -0.7020
 140       -0.6469
 141       -0.6409
 142       -0.5844
 143       -0.5228
 144       -0.5228
 145       -0.3149
 146       -0.3087
 147       -0.3087
 148       -0.2964
 149       -0.2964
 150       -0.2942
 151       -0.2942
 152       -0.2941
 153       -0.2941
 154       -0.2818
 155       -0.2818
 156       -0.2803
 157       -0.2803
 158       -0.2783
 159       -0.2783
 160       -0.2755
 161       -0.2679
 162       -0.2679
 163       -0.2651
 164       -0.2651
 165       -0.2615
 166       -0.2468
 167       -0.2375
 168       -0.2375
 169        2.0118
 170        2.3338
 171        2.3338
 172        2.5444
 173        2.5444
 174        2.6052
 175        2.9261
 176        2.9261
 177        3.3894
 178        3.3894
 179        3.5552
 180        3.5552
 181        3.7866
 182        3.7866
 183        3.7891
 184        3.7891
 185        4.4541
 186        4.4541
 187        4.5872
 188        4.6942
 189        4.6942
 190        4.9722
 191        4.9722
 192        5.3094
 193        6.7338
 194        6.7338
 195        7.0633
 196        7.0633
 197        7.1352
 198        7.4846
 199        7.4846
 200        7.8376
 201        7.8376
 202        7.9087
 203        7.9087
 204        8.1908
 205        8.6761
 206        8.9902
 207        9.0041
 208        9.0523
 209        9.1127
 210        9.4429
 211        9.5765
 212        9.8065
 
  0.4375000E+00  0.4375000E+00  0.4375000E+00  0.1562500E-01
   1       -3.2851
   2       -3.1536
   3       -3.1536
   4       -3.1536
   5       -3.0789
   6       -3.0789
   7       -3.0789
   8       -3.0581
   9       -2.8038
  10       -2.8038
  11       -2.8038
  12       -2.7676
  13       -2.7676
  14       -2.7676
  15       -2.7496
  16       -2.7496
  17       -2.7496
  18       -2.7496
  19       -2.7496
  20       -2.7496
  21       -2.7375
  22       -2.7375
  23       -2.7375
  24       -2.7340
  25       -2.7340
  26       -2.7340
  27       -2.7340
  28       -2.7340
  29       -2.7340
  30       -2.7262
  31       -2.7262
  32       -2.7262
  33       -2.4300
  34       -2.4300
  35       -2.4300
  36       -2.3257
  37       -2.3257
  38       -2.3257
  39       -2.3087
  40       -2.3087
  41       -2.3087
  42       -2.3087
  43       -2.3087
  44       -2.3087
  45       -2.2133
  46       -2.2133
  47       -2.2133
  48       -2.2133
  49       -2.2133
  50       -2.2133
  51       -2.2082
  52       -2.2082
  53       -2.2082
  54       -2.1324
  55       -2.1324
  56       -2.1324
  57       -1.7616
  58       -1.7096
  59       -1.7096
  60       -1.7096
  61       -1.6744
  62       -1.6744
  63       -1.6739
  64       -1.6739
  65       -1.6739
  66       -1.6491
  67       -1.6491
  68       -1.6491
  69       -1.6460
  70       -1.6460
  71       -1.6353
  72       -1.6353
  73       -1.6353
  74       -1.6026
  75       -1.6026
  76       -1.6026
  77       -1.4611
  78       -1.4611
  79       -1.4611
  80       -1.4524
  81       -1.4524
  82       -1.4524
  83       -1.4524
  84       -1.4524
  85       -1.4524
  86       -1.4301
  87       -1.4301
  88       -1.4301
  89       -1.4162
  90       -1.4162
  91       -1.4162
  92       -1.3779
  93       -1.3779
  94       -1.3779
  95       -1.3779
  96       -1.3779
  97       -1.3779
  98       -1.3459
  99       -1.3459
 100       -1.3459
 101       -1.2650
 102       -1.2650
 103       -1.2650
 104       -1.2317
 105       -1.2317
 106       -1.2317
 107       -1.1791
 108       -1.1493
 109       -1.1493
 110       -1.1493
 111       -1.1493
 112       -1.1493
 113       -1.1493
 114       -1.1467
 115       -1.1467
 116       -1.1467
 117       -1.0811
 118       -1.0811
 119       -1.0811
 120       -1.0341
 121       -1.0341
 122       -1.0341
 123       -1.0341
 124       -1.0341
 125       -1.0341
 126       -0.9603
 127       -0.9603
 128       -0.9603
 129       -0.9171
 130       -0.9171
 131       -0.9050
 132       -0.9050
 133       -0.9050
 134       -0.8880
 135       -0.8880
 136       -0.8880
 137       -0.8118
 138       -0.8118
 139       -0.8118
 140       -0.7627
 141       -0.7627
 142       -0.7126
 143       -0.7126
 144       -0.7126
 145       -0.2750
 146       -0.2750
 147       -0.2750
 148       -0.2582
 149       -0.2582
 150       -0.2582
 151       -0.2582
 152       -0.2582
 153       -0.2582
 154       -0.2580
 155       -0.2580
 156       -0.2580
 157       -0.2580
 158       -0.2580
 159       -0.2580
 160       -0.2557
 161       -0.2557
 162       -0.2557
 163       -0.2438
 164       -0.2438
 165       -0.2438
 166       -0.2349
 167       -0.2349
 168       -0.2349
 169        2.8213
 170        2.8213
 171        2.8213
 172        3.1625
 173        3.1625
 174        3.1625
 175        3.1625
 176        3.1625
 177        3.1625
 178        3.4563
 179        3.4563
 180        3.4563
 181        3.6873
 182        3.6873
 183        3.6873
 184        4.0481
 185        4.0481
 186        4.0481
 187        4.0481
 188        4.0481
 189        4.0481
 190        4.3625
 191        4.3625
 192        4.3625
 193        7.4106
 194        7.4106
 195        7.4111
 196        7.7653
 197        7.7657
 198        7.7706
 199        8.1923
 200        8.1923
 201        8.1924
 202        8.1937
 203        8.1980
 204        8.2269
 205        8.5554
 206        8.5554
 207        8.5566
 208        8.5895
 209        8.6847
 210        8.9850
 211        9.0109
 212        9.1262
