  108  108    1    1
  0.1391993E+02  0.1145566E-08  0.1145566E-08  0.1145566E-08  0.5000000E-15
  1.000000000000000E-004
  CAR 
 No title                                
 1188    1  712
 
  0.2500000E+00  0.2500000E+00  0.2500000E+00  0.1000000E+01
   1       -5.4441
   2       -4.8570
   3       -4.8562
   4       -4.8554
   5       -4.2913
   6       -4.2905
   7       -4.2897
   8       -3.7629
   9       -3.7435
  10       -3.7427
  11       -3.7418
  12       -3.2358
  13       -3.2345
  14       -3.2341
  15       -3.2341
  16       -3.2337
  17       -3.2324
  18       -2.8134
  19       -2.8128
  20       -2.8121
  21       -2.3686
  22       -2.3679
  23       -2.3673
  24       -2.3402
  25       -2.3395
  26       -2.3387
  27       -2.1506
  28       -2.1502
  29       -2.1497
  30       -1.9792
  31       -1.9782
  32       -1.9778
  33       -1.9778
  34       -1.9775
  35       -1.9765
  36       -1.9061
  37       -1.7764
  38       -1.7757
  39       -1.7750
  40       -1.6455
  41       -1.6455
  42       -1.6454
  43       -1.5681
  44       -1.5677
  45       -1.5674
  46       -1.5468
  47       -1.5468
  48       -1.5462
  49       -1.5462
  50       -1.5456
  51       -1.5456
  52       -1.4575
  53       -1.4574
  54       -1.4574
  55       -1.4148
  56       -1.4144
  57       -1.4140
  58       -1.4140
  59       -1.4135
  60       -1.4131
  61       -1.3407
  62       -1.3402
  63       -1.3396
  64       -1.2920
  65       -1.2915
  66       -1.2912
  67       -1.2912
  68       -1.2909
  69       -1.2906
  70       -1.2291
  71       -1.2286
  72       -1.2284
  73       -1.2284
  74       -1.2282
  75       -1.2277
  76       -1.1884
  77       -1.1884
  78       -1.1884
  79       -1.1128
  80       -1.1127
  81       -1.1124
  82       -1.1124
  83       -1.1120
  84       -1.1119
  85       -1.1092
  86       -1.1091
  87       -1.1090
  88       -1.0636
  89       -1.0632
  90       -1.0628
  91       -1.0259
  92       -1.0257
  93       -1.0254
  94       -0.9793
  95       -0.9791
  96       -0.9788
  97       -0.9658
  98       -0.9657
  99       -0.9654
 100       -0.9654
 101       -0.9651
 102       -0.9650
 103       -0.9292
 104       -0.9284
 105       -0.9283
 106       -0.9283
 107       -0.9282
 108       -0.9276
 109       -0.9204
 110       -0.9198
 111       -0.9195
 112       -0.9195
 113       -0.9192
 114       -0.9185
 115       -0.8573
 116       -0.8571
 117       -0.8570
 118       -0.8530
 119       -0.8528
 120       -0.8525
 121       -0.8525
 122       -0.8522
 123       -0.8521
 124       -0.8420
 125       -0.8418
 126       -0.8415
 127       -0.8415
 128       -0.8412
 129       -0.8410
 130       -0.7521
 131       -0.7518
 132       -0.7515
 133       -0.7123
 134       -0.7116
 135       -0.7116
 136       -0.7116
 137       -0.7115
 138       -0.7109
 139       -0.7075
 140       -0.7073
 141       -0.7072
 142       -0.6897
 143       -0.6897
 144       -0.6894
 145       -0.6893
 146       -0.6890
 147       -0.6890
 148       -0.6581
 149       -0.6576
 150       -0.6574
 151       -0.6574
 152       -0.6572
 153       -0.6567
 154       -0.6399
 155       -0.6394
 156       -0.6392
 157       -0.6392
 158       -0.6390
 159       -0.6386
 160       -0.5296
 161       -0.5290
 162       -0.5289
 163       -0.5289
 164       -0.5288
 165       -0.5282
 166       -0.4858
 167       -0.4855
 168       -0.4852
 169       -0.4805
 170       -0.4802
 171       -0.4799
 172       -0.4696
 173       -0.4691
 174       -0.4688
 175       -0.4688
 176       -0.4686
 177       -0.4682
 178       -0.4598
 179       -0.4595
 180       -0.4593
 181       -0.4497
 182       -0.4492
 183       -0.4490
 184       -0.4490
 185       -0.4488
 186       -0.4482
 187       -0.4237
 188       -0.4234
 189       -0.4231
 190       -0.3745
 191       -0.3740
 192       -0.3737
 193       -0.3737
 194       -0.3734
 195       -0.3729
 196       -0.3356
 197       -0.3353
 198       -0.3351
 199       -0.3203
 200       -0.3201
 201       -0.3198
 202       -0.3198
 203       -0.3195
 204       -0.3193
 205       -0.2977
 206       -0.2972
 207       -0.2969
 208       -0.2966
 209       -0.2965
 210       -0.2961
 211       -0.2853
 212       -0.2851
 213       -0.2848
 214       -0.2675
 215       -0.2596
 216       -0.2593
 217       -0.2591
 218       -0.2591
 219       -0.2590
 220       -0.2586
 221       -0.2534
 222       -0.2532
 223       -0.2530
 224       -0.2348
 225       -0.2346
 226       -0.2344
 227       -0.2344
 228       -0.2342
 229       -0.2341
 230       -0.2278
 231       -0.2278
 232       -0.2276
 233       -0.2275
 234       -0.2273
 235       -0.2273
 236       -0.1697
 237       -0.1696
 238       -0.1696
 239       -0.1403
 240       -0.1400
 241       -0.1397
 242       -0.1342
 243       -0.1338
 244       -0.1336
 245       -0.1336
 246       -0.1333
 247       -0.1329
 248       -0.1267
 249       -0.1167
 250       -0.1167
 251       -0.1164
 252       -0.1164
 253       -0.1161
 254       -0.1161
 255       -0.1097
 256       -0.1095
 257       -0.1092
 258       -0.0856
 259       -0.0854
 260       -0.0851
 261       -0.0837
 262       -0.0836
 263       -0.0507
 264       -0.0506
 265       -0.0503
 266       -0.0501
 267       -0.0500
 268       -0.0424
 269       -0.0424
 270       -0.0423
 271       -0.0324
 272       -0.0323
 273       -0.0322
 274       -0.0135
 275       -0.0131
 276       -0.0127
 277       -0.0089
 278       -0.0089
 279       -0.0087
 280       -0.0086
 281       -0.0086
 282       -0.0084
 283       -0.0078
 284       -0.0075
 285       -0.0073
 286       -0.0072
 287       -0.0070
 288       -0.0067
 289        0.0067
 290        0.0068
 291        0.0068
 292        0.0352
 293        0.0352
 294        0.0444
 295        0.0444
 296        0.0447
 297        0.0447
 298        0.0450
 299        0.0451
 300        0.0484
 301        0.0488
 302        0.0491
 303        0.0492
 304        0.0494
 305        0.0497
 306        0.0515
 307        0.0518
 308        0.0520
 309        0.0657
 310        0.0658
 311        0.0659
 312        0.0900
 313        0.0902
 314        0.0904
 315        0.0964
 316        0.0966
 317        0.0968
 318        0.1116
 319        0.1116
 320        0.1120
 321        0.1120
 322        0.1123
 323        0.1124
 324        0.1170
 325        0.1175
 326        0.1178
 327        0.1186
 328        0.1189
 329        0.1191
 330        0.1202
 331        0.1205
 332        0.1209
 333        0.1346
 334        0.1348
 335        0.1350
 336        0.2024
 337        0.2029
 338        0.2033
 339        0.2047
 340        0.2050
 341        0.2054
 342        0.2174
 343        0.2177
 344        0.2180
 345        0.2180
 346        0.2183
 347        0.2187
 348        0.2496
 349        0.2500
 350        0.2504
 351        0.2897
 352        0.2898
 353        0.2900
 354        0.2900
 355        0.2902
 356        0.2902
 357        0.3305
 358        0.3305
 359        0.3306
 360        0.3330
 361        0.3331
 362        0.3333
 363        0.3333
 364        0.3335
 365        0.3337
 366        0.3436
 367        0.3436
 368        0.3439
 369        0.3439
 370        0.3442
 371        0.3443
 372        0.4157
 373        0.4157
 374        0.4157
 375        0.4293
 376        0.4296
 377        0.4298
 378        0.4298
 379        0.4299
 380        0.4301
 381        0.4306
 382        0.4308
 383        0.4310
 384        0.4312
 385        0.4313
 386        0.4313
 387        0.4314
 388        0.4317
 389        0.4317
 390        0.4725
 391        0.4728
 392        0.4729
 393        0.4729
 394        0.4731
 395        0.4733
 396        0.4866
 397        0.4867
 398        0.4869
 399        0.4869
 400        0.4871
 401        0.4873
 402        0.4895
 403        0.4896
 404        0.4897
 405        0.5098
 406        0.5101
 407        0.5101
 408        0.5109
 409        0.5112
 410        0.5113
 411        0.5113
 412        0.5114
 413        0.5119
 414        0.5413
 415        0.5413
 416        0.5429
 417        0.5431
 418        0.5434
 419        0.5644
 420        0.5646
 421        0.5648
 422        0.5648
 423        0.5649
 424        0.5652
 425        0.5796
 426        0.5800
 427        0.5804
 428        0.6107
 429        0.6109
 430        0.6111
 431        0.6174
 432        0.6174
 433        0.6237
 434        0.6240
 435        0.6243
 436        0.6664
 437        0.6664
 438        0.6667
 439        0.6667
 440        0.6669
 441        0.6669
 442        0.6753
 443        0.6754
 444        0.6755
 445        0.6853
 446        0.6854
 447        0.6857
 448        0.6857
 449        0.6860
 450        0.6862
 451        0.7289
 452        0.7290
 453        0.7291
 454        0.7461
 455        0.7464
 456        0.7467
 457        0.7498
 458        0.7501
 459        0.7504
 460        0.7602
 461        0.7606
 462        0.7607
 463        0.7607
 464        0.7608
 465        0.7612
 466        0.7663
 467        0.7666
 468        0.7670
 469        0.7712
 470        0.7716
 471        0.7719
 472        0.7747
 473        0.7749
 474        0.7750
 475        0.7750
 476        0.7751
 477        0.7753
 478        0.8189
 479        0.8193
 480        0.8197
 481        0.8265
 482        0.8268
 483        0.8271
 484        0.8665
 485        0.8667
 486        0.8670
 487        0.8817
 488        0.8817
 489        0.8818
 490        0.9047
 491        0.9048
 492        0.9050
 493        0.9050
 494        0.9052
 495        0.9052
 496        0.9056
 497        0.9058
 498        0.9059
 499        0.9059
 500        0.9060
 501        0.9063
 502        0.9094
 503        0.9095
 504        0.9096
 505        0.9096
 506        0.9098
 507        0.9099
 508        0.9115
 509        0.9117
 510        0.9118
 511        0.9118
 512        0.9119
 513        0.9122
 514        0.9175
 515        0.9176
 516        0.9176
 517        0.9188
 518        0.9188
 519        0.9189
 520        0.9331
 521        0.9331
 522        0.9531
 523        0.9549
 524        0.9550
 525        0.9551
 526        0.9551
 527        0.9551
 528        0.9554
 529        0.9650
 530        0.9651
 531        0.9652
 532        0.9652
 533        0.9653
 534        0.9654
 535        0.9719
 536        0.9720
 537        0.9721
 538        0.9750
 539        0.9750
 540        0.9751
 541        0.9890
 542        0.9890
 543        0.9890
 544        0.9968
 545        0.9968
 546        0.9969
 547        1.0228
 548        1.0228
 549        1.0228
 550        1.0510
 551        1.0510
 552        1.0511
 553        1.0511
 554        1.0512
 555        1.0513
 556        1.0570
 557        1.0571
 558        1.0571
 559        1.0571
 560        1.0572
 561        1.0573
 562        1.0700
 563        1.0700
 564        1.0701
 565        1.2044
 566        1.2047
 567        1.2050
 568        1.3331
 569        1.3333
 570        1.3334
 571        1.3866
 572        1.3871
 573        1.3872
 574        1.3872
 575        1.3874
 576        1.3878
 577        1.5758
 578        1.5761
 579        1.5763
 580        1.8890
 581        1.8895
 582        1.8900
 583        2.1833
 584        2.1834
 585        2.1838
 586        2.1838
 587        2.1842
 588        2.1843
 589        2.2555
 590        2.2557
 591        2.2562
 592        2.2562
 593        2.2567
 594        2.2568
 595        2.4121
 596        2.4122
 597        2.4122
 598        2.7390
 599        2.7393
 600        2.7397
 601        2.7397
 602        2.7401
 603        2.7404
 604        3.3109
 605        3.3110
 606        3.3111
 607        3.4779
 608        3.4785
 609        3.4790
 610        3.4906
 611        3.4911
 612        3.4916
 613        3.9259
 614        3.9261
 615        3.9263
 616        3.9346
 617        3.9355
 618        3.9356
 619        3.9356
 620        3.9357
 621        3.9368
 622        4.2256
 623        4.2262
 624        4.2267
 625        4.2267
 626        4.2272
 627        4.2278
 628        4.9316
 629        4.9321
 630        4.9326
 631        4.9326
 632        4.9332
 633        4.9336
 634        5.5185
 635        5.5187
 636        5.5196
 637        5.5196
 638        5.5206
 639        5.5207
 640        5.7354
 641        5.7360
 642        5.7366
 643        5.8135
 644        5.8137
 645        5.8139
 646        6.1043
 647        6.1047
 648        6.1049
 649        6.4224
 650        6.4225
 651        6.4232
 652        6.4232
 653        6.4238
 654        6.4238
 655        6.4444
 656        6.4445
 657        6.4450
 658        6.4450
 659        6.4456
 660        6.4456
 661        7.1100
 662        7.1912
 663        7.1916
 664        7.1922
 665        7.1922
 666        7.1927
 667        7.1931
 668        7.5349
 669        7.5351
 670        7.5355
 671        7.5355
 672        7.5360
 673        7.5361
 674        7.7650
 675        7.7654
 676        7.7657
 677        8.2682
 678        8.2687
 679        8.2691
 680        8.2691
 681        8.2696
 682        8.2701
 683        8.4353
 684        8.4356
 685        8.4359
 686        8.4430
 687        8.4434
 688        8.4438
 689        8.9377
 690        8.9384
 691        8.9387
 692        8.9387
 693        8.9390
 694        8.9396
 695        9.2089
 696        9.2092
 697        9.2095
 698        9.3159
 699        9.3161
 700        9.3163
 701        9.6737
 702        9.6741
 703        9.6745
 704        9.6855
 705        9.6857
 706        9.6859
 707        9.6859
 708        9.6861
 709        9.6863
 710       10.1053
 711       10.1058
 712       10.1074
