        4  number of thermod.function
       71  number of points of thermod.function
   Total    
         0.0010        0.2039741E+02
         1.0000        0.2039741E+02
         2.0000        0.2039741E+02
         3.0000        0.2039740E+02
         4.0000        0.2039738E+02
         5.0000        0.2039732E+02
        10.0000        0.2039605E+02
        15.0000        0.2039120E+02
        20.0000        0.2037778E+02
        30.0000        0.2028768E+02
        40.0000        0.2004327E+02
        50.0000        0.1958413E+02
        60.0000        0.1888206E+02
        70.0000        0.1793045E+02
        80.0000        0.1673415E+02
        90.0000        0.1530334E+02
       100.0000        0.1365027E+02
       125.0000        0.8626904E+01
       150.0000        0.2472840E+01
       175.0000       -0.4662767E+01
       200.0000       -0.1266070E+02
       225.0000       -0.2142535E+02
       250.0000       -0.3087904E+02
       273.0000       -0.4012978E+02
       275.0000       -0.4095777E+02
       298.0000       -0.5073607E+02
       300.0000       -0.5160800E+02
       350.0000       -0.7444831E+02
       400.0000       -0.9910815E+02
       450.0000       -0.1253657E+03
       500.0000       -0.1530468E+03
       550.0000       -0.1820113E+03
       600.0000       -0.2121439E+03
       650.0000       -0.2433484E+03
       700.0000       -0.2755429E+03
       750.0000       -0.3086574E+03
       800.0000       -0.3426310E+03
       850.0000       -0.3774101E+03
       900.0000       -0.4129476E+03
       950.0000       -0.4492018E+03
      1000.0000       -0.4861349E+03
      1050.0000       -0.5237131E+03
      1100.0000       -0.5619059E+03
      1150.0000       -0.6006853E+03
      1200.0000       -0.6400259E+03
      1250.0000       -0.6799046E+03
      1300.0000       -0.7202996E+03
      1350.0000       -0.7611913E+03
      1400.0000       -0.8025613E+03
      1450.0000       -0.8443923E+03
      1500.0000       -0.8866689E+03
      1550.0000       -0.9293760E+03
      1600.0000       -0.9724995E+03
      1650.0000       -0.1016027E+04
      1700.0000       -0.1059946E+04
      1750.0000       -0.1104244E+04
      1800.0000       -0.1148912E+04
      1850.0000       -0.1193939E+04
      1900.0000       -0.1239315E+04
      1950.0000       -0.1285031E+04
      2000.0000       -0.1331078E+04
      2100.0000       -0.1424133E+04
      2200.0000       -0.1518419E+04
      2300.0000       -0.1613881E+04
      2400.0000       -0.1710465E+04
      2500.0000       -0.1808128E+04
      2600.0000       -0.1906824E+04
      2700.0000       -0.2006514E+04
      2800.0000       -0.2107162E+04
      2900.0000       -0.2208733E+04
      3000.0000       -0.2311196E+04
       71  number of points of thermod.function
   1Cu__:X/D
         0.0010        0.6788411E+01
         1.0000        0.6788411E+01
         2.0000        0.6788411E+01
         3.0000        0.6788409E+01
         4.0000        0.6788402E+01
         5.0000        0.6788383E+01
        10.0000        0.6787962E+01
        15.0000        0.6786356E+01
        20.0000        0.6781911E+01
        30.0000        0.6751947E+01
        40.0000        0.6670453E+01
        50.0000        0.6517220E+01
        60.0000        0.6282859E+01
        70.0000        0.5965187E+01
        80.0000        0.5565849E+01
        90.0000        0.5088265E+01
       100.0000        0.4536527E+01
       125.0000        0.2860094E+01
       150.0000        0.8065808E+00
       175.0000       -0.1574225E+01
       200.0000       -0.4242546E+01
       225.0000       -0.7166489E+01
       250.0000       -0.1032015E+02
       273.0000       -0.1340599E+02
       275.0000       -0.1368218E+02
       298.0000       -0.1694389E+02
       300.0000       -0.1723473E+02
       350.0000       -0.2485316E+02
       400.0000       -0.3307815E+02
       450.0000       -0.4183573E+02
       500.0000       -0.5106785E+02
       550.0000       -0.6072775E+02
       600.0000       -0.7077707E+02
       650.0000       -0.8118368E+02
       700.0000       -0.9192031E+02
       750.0000       -0.1029636E+03
       800.0000       -0.1142932E+03
       850.0000       -0.1258914E+03
       900.0000       -0.1377424E+03
       950.0000       -0.1498322E+03
      1000.0000       -0.1621484E+03
      1050.0000       -0.1746796E+03
      1100.0000       -0.1874156E+03
      1150.0000       -0.2003473E+03
      1200.0000       -0.2134660E+03
      1250.0000       -0.2267640E+03
      1300.0000       -0.2402342E+03
      1350.0000       -0.2538698E+03
      1400.0000       -0.2676650E+03
      1450.0000       -0.2816138E+03
      1500.0000       -0.2957112E+03
      1550.0000       -0.3099520E+03
      1600.0000       -0.3243317E+03
      1650.0000       -0.3388459E+03
      1700.0000       -0.3534907E+03
      1750.0000       -0.3682621E+03
      1800.0000       -0.3831564E+03
      1850.0000       -0.3981705E+03
      1900.0000       -0.4133010E+03
      1950.0000       -0.4285446E+03
      2000.0000       -0.4438989E+03
      2100.0000       -0.4749277E+03
      2200.0000       -0.5063667E+03
      2300.0000       -0.5381974E+03
      2400.0000       -0.5704027E+03
      2500.0000       -0.6029671E+03
      2600.0000       -0.6358761E+03
      2700.0000       -0.6691165E+03
      2800.0000       -0.7026761E+03
      2900.0000       -0.7365433E+03
      3000.0000       -0.7707078E+03
       71  number of points of thermod.function
   1Cu__:Y/D
         0.0010        0.6807271E+01
         1.0000        0.6807271E+01
         2.0000        0.6807270E+01
         3.0000        0.6807268E+01
         4.0000        0.6807261E+01
         5.0000        0.6807242E+01
        10.0000        0.6806820E+01
        15.0000        0.6805183E+01
        20.0000        0.6800671E+01
        30.0000        0.6770569E+01
        40.0000        0.6689119E+01
        50.0000        0.6536219E+01
        60.0000        0.6302460E+01
        70.0000        0.5985618E+01
        80.0000        0.5587293E+01
        90.0000        0.5110859E+01
       100.0000        0.4560381E+01
       125.0000        0.2887439E+01
       150.0000        0.8377345E+00
       175.0000       -0.1539068E+01
       200.0000       -0.4203259E+01
       225.0000       -0.7122982E+01
       250.0000       -0.1027236E+02
       273.0000       -0.1335422E+02
       275.0000       -0.1363006E+02
       298.0000       -0.1688776E+02
       300.0000       -0.1717825E+02
       350.0000       -0.2478789E+02
       400.0000       -0.3300401E+02
       450.0000       -0.4175267E+02
       500.0000       -0.5097584E+02
       550.0000       -0.6062678E+02
       600.0000       -0.7066711E+02
       650.0000       -0.8106470E+02
       700.0000       -0.9179231E+02
       750.0000       -0.1028266E+03
       800.0000       -0.1141472E+03
       850.0000       -0.1257363E+03
       900.0000       -0.1375783E+03
       950.0000       -0.1496591E+03
      1000.0000       -0.1619662E+03
      1050.0000       -0.1744883E+03
      1100.0000       -0.1872153E+03
      1150.0000       -0.2001378E+03
      1200.0000       -0.2132476E+03
      1250.0000       -0.2265365E+03
      1300.0000       -0.2399976E+03
      1350.0000       -0.2536242E+03
      1400.0000       -0.2674103E+03
      1450.0000       -0.2813501E+03
      1500.0000       -0.2954384E+03
      1550.0000       -0.3096701E+03
      1600.0000       -0.3240407E+03
      1650.0000       -0.3385460E+03
      1700.0000       -0.3531816E+03
      1750.0000       -0.3679439E+03
      1800.0000       -0.3828292E+03
      1850.0000       -0.3978343E+03
      1900.0000       -0.4129556E+03
      1950.0000       -0.4281902E+03
      2000.0000       -0.4435354E+03
      2100.0000       -0.4745460E+03
      2200.0000       -0.5059669E+03
      2300.0000       -0.5377794E+03
      2400.0000       -0.5699666E+03
      2500.0000       -0.6025128E+03
      2600.0000       -0.6354037E+03
      2700.0000       -0.6686259E+03
      2800.0000       -0.7021673E+03
      2900.0000       -0.7360165E+03
      3000.0000       -0.7701627E+03
       71  number of points of thermod.function
   1Cu__:Z/D
         0.0010        0.6801725E+01
         1.0000        0.6801725E+01
         2.0000        0.6801725E+01
         3.0000        0.6801723E+01
         4.0000        0.6801714E+01
         5.0000        0.6801695E+01
        10.0000        0.6801271E+01
        15.0000        0.6799663E+01
        20.0000        0.6795195E+01
        30.0000        0.6765162E+01
        40.0000        0.6683698E+01
        50.0000        0.6530691E+01
        60.0000        0.6296741E+01
        70.0000        0.5979642E+01
        80.0000        0.5581006E+01
        90.0000        0.5104222E+01
       100.0000        0.4553362E+01
       125.0000        0.2879370E+01
       150.0000        0.8285238E+00
       175.0000       -0.1549475E+01
       200.0000       -0.4214898E+01
       225.0000       -0.7135880E+01
       250.0000       -0.1028653E+02
       273.0000       -0.1336958E+02
       275.0000       -0.1364552E+02
       298.0000       -0.1690442E+02
       300.0000       -0.1719502E+02
       350.0000       -0.2480727E+02
       400.0000       -0.3302603E+02
       450.0000       -0.4177734E+02
       500.0000       -0.5100317E+02
       550.0000       -0.6065679E+02
       600.0000       -0.7069979E+02
       650.0000       -0.8110005E+02
       700.0000       -0.9183035E+02
       750.0000       -0.1028673E+03
       800.0000       -0.1141906E+03
       850.0000       -0.1257824E+03
       900.0000       -0.1376270E+03
       950.0000       -0.1497105E+03
      1000.0000       -0.1620203E+03
      1050.0000       -0.1745452E+03
      1100.0000       -0.1872749E+03
      1150.0000       -0.2002001E+03
      1200.0000       -0.2133125E+03
      1250.0000       -0.2266041E+03
      1300.0000       -0.2400679E+03
      1350.0000       -0.2536973E+03
      1400.0000       -0.2674860E+03
      1450.0000       -0.2814285E+03
      1500.0000       -0.2955194E+03
      1550.0000       -0.3097538E+03
      1600.0000       -0.3241272E+03
      1650.0000       -0.3386351E+03
      1700.0000       -0.3532734E+03
      1750.0000       -0.3680385E+03
      1800.0000       -0.3829264E+03
      1850.0000       -0.3979341E+03
      1900.0000       -0.4130583E+03
      1950.0000       -0.4282956E+03
      2000.0000       -0.4436434E+03
      2100.0000       -0.4746594E+03
      2200.0000       -0.5060858E+03
      2300.0000       -0.5379036E+03
      2400.0000       -0.5700963E+03
      2500.0000       -0.6026478E+03
      2600.0000       -0.6355441E+03
      2700.0000       -0.6687717E+03
      2800.0000       -0.7023185E+03
      2900.0000       -0.7361731E+03
      3000.0000       -0.7703247E+03
