   32   32  100    1
  0.2114345E+02  0.8778937E-09  0.8778937E-09  0.8778937E-09  0.5000000E-15
  1.000000000000000E-004
  CAR 
 No title                                
  352   20  212
 
  0.6250000E-01  0.6250000E-01  0.6250000E-01  0.1562500E-01
   1       -4.4759
   2       -3.4298
   3       -3.4298
   4       -3.4298
   5       -3.4258
   6       -3.4173
   7       -3.4173
   8       -3.4173
   9       -3.3612
  10       -3.3612
  11       -3.3612
  12       -3.0894
  13       -3.0894
  14       -3.0894
  15       -3.0282
  16       -3.0282
  17       -3.0282
  18       -2.9253
  19       -2.9253
  20       -2.9253
  21       -2.9050
  22       -2.9050
  23       -2.9050
  24       -2.9050
  25       -2.9050
  26       -2.9050
  27       -2.8262
  28       -2.8262
  29       -2.8262
  30       -2.7409
  31       -2.7409
  32       -2.7409
  33       -2.7135
  34       -2.7135
  35       -2.7135
  36       -2.7048
  37       -2.7048
  38       -2.7048
  39       -2.7048
  40       -2.7048
  41       -2.7048
  42       -2.5966
  43       -2.5966
  44       -2.5966
  45       -2.5966
  46       -2.5966
  47       -2.5966
  48       -2.5374
  49       -2.5374
  50       -2.5374
  51       -2.5354
  52       -2.5354
  53       -2.5354
  54       -2.5354
  55       -2.5354
  56       -2.5354
  57       -2.4962
  58       -2.4962
  59       -2.4962
  60       -2.3893
  61       -2.3893
  62       -2.3893
  63       -2.3893
  64       -2.3893
  65       -2.3893
  66       -2.3640
  67       -2.3640
  68       -2.3640
  69       -2.3535
  70       -2.3535
  71       -2.3529
  72       -2.3465
  73       -2.3465
  74       -2.3465
  75       -2.3423
  76       -2.3423
  77       -2.2192
  78       -2.2192
  79       -2.2192
  80       -2.2192
  81       -2.2192
  82       -2.2192
  83       -2.1990
  84       -2.1990
  85       -2.1990
  86       -2.1628
  87       -2.1628
  88       -2.1628
  89       -1.9175
  90       -1.9175
  91       -1.9175
  92       -1.8717
  93       -1.8717
  94       -1.8717
  95       -1.8609
  96       -1.8609
  97       -1.8609
  98       -1.8600
  99       -1.8600
 100       -1.8600
 101       -1.8600
 102       -1.8600
 103       -1.8600
 104       -1.8148
 105       -1.8148
 106       -1.8148
 107       -1.7193
 108       -1.7193
 109       -1.7193
 110       -1.6854
 111       -1.6854
 112       -1.6854
 113       -1.6792
 114       -1.6792
 115       -1.6792
 116       -1.6485
 117       -1.6485
 118       -1.6093
 119       -1.6093
 120       -1.6093
 121       -1.6093
 122       -1.6093
 123       -1.6093
 124       -1.6001
 125       -1.6001
 126       -1.6001
 127       -1.6001
 128       -1.6001
 129       -1.6001
 130       -1.5472
 131       -1.5472
 132       -1.5472
 133       -1.5451
 134       -1.5451
 135       -1.5451
 136       -1.4111
 137       -1.4111
 138       -1.4111
 139       -1.3574
 140       -1.3574
 141       -1.3574
 142       -1.1755
 143       -1.1755
 144       -1.1755
 145       -1.1396
 146       -1.1396
 147       -1.1396
 148       -1.1349
 149       -1.1349
 150       -1.1349
 151       -1.1123
 152       -1.1123
 153       -1.1014
 154       -1.1014
 155       -1.1014
 156       -0.9861
 157       -0.9861
 158       -0.9861
 159       -0.9703
 160       -0.9703
 161       -0.9703
 162       -0.9703
 163       -0.9703
 164       -0.9703
 165       -0.9685
 166       -0.9685
 167       -0.9684
 168        0.6609
 169        0.6609
 170        0.6609
 171        1.1847
 172        1.1847
 173        1.1847
 174        1.1847
 175        1.1847
 176        1.1847
 177        1.7075
 178        1.7217
 179        1.7217
 180        1.7217
 181        1.9857
 182        1.9857
 183        1.9857
 184        3.5812
 185        3.5812
 186        3.5812
 187        4.4358
 188        4.4358
 189        4.4358
 190        4.6915
 191        6.5232
 192        6.5232
 193        6.5232
 194        6.5232
 195        6.5232
 196        6.5233
 197        7.1090
 198        7.1090
 199        7.1090
 200        7.1090
 201        7.1113
 202        7.1199
 203        7.1695
 204        7.1708
 205        7.1798
 206        7.8270
 207        7.8272
 208        7.8284
 209        7.8310
 210        8.8619
 211        9.0117
 212        9.0193
 
  0.1875000E+00  0.6250000E-01  0.6250000E-01  0.4687500E-01
   1       -4.4072
   2       -3.4054
   3       -3.4044
   4       -3.3996
   5       -3.3996
   6       -3.3877
   7       -3.3877
   8       -3.3795
   9       -3.3432
  10       -3.3321
  11       -3.3321
  12       -3.2746
  13       -3.0578
  14       -3.0509
  15       -3.0509
  16       -3.0206
  17       -2.9943
  18       -2.9943
  19       -2.9609
  20       -2.9609
  21       -2.9021
  22       -2.9021
  23       -2.8892
  24       -2.8892
  25       -2.8803
  26       -2.8803
  27       -2.8725
  28       -2.8454
  29       -2.8454
  30       -2.8409
  31       -2.8084
  32       -2.8084
  33       -2.7805
  34       -2.7805
  35       -2.7727
  36       -2.7727
  37       -2.7280
  38       -2.7280
  39       -2.7274
  40       -2.6973
  41       -2.6973
  42       -2.6946
  43       -2.6946
  44       -2.5949
  45       -2.5949
  46       -2.5945
  47       -2.5945
  48       -2.5472
  49       -2.5472
  50       -2.5464
  51       -2.5464
  52       -2.5445
  53       -2.5445
  54       -2.5004
  55       -2.4888
  56       -2.4888
  57       -2.4659
  58       -2.4659
  59       -2.4556
  60       -2.4032
  61       -2.4032
  62       -2.3862
  63       -2.3862
  64       -2.3826
  65       -2.3737
  66       -2.3737
  67       -2.3721
  68       -2.3515
  69       -2.3392
  70       -2.3239
  71       -2.3239
  72       -2.3231
  73       -2.3217
  74       -2.3188
  75       -2.3173
  76       -2.3173
  77       -2.3123
  78       -2.3123
  79       -2.2605
  80       -2.2605
  81       -2.2096
  82       -2.2096
  83       -2.1644
  84       -2.1644
  85       -2.1006
  86       -2.1006
  87       -2.0629
  88       -2.0404
  89       -1.9990
  90       -1.9866
  91       -1.9866
  92       -1.9702
  93       -1.9421
  94       -1.9364
  95       -1.9285
  96       -1.9285
  97       -1.8855
  98       -1.8855
  99       -1.8628
 100       -1.8628
 101       -1.8221
 102       -1.8221
 103       -1.8159
 104       -1.8159
 105       -1.7906
 106       -1.7906
 107       -1.7754
 108       -1.7754
 109       -1.7499
 110       -1.7256
 111       -1.7256
 112       -1.6938
 113       -1.6938
 114       -1.6691
 115       -1.6385
 116       -1.6226
 117       -1.6226
 118       -1.6142
 119       -1.6142
 120       -1.6076
 121       -1.6076
 122       -1.5906
 123       -1.5723
 124       -1.5585
 125       -1.5585
 126       -1.5531
 127       -1.5155
 128       -1.5155
 129       -1.5002
 130       -1.5002
 131       -1.4762
 132       -1.4762
 133       -1.4762
 134       -1.4699
 135       -1.4699
 136       -1.4629
 137       -1.3606
 138       -1.3606
 139       -1.3232
 140       -1.3232
 141       -1.3034
 142       -1.2220
 143       -1.2122
 144       -1.2122
 145       -1.1642
 146       -1.1642
 147       -1.1492
 148       -1.1478
 149       -1.1478
 150       -1.1157
 151       -1.1138
 152       -1.1138
 153       -1.0718
 154       -1.0718
 155       -1.0208
 156       -1.0070
 157       -1.0070
 158       -1.0064
 159       -1.0064
 160       -0.9997
 161       -0.9987
 162       -0.9987
 163       -0.9703
 164       -0.9703
 165       -0.9702
 166       -0.9702
 167       -0.6496
 168        0.2040
 169        0.2040
 170        0.6833
 171        0.7070
 172        0.7070
 173        1.2163
 174        1.2163
 175        1.4071
 176        1.7585
 177        1.7789
 178        1.7789
 179        1.8634
 180        1.8634
 181        2.1455
 182        2.3221
 183        2.3221
 184        3.0463
 185        3.7297
 186        3.7297
 187        4.4604
 188        4.7243
 189        4.7243
 190        5.1398
 191        5.6979
 192        5.6979
 193        5.9437
 194        5.9437
 195        6.2205
 196        6.2206
 197        6.6498
 198        6.6498
 199        7.1887
 200        7.1912
 201        7.2312
 202        7.2321
 203        7.4474
 204        7.4530
 205        7.8321
 206        7.8621
 207        8.0444
 208        8.1249
 209        8.2025
 210        8.3181
 211        8.3929
 212        8.4921
 
  0.3125000E+00  0.6250000E-01  0.6250000E-01  0.4687500E-01
   1       -4.2717
   2       -3.5431
   3       -3.3583
   4       -3.3530
   5       -3.3413
   6       -3.3413
   7       -3.3289
   8       -3.3289
   9       -3.3135
  10       -3.3077
  11       -3.2740
  12       -3.2740
  13       -3.1294
  14       -3.1093
  15       -3.0539
  16       -3.0539
  17       -3.0279
  18       -2.9949
  19       -2.9949
  20       -2.9807
  21       -2.9807
  22       -2.9753
  23       -2.9403
  24       -2.9403
  25       -2.9366
  26       -2.9366
  27       -2.8630
  28       -2.8630
  29       -2.8494
  30       -2.8494
  31       -2.8333
  32       -2.8333
  33       -2.7958
  34       -2.7958
  35       -2.7718
  36       -2.7718
  37       -2.7601
  38       -2.7601
  39       -2.7433
  40       -2.7433
  41       -2.6881
  42       -2.6881
  43       -2.6328
  44       -2.5934
  45       -2.5934
  46       -2.5836
  47       -2.5836
  48       -2.5729
  49       -2.5729
  50       -2.5727
  51       -2.5727
  52       -2.5362
  53       -2.5362
  54       -2.4875
  55       -2.4646
  56       -2.4646
  57       -2.4595
  58       -2.4595
  59       -2.4234
  60       -2.4234
  61       -2.4143
  62       -2.4129
  63       -2.4075
  64       -2.3949
  65       -2.3949
  66       -2.3897
  67       -2.3897
  68       -2.3895
  69       -2.3895
  70       -2.3811
  71       -2.3811
  72       -2.3576
  73       -2.3314
  74       -2.3314
  75       -2.3043
  76       -2.2822
  77       -2.2822
  78       -2.2817
  79       -2.2817
  80       -2.2816
  81       -2.2809
  82       -2.2712
  83       -2.1178
  84       -2.1178
  85       -2.0924
  86       -2.0656
  87       -2.0656
  88       -2.0555
  89       -2.0464
  90       -2.0342
  91       -2.0334
  92       -2.0334
  93       -1.9264
  94       -1.9264
  95       -1.8808
  96       -1.8710
  97       -1.8710
  98       -1.8425
  99       -1.8388
 100       -1.8388
 101       -1.8260
 102       -1.8260
 103       -1.8216
 104       -1.7475
 105       -1.7475
 106       -1.7325
 107       -1.7325
 108       -1.7139
 109       -1.7139
 110       -1.7077
 111       -1.7025
 112       -1.7025
 113       -1.6983
 114       -1.6983
 115       -1.6266
 116       -1.6266
 117       -1.6190
 118       -1.6091
 119       -1.6091
 120       -1.5992
 121       -1.5992
 122       -1.5112
 123       -1.5084
 124       -1.5084
 125       -1.4835
 126       -1.4742
 127       -1.4742
 128       -1.4303
 129       -1.4245
 130       -1.4117
 131       -1.4117
 132       -1.3983
 133       -1.3983
 134       -1.3893
 135       -1.3893
 136       -1.3835
 137       -1.3747
 138       -1.3747
 139       -1.3489
 140       -1.3331
 141       -1.3331
 142       -1.2537
 143       -1.2497
 144       -1.2495
 145       -1.2495
 146       -1.2063
 147       -1.2013
 148       -1.2013
 149       -1.1753
 150       -1.1564
 151       -1.1564
 152       -1.1542
 153       -1.1031
 154       -1.1031
 155       -1.0877
 156       -1.0755
 157       -1.0755
 158       -1.0746
 159       -1.0746
 160       -1.0577
 161       -0.9705
 162       -0.9705
 163       -0.9704
 164       -0.9704
 165       -0.7386
 166       -0.7386
 167       -0.1926
 168       -0.1926
 169       -0.0094
 170        0.2821
 171        0.2821
 172        0.7324
 173        1.1473
 174        1.2811
 175        1.2811
 176        1.6888
 177        1.6888
 178        1.8307
 179        2.1458
 180        2.2900
 181        2.4434
 182        2.4434
 183        2.9878
 184        2.9878
 185        4.0090
 186        4.0090
 187        4.7962
 188        4.8181
 189        4.8181
 190        5.2260
 191        5.2260
 192        5.3512
 193        5.3512
 194        5.3805
 195        5.3805
 196        5.7203
 197        6.8282
 198        6.8285
 199        6.9207
 200        7.2268
 201        7.2282
 202        7.4163
 203        7.4188
 204        7.4383
 205        7.4461
 206        7.4633
 207        7.4708
 208        7.8644
 209        7.9051
 210        8.1188
 211        8.4361
 212        8.5340
 
  0.4375000E+00  0.6250000E-01  0.6250000E-01  0.4687500E-01
   1       -4.0742
   2       -3.8243
   3       -3.2920
   4       -3.2721
   5       -3.2592
   6       -3.2592
   7       -3.2558
   8       -3.2423
   9       -3.2423
  10       -3.2215
  11       -3.2126
  12       -3.1889
  13       -3.1880
  14       -3.1880
  15       -3.1629
  16       -3.1597
  17       -3.1597
  18       -3.1297
  19       -3.1297
  20       -3.1068
  21       -3.0761
  22       -3.0761
  23       -2.8946
  24       -2.8946
  25       -2.8724
  26       -2.8724
  27       -2.8359
  28       -2.8359
  29       -2.8161
  30       -2.8161
  31       -2.8145
  32       -2.8145
  33       -2.8073
  34       -2.8073
  35       -2.7710
  36       -2.7710
  37       -2.7583
  38       -2.7583
  39       -2.7137
  40       -2.7137
  41       -2.7113
  42       -2.7113
  43       -2.6388
  44       -2.6388
  45       -2.6366
  46       -2.6366
  47       -2.5951
  48       -2.5951
  49       -2.5948
  50       -2.5948
  51       -2.5541
  52       -2.5541
  53       -2.5464
  54       -2.5050
  55       -2.5050
  56       -2.4720
  57       -2.4640
  58       -2.4372
  59       -2.4372
  60       -2.4359
  61       -2.4344
  62       -2.4344
  63       -2.4299
  64       -2.4299
  65       -2.4106
  66       -2.4106
  67       -2.3890
  68       -2.3750
  69       -2.3750
  70       -2.3705
  71       -2.3649
  72       -2.3649
  73       -2.3229
  74       -2.3229
  75       -2.2882
  76       -2.2882
  77       -2.2498
  78       -2.2240
  79       -2.2240
  80       -2.2212
  81       -2.2212
  82       -2.2206
  83       -2.2204
  84       -2.2056
  85       -2.1910
  86       -2.1910
  87       -2.1781
  88       -2.1454
  89       -2.1454
  90       -2.1424
  91       -2.1419
  92       -2.1251
  93       -1.8303
  94       -1.8303
  95       -1.8290
  96       -1.8290
  97       -1.8057
  98       -1.7578
  99       -1.7118
 100       -1.7118
 101       -1.7039
 102       -1.7039
 103       -1.6906
 104       -1.6906
 105       -1.6904
 106       -1.6841
 107       -1.6841
 108       -1.6813
 109       -1.6813
 110       -1.6509
 111       -1.6509
 112       -1.6508
 113       -1.6508
 114       -1.6444
 115       -1.6444
 116       -1.6235
 117       -1.6212
 118       -1.6212
 119       -1.5906
 120       -1.5690
 121       -1.5690
 122       -1.5542
 123       -1.5315
 124       -1.5315
 125       -1.5089
 126       -1.4940
 127       -1.4940
 128       -1.4582
 129       -1.4582
 130       -1.4504
 131       -1.4504
 132       -1.4183
 133       -1.3788
 134       -1.3779
 135       -1.3779
 136       -1.3115
 137       -1.3115
 138       -1.3096
 139       -1.2984
 140       -1.2929
 141       -1.2856
 142       -1.2856
 143       -1.2846
 144       -1.2755
 145       -1.2755
 146       -1.2704
 147       -1.2703
 148       -1.2247
 149       -1.2242
 150       -1.2242
 151       -1.2145
 152       -1.1944
 153       -1.1821
 154       -1.1674
 155       -1.1674
 156       -1.1669
 157       -1.1669
 158       -1.1296
 159       -0.9705
 160       -0.9705
 161       -0.9704
 162       -0.9704
 163       -0.8391
 164       -0.8391
 165       -0.5375
 166       -0.5375
 167       -0.4362
 168       -0.4362
 169       -0.0969
 170       -0.0969
 171        0.7121
 172        0.8174
 173        0.9514
 174        1.3820
 175        1.3820
 176        1.4893
 177        1.5199
 178        1.5199
 179        1.9330
 180        2.0505
 181        3.1757
 182        3.1757
 183        3.7178
 184        3.7178
 185        3.9704
 186        3.9704
 187        4.3933
 188        4.3933
 189        4.5084
 190        4.5084
 191        4.8575
 192        4.8575
 193        5.3685
 194        5.8722
 195        5.8722
 196        6.0928
 197        6.4015
 198        6.6236
 199        6.6243
 200        7.0990
 201        7.1005
 202        7.1730
 203        7.2873
 204        7.3003
 205        7.3595
 206        7.3871
 207        7.4429
 208        7.5157
 209        7.6883
 210        7.8006
 211        8.2275
 212        8.7963
 
  0.1875000E+00  0.1875000E+00  0.6250000E-01  0.4687500E-01
   1       -4.3396
   2       -3.3925
   3       -3.3779
   4       -3.3752
   5       -3.3752
   6       -3.3675
   7       -3.3434
   8       -3.3434
   9       -3.3143
  10       -3.3143
  11       -3.2957
  12       -3.2317
  13       -3.2317
  14       -3.0388
  15       -3.0315
  16       -3.0315
  17       -2.9981
  18       -2.9897
  19       -2.9897
  20       -2.9604
  21       -2.9604
  22       -2.9341
  23       -2.9341
  24       -2.8982
  25       -2.8982
  26       -2.8651
  27       -2.8651
  28       -2.8610
  29       -2.8610
  30       -2.8442
  31       -2.8397
  32       -2.8386
  33       -2.8386
  34       -2.8135
  35       -2.8135
  36       -2.7756
  37       -2.7724
  38       -2.7724
  39       -2.7657
  40       -2.7505
  41       -2.7505
  42       -2.7135
  43       -2.7135
  44       -2.6888
  45       -2.6888
  46       -2.6125
  47       -2.6125
  48       -2.5531
  49       -2.5401
  50       -2.5401
  51       -2.5377
  52       -2.5377
  53       -2.5172
  54       -2.5172
  55       -2.4617
  56       -2.4617
  57       -2.4300
  58       -2.4300
  59       -2.4221
  60       -2.4221
  61       -2.4061
  62       -2.4036
  63       -2.4036
  64       -2.3796
  65       -2.3779
  66       -2.3779
  67       -2.3765
  68       -2.3464
  69       -2.3247
  70       -2.3144
  71       -2.3037
  72       -2.3030
  73       -2.2878
  74       -2.2878
  75       -2.2738
  76       -2.2102
  77       -2.2102
  78       -2.1965
  79       -2.1965
  80       -2.1782
  81       -2.1782
  82       -2.1688
  83       -2.1688
  84       -2.1544
  85       -2.1236
  86       -2.1236
  87       -2.1185
  88       -2.1185
  89       -2.0556
  90       -2.0556
  91       -2.0441
  92       -1.9670
  93       -1.9670
  94       -1.9417
  95       -1.9417
  96       -1.9382
  97       -1.9279
  98       -1.8842
  99       -1.8842
 100       -1.8822
 101       -1.8822
 102       -1.8752
 103       -1.8498
 104       -1.8498
 105       -1.8011
 106       -1.7930
 107       -1.7656
 108       -1.7167
 109       -1.7167
 110       -1.6968
 111       -1.6968
 112       -1.6742
 113       -1.6632
 114       -1.6632
 115       -1.6420
 116       -1.6195
 117       -1.6195
 118       -1.6153
 119       -1.6153
 120       -1.5689
 121       -1.5689
 122       -1.5610
 123       -1.5610
 124       -1.5504
 125       -1.5504
 126       -1.5089
 127       -1.5089
 128       -1.5086
 129       -1.5086
 130       -1.4350
 131       -1.4350
 132       -1.4216
 133       -1.4216
 134       -1.4179
 135       -1.4059
 136       -1.4059
 137       -1.3730
 138       -1.3151
 139       -1.3151
 140       -1.3069
 141       -1.2912
 142       -1.2906
 143       -1.2905
 144       -1.2905
 145       -1.2153
 146       -1.1923
 147       -1.1923
 148       -1.1905
 149       -1.1360
 150       -1.1353
 151       -1.1085
 152       -1.1085
 153       -1.1036
 154       -1.0924
 155       -1.0924
 156       -1.0353
 157       -1.0353
 158       -1.0074
 159       -1.0074
 160       -1.0058
 161       -1.0058
 162       -1.0005
 163       -1.0005
 164       -0.9904
 165       -0.8906
 166       -0.4899
 167       -0.4899
 168       -0.2219
 169        0.2190
 170        0.2190
 171        0.7354
 172        0.7354
 173        1.0002
 174        1.2888
 175        1.2888
 176        1.5512
 177        1.8204
 178        1.8204
 179        2.2955
 180        2.2955
 181        2.3657
 182        2.3657
 183        2.9230
 184        3.1851
 185        3.1851
 186        3.8733
 187        4.4847
 188        4.4847
 189        5.1788
 190        5.1788
 191        5.1803
 192        5.6712
 193        5.7848
 194        5.7848
 195        6.0451
 196        6.0451
 197        6.3401
 198        6.3402
 199        6.7599
 200        6.7603
 201        7.2073
 202        7.3425
 203        7.3494
 204        7.7729
 205        7.7908
 206        7.8078
 207        7.8546
 208        7.8722
 209        7.9242
 210        7.9674
 211        8.4663
 212        8.7060
 
  0.3125000E+00  0.1875000E+00  0.6250000E-01  0.9375000E-01
   1       -4.2064
   2       -3.4934
   3       -3.3511
   4       -3.3325
   5       -3.3283
   6       -3.3190
   7       -3.3171
   8       -3.2806
   9       -3.2790
  10       -3.2736
  11       -3.2566
  12       -3.2275
  13       -3.1516
  14       -3.1064
  15       -3.0749
  16       -3.0650
  17       -3.0518
  18       -3.0281
  19       -3.0168
  20       -3.0110
  21       -2.9882
  22       -2.9876
  23       -2.9564
  24       -2.9526
  25       -2.9496
  26       -2.9279
  27       -2.9259
  28       -2.9221
  29       -2.8909
  30       -2.8899
  31       -2.8897
  32       -2.8821
  33       -2.8438
  34       -2.8421
  35       -2.8331
  36       -2.8190
  37       -2.7756
  38       -2.7719
  39       -2.7564
  40       -2.7499
  41       -2.7027
  42       -2.6939
  43       -2.6869
  44       -2.6834
  45       -2.6451
  46       -2.6291
  47       -2.6224
  48       -2.6035
  49       -2.5964
  50       -2.5730
  51       -2.5591
  52       -2.5499
  53       -2.5249
  54       -2.5182
  55       -2.4392
  56       -2.4381
  57       -2.4357
  58       -2.4309
  59       -2.4307
  60       -2.4175
  61       -2.4128
  62       -2.4081
  63       -2.4042
  64       -2.3842
  65       -2.3795
  66       -2.3608
  67       -2.3459
  68       -2.3439
  69       -2.3392
  70       -2.2950
  71       -2.2794
  72       -2.2653
  73       -2.2649
  74       -2.2636
  75       -2.2520
  76       -2.2450
  77       -2.2406
  78       -2.2364
  79       -2.2329
  80       -2.1853
  81       -2.1830
  82       -2.1788
  83       -2.1407
  84       -2.1377
  85       -2.1094
  86       -2.1015
  87       -2.0932
  88       -2.0582
  89       -2.0527
  90       -2.0494
  91       -1.9985
  92       -1.9710
  93       -1.9442
  94       -1.9442
  95       -1.9378
  96       -1.9285
  97       -1.9243
  98       -1.9089
  99       -1.9050
 100       -1.9034
 101       -1.8976
 102       -1.8846
 103       -1.8535
 104       -1.8141
 105       -1.8104
 106       -1.7983
 107       -1.7750
 108       -1.7729
 109       -1.7357
 110       -1.7060
 111       -1.6450
 112       -1.6417
 113       -1.6340
 114       -1.6255
 115       -1.6245
 116       -1.6209
 117       -1.5910
 118       -1.5810
 119       -1.5745
 120       -1.5661
 121       -1.5428
 122       -1.4986
 123       -1.4938
 124       -1.4893
 125       -1.4874
 126       -1.4634
 127       -1.4614
 128       -1.4477
 129       -1.4473
 130       -1.4297
 131       -1.4173
 132       -1.3970
 133       -1.3911
 134       -1.3886
 135       -1.3452
 136       -1.3274
 137       -1.3269
 138       -1.3231
 139       -1.3219
 140       -1.3215
 141       -1.3176
 142       -1.3165
 143       -1.3136
 144       -1.3055
 145       -1.2833
 146       -1.2499
 147       -1.2370
 148       -1.2288
 149       -1.1811
 150       -1.1771
 151       -1.1341
 152       -1.1300
 153       -1.1271
 154       -1.1262
 155       -1.0884
 156       -1.0877
 157       -1.0866
 158       -1.0752
 159       -1.0731
 160       -1.0540
 161       -1.0074
 162       -1.0051
 163       -1.0020
 164       -1.0013
 165       -0.6758
 166       -0.5780
 167       -0.2305
 168       -0.1823
 169        0.1376
 170        0.2555
 171        0.3104
 172        0.6806
 173        0.7968
 174        0.8464
 175        1.2737
 176        1.9019
 177        1.9471
 178        2.2731
 179        2.4238
 180        2.4472
 181        2.4950
 182        2.5746
 183        3.0392
 184        3.4438
 185        3.5844
 186        4.1446
 187        4.3128
 188        4.5394
 189        4.6804
 190        4.8297
 191        4.8994
 192        5.4339
 193        5.4905
 194        5.7655
 195        5.9063
 196        5.9625
 197        6.2564
 198        6.2931
 199        6.4370
 200        6.5009
 201        6.9071
 202        6.9684
 203        7.1710
 204        7.2433
 205        7.3213
 206        7.4422
 207        7.9206
 208        8.0061
 209        8.0432
 210        8.0654
 211        8.1359
 212        8.7302
 
  0.4375000E+00  0.1875000E+00  0.6250000E-01  0.9375000E-01
   1       -4.0125
   2       -3.7679
   3       -3.2802
   4       -3.2629
   5       -3.2628
   6       -3.2426
   7       -3.2351
   8       -3.2267
   9       -3.1925
  10       -3.1864
  11       -3.1809
  12       -3.1801
  13       -3.1714
  14       -3.1711
  15       -3.1574
  16       -3.1393
  17       -3.1352
  18       -3.1330
  19       -3.0818
  20       -3.0701
  21       -3.0607
  22       -3.0469
  23       -3.0184
  24       -2.9881
  25       -2.9633
  26       -2.9565
  27       -2.9454
  28       -2.9373
  29       -2.9290
  30       -2.9282
  31       -2.9241
  32       -2.8560
  33       -2.8261
  34       -2.8259
  35       -2.8211
  36       -2.8095
  37       -2.7555
  38       -2.7374
  39       -2.7331
  40       -2.7322
  41       -2.6962
  42       -2.6864
  43       -2.6861
  44       -2.6788
  45       -2.6501
  46       -2.6292
  47       -2.6243
  48       -2.6160
  49       -2.6086
  50       -2.5922
  51       -2.5700
  52       -2.5391
  53       -2.5243
  54       -2.5054
  55       -2.4916
  56       -2.4908
  57       -2.4738
  58       -2.4679
  59       -2.4613
  60       -2.4490
  61       -2.4114
  62       -2.3960
  63       -2.3864
  64       -2.3578
  65       -2.3470
  66       -2.3341
  67       -2.3190
  68       -2.3132
  69       -2.2964
  70       -2.2942
  71       -2.2908
  72       -2.2656
  73       -2.2478
  74       -2.2438
  75       -2.2325
  76       -2.2263
  77       -2.2207
  78       -2.2111
  79       -2.2092
  80       -2.2090
  81       -2.1971
  82       -2.1949
  83       -2.1926
  84       -2.1831
  85       -2.1681
  86       -2.1614
  87       -2.1473
  88       -2.1432
  89       -2.1415
  90       -2.0925
  91       -2.0901
  92       -2.0771
  93       -1.9434
  94       -1.9360
  95       -1.9318
  96       -1.9194
  97       -1.8328
  98       -1.8160
  99       -1.7868
 100       -1.7738
 101       -1.7661
 102       -1.7598
 103       -1.7537
 104       -1.7508
 105       -1.7426
 106       -1.7382
 107       -1.7108
 108       -1.7036
 109       -1.6861
 110       -1.6849
 111       -1.6759
 112       -1.6744
 113       -1.6633
 114       -1.6265
 115       -1.6053
 116       -1.6003
 117       -1.5926
 118       -1.5891
 119       -1.5785
 120       -1.5742
 121       -1.5707
 122       -1.5503
 123       -1.5465
 124       -1.5173
 125       -1.5124
 126       -1.4790
 127       -1.4759
 128       -1.4514
 129       -1.4458
 130       -1.4308
 131       -1.4017
 132       -1.3975
 133       -1.3741
 134       -1.3650
 135       -1.3618
 136       -1.3439
 137       -1.3358
 138       -1.3102
 139       -1.3075
 140       -1.2780
 141       -1.2744
 142       -1.2667
 143       -1.2637
 144       -1.2570
 145       -1.2417
 146       -1.2402
 147       -1.2388
 148       -1.2387
 149       -1.2050
 150       -1.1876
 151       -1.1757
 152       -1.1713
 153       -1.1712
 154       -1.1654
 155       -1.1628
 156       -1.1586
 157       -1.1577
 158       -1.1211
 159       -1.1143
 160       -1.0070
 161       -1.0054
 162       -1.0042
 163       -1.0032
 164       -0.8745
 165       -0.8283
 166       -0.5286
 167       -0.3942
 168       -0.0648
 169        0.0867
 170        0.3282
 171        0.4465
 172        0.4609
 173        0.8507
 174        0.8998
 175        1.0559
 176        1.6236
 177        2.0182
 178        2.1545
 179        2.5494
 180        2.6265
 181        2.6764
 182        3.2371
 183        3.4692
 184        3.7778
 185        3.7954
 186        4.0416
 187        4.2143
 188        4.3062
 189        4.5199
 190        4.5784
 191        4.9540
 192        4.9754
 193        5.0849
 194        5.4103
 195        5.6234
 196        6.1386
 197        6.2102
 198        6.4486
 199        6.5280
 200        6.5383
 201        6.7455
 202        6.8989
 203        6.9945
 204        7.0605
 205        7.2136
 206        7.2897
 207        7.3104
 208        7.7889
 209        8.0804
 210        8.1201
 211        8.3122
 212        8.5041
 
  0.3125000E+00  0.3125000E+00  0.6250000E-01  0.4687500E-01
   1       -4.0779
   2       -3.3986
   3       -3.3986
   4       -3.3222
   5       -3.3019
   6       -3.2835
   7       -3.2708
   8       -3.2708
   9       -3.2215
  10       -3.2215
  11       -3.2103
  12       -3.2103
  13       -3.1498
  14       -3.0669
  15       -3.0669
  16       -3.0666
  17       -3.0666
  18       -3.0625
  19       -3.0625
  20       -3.0490
  21       -3.0245
  22       -3.0245
  23       -3.0200
  24       -3.0069
  25       -3.0069
  26       -2.9794
  27       -2.9794
  28       -2.9704
  29       -2.9638
  30       -2.9154
  31       -2.9154
  32       -2.9020
  33       -2.9020
  34       -2.9013
  35       -2.9013
  36       -2.8149
  37       -2.8149
  38       -2.8112
  39       -2.8112
  40       -2.8054
  41       -2.8054
  42       -2.6884
  43       -2.6884
  44       -2.6705
  45       -2.6705
  46       -2.6276
  47       -2.6040
  48       -2.6040
  49       -2.5868
  50       -2.5868
  51       -2.5744
  52       -2.5744
  53       -2.5653
  54       -2.5516
  55       -2.5054
  56       -2.4760
  57       -2.4760
  58       -2.4279
  59       -2.3936
  60       -2.3936
  61       -2.3837
  62       -2.3458
  63       -2.3458
  64       -2.3392
  65       -2.3339
  66       -2.3339
  67       -2.2816
  68       -2.2816
  69       -2.2638
  70       -2.2601
  71       -2.2344
  72       -2.2281
  73       -2.1877
  74       -2.1746
  75       -2.1746
  76       -2.1726
  77       -2.1726
  78       -2.1632
  79       -2.1382
  80       -2.1360
  81       -2.1360
  82       -2.1315
  83       -2.1315
  84       -2.1167
  85       -2.0913
  86       -2.0913
  87       -2.0499
  88       -2.0499
  89       -2.0464
  90       -2.0464
  91       -2.0348
  92       -2.0348
  93       -1.9863
  94       -1.9807
  95       -1.9807
  96       -1.9696
  97       -1.9631
  98       -1.9631
  99       -1.9427
 100       -1.9427
 101       -1.8982
 102       -1.8982
 103       -1.8814
 104       -1.8647
 105       -1.8647
 106       -1.8587
 107       -1.7666
 108       -1.7666
 109       -1.7460
 110       -1.7460
 111       -1.7203
 112       -1.6847
 113       -1.6820
 114       -1.6820
 115       -1.6148
 116       -1.5795
 117       -1.5795
 118       -1.5533
 119       -1.5359
 120       -1.5359
 121       -1.5197
 122       -1.5197
 123       -1.4525
 124       -1.4490
 125       -1.4490
 126       -1.4450
 127       -1.4450
 128       -1.4385
 129       -1.4385
 130       -1.4360
 131       -1.4360
 132       -1.4049
 133       -1.4049
 134       -1.3823
 135       -1.3780
 136       -1.3780
 137       -1.3351
 138       -1.3351
 139       -1.3189
 140       -1.2978
 141       -1.2906
 142       -1.2551
 143       -1.2551
 144       -1.2525
 145       -1.2525
 146       -1.2454
 147       -1.2446
 148       -1.2446
 149       -1.1869
 150       -1.1869
 151       -1.1693
 152       -1.1240
 153       -1.1240
 154       -1.1192
 155       -1.1129
 156       -1.1129
 157       -1.0732
 158       -1.0732
 159       -1.0709
 160       -1.0709
 161       -1.0592
 162       -1.0592
 163       -1.0355
 164       -0.9917
 165       -0.8833
 166       -0.5279
 167       -0.1527
 168       -0.1527
 169        0.3131
 170        0.3743
 171        0.3743
 172        0.3906
 173        0.3906
 174        0.9300
 175        1.4944
 176        1.4944
 177        2.5928
 178        2.5928
 179        2.6709
 180        2.6709
 181        2.8307
 182        2.8307
 183        3.1303
 184        3.1303
 185        3.8378
 186        3.8378
 187        4.2361
 188        4.4026
 189        4.5932
 190        4.5932
 191        5.0429
 192        5.0429
 193        5.6058
 194        5.6058
 195        5.7031
 196        5.7031
 197        6.0087
 198        6.0087
 199        6.3909
 200        6.4836
 201        6.4836
 202        6.5330
 203        6.5330
 204        6.8308
 205        6.9364
 206        7.2598
 207        7.9018
 208        7.9191
 209        8.4320
 210        8.6147
 211        8.7234
 212        8.8368
 
  0.4375000E+00  0.3125000E+00  0.6250000E-01  0.9375000E-01
   1       -3.8918
   2       -3.6584
   3       -3.2684
   4       -3.2654
   5       -3.2463
   6       -3.2222
   7       -3.2080
   8       -3.1897
   9       -3.1803
  10       -3.1677
  11       -3.1666
  12       -3.1372
  13       -3.1365
  14       -3.1356
  15       -3.1253
  16       -3.1214
  17       -3.1188
  18       -3.0938
  19       -3.0895
  20       -3.0727
  21       -3.0675
  22       -3.0515
  23       -3.0492
  24       -3.0337
  25       -3.0335
  26       -3.0285
  27       -3.0210
  28       -3.0194
  29       -3.0176
  30       -2.9984
  31       -2.9331
  32       -2.9178
  33       -2.9152
  34       -2.9102
  35       -2.8731
  36       -2.8627
  37       -2.8560
  38       -2.8435
  39       -2.8282
  40       -2.7931
  41       -2.7916
  42       -2.7764
  43       -2.7145
  44       -2.7123
  45       -2.6779
  46       -2.6575
  47       -2.6298
  48       -2.6081
  49       -2.5834
  50       -2.5682
  51       -2.5569
  52       -2.5551
  53       -2.5293
  54       -2.5202
  55       -2.5165
  56       -2.4936
  57       -2.4683
  58       -2.3970
  59       -2.3886
  60       -2.3862
  61       -2.3852
  62       -2.3348
  63       -2.3345
  64       -2.3031
  65       -2.2476
  66       -2.2440
  67       -2.2405
  68       -2.2368
  69       -2.2200
  70       -2.2189
  71       -2.2124
  72       -2.1984
  73       -2.1968
  74       -2.1919
  75       -2.1760
  76       -2.1645
  77       -2.1615
  78       -2.1539
  79       -2.1506
  80       -2.1494
  81       -2.1464
  82       -2.1404
  83       -2.1384
  84       -2.1214
  85       -2.1145
  86       -2.0965
  87       -2.0936
  88       -2.0733
  89       -2.0431
  90       -2.0249
  91       -2.0225
  92       -2.0219
  93       -2.0081
  94       -2.0067
  95       -2.0058
  96       -1.9681
  97       -1.9448
  98       -1.9254
  99       -1.8896
 100       -1.8695
 101       -1.8669
 102       -1.8261
 103       -1.8254
 104       -1.8247
 105       -1.8183
 106       -1.8010
 107       -1.7766
 108       -1.7721
 109       -1.7533
 110       -1.7483
 111       -1.7473
 112       -1.7359
 113       -1.7273
 114       -1.7223
 115       -1.7191
 116       -1.6335
 117       -1.6225
 118       -1.6217
 119       -1.6060
 120       -1.5778
 121       -1.5651
 122       -1.5465
 123       -1.5194
 124       -1.5116
 125       -1.4776
 126       -1.4763
 127       -1.4509
 128       -1.4485
 129       -1.4359
 130       -1.3810
 131       -1.3565
 132       -1.3493
 133       -1.3417
 134       -1.3291
 135       -1.3179
 136       -1.3173
 137       -1.3090
 138       -1.2886
 139       -1.2796
 140       -1.2673
 141       -1.2590
 142       -1.2429
 143       -1.2320
 144       -1.2293
 145       -1.2269
 146       -1.2180
 147       -1.1964
 148       -1.1933
 149       -1.1932
 150       -1.1882
 151       -1.1854
 152       -1.1614
 153       -1.1532
 154       -1.1521
 155       -1.1490
 156       -1.1475
 157       -1.1475
 158       -1.1438
 159       -1.1263
 160       -1.1232
 161       -1.0681
 162       -1.0679
 163       -1.0644
 164       -1.0569
 165       -0.7816
 166       -0.4974
 167       -0.2933
 168       -0.0830
 169        0.0108
 170        0.0613
 171        0.4881
 172        0.6689
 173        0.7121
 174        1.0824
 175        1.0979
 176        1.8680
 177        2.2172
 178        2.7211
 179        2.8370
 180        3.0036
 181        3.0039
 182        3.1833
 183        3.2211
 184        3.3504
 185        3.3980
 186        3.8767
 187        4.1699
 188        4.6719
 189        4.6895
 190        4.7624
 191        4.9429
 192        5.0289
 193        5.2026
 194        5.2246
 195        5.3479
 196        5.6403
 197        5.6981
 198        5.7137
 199        5.8460
 200        6.0098
 201        6.1575
 202        6.3888
 203        6.9929
 204        7.0916
 205        7.2367
 206        7.6486
 207        7.8623
 208        7.8900
 209        7.9869
 210        8.1533
 211        8.3262
 212        8.4880
 
  0.4375000E+00  0.4375000E+00  0.6250000E-01  0.4687500E-01
   1       -3.7183
   2       -3.5037
   3       -3.5037
   4       -3.3170
   5       -3.2265
   6       -3.2052
   7       -3.1807
   8       -3.1626
   9       -3.1626
  10       -3.1397
  11       -3.1397
  12       -3.1306
  13       -3.1306
  14       -3.1254
  15       -3.1179
  16       -3.1179
  17       -3.0899
  18       -3.0846
  19       -3.0809
  20       -3.0809
  21       -3.0663
  22       -3.0663
  23       -3.0439
  24       -3.0439
  25       -3.0324
  26       -3.0324
  27       -3.0024
  28       -3.0024
  29       -2.9742
  30       -2.9742
  31       -2.9736
  32       -2.9736
  33       -2.9550
  34       -2.9550
  35       -2.9504
  36       -2.9504
  37       -2.9454
  38       -2.8918
  39       -2.8918
  40       -2.8779
  41       -2.8779
  42       -2.8300
  43       -2.8300
  44       -2.7173
  45       -2.6675
  46       -2.6675
  47       -2.6174
  48       -2.6174
  49       -2.6131
  50       -2.6131
  51       -2.5699
  52       -2.5699
  53       -2.5381
  54       -2.5259
  55       -2.5259
  56       -2.4859
  57       -2.3910
  58       -2.3753
  59       -2.3700
  60       -2.3700
  61       -2.3230
  62       -2.3106
  63       -2.3106
  64       -2.2893
  65       -2.1908
  66       -2.1822
  67       -2.1776
  68       -2.1669
  69       -2.1650
  70       -2.1424
  71       -2.1424
  72       -2.1315
  73       -2.1308
  74       -2.1308
  75       -2.1261
  76       -2.1244
  77       -2.1244
  78       -2.1021
  79       -2.1021
  80       -2.1012
  81       -2.1012
  82       -2.0860
  83       -2.0755
  84       -2.0463
  85       -2.0463
  86       -2.0171
  87       -2.0171
  88       -2.0160
  89       -2.0160
  90       -2.0115
  91       -2.0115
  92       -2.0067
  93       -1.9974
  94       -1.9974
  95       -1.9844
  96       -1.9844
  97       -1.9337
  98       -1.9320
  99       -1.9320
 100       -1.9176
 101       -1.9176
 102       -1.8946
 103       -1.8946
 104       -1.8859
 105       -1.8542
 106       -1.8542
 107       -1.8401
 108       -1.8401
 109       -1.8305
 110       -1.8249
 111       -1.8249
 112       -1.8228
 113       -1.8228
 114       -1.8037
 115       -1.7978
 116       -1.7978
 117       -1.7768
 118       -1.7175
 119       -1.7175
 120       -1.6633
 121       -1.5554
 122       -1.5262
 123       -1.4903
 124       -1.4903
 125       -1.4376
 126       -1.4376
 127       -1.4183
 128       -1.3953
 129       -1.3953
 130       -1.3564
 131       -1.3564
 132       -1.3423
 133       -1.3423
 134       -1.3058
 135       -1.2789
 136       -1.2789
 137       -1.2691
 138       -1.2691
 139       -1.2634
 140       -1.2509
 141       -1.2509
 142       -1.2201
 143       -1.2201
 144       -1.2126
 145       -1.1916
 146       -1.1910
 147       -1.1907
 148       -1.1907
 149       -1.1607
 150       -1.1607
 151       -1.1578
 152       -1.1578
 153       -1.1547
 154       -1.1547
 155       -1.1485
 156       -1.1464
 157       -1.1464
 158       -1.1433
 159       -1.1433
 160       -1.1413
 161       -1.1413
 162       -1.1347
 163       -1.1347
 164       -1.1032
 165       -0.6503
 166       -0.4125
 167       -0.4125
 168       -0.2327
 169       -0.1139
 170        0.1485
 171        0.1485
 172        0.3656
 173        1.4206
 174        1.4206
 175        1.7973
 176        1.7973
 177        2.1932
 178        2.1932
 179        2.5763
 180        2.5763
 181        3.4823
 182        3.4823
 183        3.5085
 184        3.5085
 185        3.9021
 186        3.9021
 187        4.2684
 188        4.2684
 189        4.7843
 190        4.7843
 191        4.9417
 192        4.9417
 193        5.0987
 194        5.0987
 195        5.1037
 196        5.3562
 197        5.3562
 198        5.5247
 199        5.5247
 200        5.6253
 201        5.9263
 202        6.3386
 203        6.3386
 204        6.9306
 205        7.7998
 206        7.8393
 207        7.8404
 208        7.8461
 209        7.9515
 210        8.4075
 211        8.6046
 212        9.3310
 
  0.1875000E+00  0.1875000E+00  0.1875000E+00  0.1562500E-01
   1       -4.2733
   2       -3.3902
   3       -3.3549
   4       -3.3549
   5       -3.3549
   6       -3.3174
   7       -3.3174
   8       -3.3174
   9       -3.2769
  10       -3.2769
  11       -3.2769
  12       -3.2043
  13       -3.2043
  14       -3.2043
  15       -3.0407
  16       -3.0407
  17       -3.0407
  18       -2.9400
  19       -2.9400
  20       -2.9400
  21       -2.9377
  22       -2.9377
  23       -2.9377
  24       -2.9377
  25       -2.9377
  26       -2.9377
  27       -2.9264
  28       -2.9264
  29       -2.9264
  30       -2.8764
  31       -2.8764
  32       -2.8764
  33       -2.8306
  34       -2.8306
  35       -2.8306
  36       -2.8306
  37       -2.8306
  38       -2.8306
  39       -2.7443
  40       -2.7443
  41       -2.7443
  42       -2.7443
  43       -2.7443
  44       -2.7443
  45       -2.6832
  46       -2.6832
  47       -2.6832
  48       -2.5121
  49       -2.5121
  50       -2.5121
  51       -2.5121
  52       -2.5121
  53       -2.5121
  54       -2.4941
  55       -2.4941
  56       -2.4941
  57       -2.4133
  58       -2.4133
  59       -2.4133
  60       -2.4117
  61       -2.4117
  62       -2.4117
  63       -2.3826
  64       -2.3248
  65       -2.3248
  66       -2.2976
  67       -2.2976
  68       -2.2811
  69       -2.2811
  70       -2.2811
  71       -2.2811
  72       -2.2811
  73       -2.2811
  74       -2.2628
  75       -2.2628
  76       -2.2628
  77       -2.1929
  78       -2.1929
  79       -2.1929
  80       -2.1929
  81       -2.1929
  82       -2.1929
  83       -2.1270
  84       -2.1270
  85       -2.1270
  86       -2.0944
  87       -2.0944
  88       -2.0944
  89       -2.0692
  90       -2.0692
  91       -2.0692
  92       -2.0352
  93       -2.0352
  94       -2.0352
  95       -1.9776
  96       -1.9776
  97       -1.9776
  98       -1.8568
  99       -1.8568
 100       -1.8568
 101       -1.7980
 102       -1.7980
 103       -1.7980
 104       -1.7980
 105       -1.7980
 106       -1.7980
 107       -1.7747
 108       -1.7747
 109       -1.7747
 110       -1.6911
 111       -1.6911
 112       -1.6911
 113       -1.6613
 114       -1.6613
 115       -1.6526
 116       -1.6526
 117       -1.6526
 118       -1.5687
 119       -1.5687
 120       -1.5687
 121       -1.5687
 122       -1.5687
 123       -1.5687
 124       -1.5629
 125       -1.5629
 126       -1.5629
 127       -1.4377
 128       -1.4377
 129       -1.4377
 130       -1.4039
 131       -1.4039
 132       -1.4039
 133       -1.4039
 134       -1.4039
 135       -1.4039
 136       -1.3986
 137       -1.3986
 138       -1.3986
 139       -1.3610
 140       -1.3610
 141       -1.3610
 142       -1.2415
 143       -1.2415
 144       -1.2415
 145       -1.2171
 146       -1.2171
 147       -1.2171
 148       -1.1900
 149       -1.1900
 150       -1.1729
 151       -1.1729
 152       -1.1729
 153       -1.0960
 154       -1.0960
 155       -1.0960
 156       -1.0343
 157       -1.0343
 158       -1.0343
 159       -1.0343
 160       -1.0343
 161       -1.0343
 162       -1.0053
 163       -1.0053
 164       -1.0053
 165       -0.3659
 166       -0.3659
 167       -0.3659
 168       -0.2187
 169       -0.2187
 170       -0.2187
 171        0.5272
 172        1.3306
 173        1.3306
 174        1.3306
 175        1.3306
 176        1.3306
 177        1.3306
 178        2.1428
 179        2.1428
 180        2.1428
 181        2.9706
 182        2.9706
 183        2.9706
 184        3.3184
 185        3.3184
 186        3.3184
 187        4.7905
 188        4.7905
 189        4.7905
 190        5.2709
 191        5.2709
 192        5.2709
 193        5.2709
 194        5.2709
 195        5.2709
 196        6.2424
 197        6.8557
 198        6.8557
 199        6.8558
 200        6.8846
 201        6.8846
 202        6.8846
 203        6.8846
 204        6.8847
 205        6.8848
 206        7.8800
 207        7.8897
 208        7.9262
 209        8.4662
 210        8.4729
 211        8.5576
 212        8.7050
 
  0.3125000E+00  0.1875000E+00  0.1875000E+00  0.4687500E-01
   1       -4.1430
   2       -3.4527
   3       -3.3593
   4       -3.3114
   5       -3.3111
   6       -3.3111
   7       -3.2657
   8       -3.2657
   9       -3.2449
  10       -3.2388
  11       -3.2077
  12       -3.2077
  13       -3.1562
  14       -3.1562
  15       -3.1102
  16       -3.0880
  17       -3.0451
  18       -3.0451
  19       -3.0269
  20       -3.0269
  21       -3.0166
  22       -2.9868
  23       -2.9868
  24       -2.9687
  25       -2.9687
  26       -2.9530
  27       -2.9408
  28       -2.9408
  29       -2.9081
  30       -2.9081
  31       -2.8965
  32       -2.8965
  33       -2.8826
  34       -2.8826
  35       -2.8745
  36       -2.8745
  37       -2.8356
  38       -2.8356
  39       -2.8128
  40       -2.8128
  41       -2.7311
  42       -2.7311
  43       -2.6935
  44       -2.6935
  45       -2.6223
  46       -2.6223
  47       -2.6002
  48       -2.5831
  49       -2.5831
  50       -2.5292
  51       -2.5066
  52       -2.5066
  53       -2.4936
  54       -2.4936
  55       -2.4918
  56       -2.4918
  57       -2.4538
  58       -2.4300
  59       -2.4300
  60       -2.4113
  61       -2.4113
  62       -2.4080
  63       -2.3423
  64       -2.3423
  65       -2.3415
  66       -2.3130
  67       -2.3130
  68       -2.3124
  69       -2.3041
  70       -2.2675
  71       -2.2641
  72       -2.2327
  73       -2.2327
  74       -2.2160
  75       -2.2160
  76       -2.2035
  77       -2.1869
  78       -2.1869
  79       -2.1558
  80       -2.1558
  81       -2.1543
  82       -2.1543
  83       -2.1449
  84       -2.1449
  85       -2.1269
  86       -2.1269
  87       -2.1261
  88       -2.1115
  89       -2.0697
  90       -2.0205
  91       -2.0205
  92       -1.9984
  93       -1.9984
  94       -1.9772
  95       -1.9772
  96       -1.9724
  97       -1.9469
  98       -1.9272
  99       -1.9272
 100       -1.8833
 101       -1.8833
 102       -1.8749
 103       -1.7956
 104       -1.7956
 105       -1.7555
 106       -1.7555
 107       -1.7164
 108       -1.7155
 109       -1.7155
 110       -1.6963
 111       -1.6941
 112       -1.6941
 113       -1.6861
 114       -1.6861
 115       -1.6362
 116       -1.6180
 117       -1.6054
 118       -1.6054
 119       -1.5758
 120       -1.5758
 121       -1.5748
 122       -1.5410
 123       -1.5308
 124       -1.5308
 125       -1.5291
 126       -1.5291
 127       -1.5263
 128       -1.4985
 129       -1.4866
 130       -1.4866
 131       -1.3598
 132       -1.3598
 133       -1.3376
 134       -1.3376
 135       -1.3371
 136       -1.3371
 137       -1.3095
 138       -1.3095
 139       -1.2971
 140       -1.2971
 141       -1.2967
 142       -1.2967
 143       -1.2845
 144       -1.2692
 145       -1.2649
 146       -1.2469
 147       -1.2469
 148       -1.2444
 149       -1.2440
 150       -1.2305
 151       -1.2305
 152       -1.1794
 153       -1.1128
 154       -1.1028
 155       -1.1028
 156       -1.0858
 157       -1.0858
 158       -1.0839
 159       -1.0839
 160       -1.0336
 161       -1.0320
 162       -1.0320
 163       -1.0138
 164       -1.0138
 165       -0.5832
 166       -0.5832
 167       -0.2053
 168       -0.1414
 169       -0.1414
 170        0.1674
 171        0.2641
 172        0.8916
 173        0.8916
 174        1.4156
 175        1.4156
 176        1.9281
 177        1.9281
 178        2.0012
 179        2.0012
 180        2.5511
 181        2.7044
 182        3.0533
 183        3.5682
 184        3.5682
 185        3.6374
 186        3.6374
 187        4.3965
 188        4.3965
 189        4.5629
 190        4.7781
 191        4.7781
 192        5.3081
 193        5.3081
 194        5.4495
 195        5.4495
 196        5.9599
 197        6.0002
 198        6.0002
 199        6.4186
 200        6.4186
 201        6.8855
 202        7.0629
 203        7.0630
 204        7.4204
 205        7.4215
 206        7.5532
 207        7.5597
 208        7.9176
 209        7.9394
 210        8.0374
 211        8.2600
 212        8.7963
 
  0.4375000E+00  0.1875000E+00  0.1875000E+00  0.4687500E-01
   1       -3.9540
   2       -3.7167
   3       -3.2988
   4       -3.2522
   5       -3.2428
   6       -3.2428
   7       -3.2083
   8       -3.1893
   9       -3.1893
  10       -3.1834
  11       -3.1812
  12       -3.1543
  13       -3.1521
  14       -3.1521
  15       -3.1130
  16       -3.1130
  17       -3.1051
  18       -3.0981
  19       -3.0981
  20       -3.0895
  21       -3.0895
  22       -3.0527
  23       -3.0399
  24       -3.0399
  25       -2.9993
  26       -2.9993
  27       -2.9923
  28       -2.9923
  29       -2.9417
  30       -2.9417
  31       -2.9390
  32       -2.9390
  33       -2.9289
  34       -2.9289
  35       -2.8484
  36       -2.8484
  37       -2.8163
  38       -2.8163
  39       -2.7224
  40       -2.7224
  41       -2.7057
  42       -2.7057
  43       -2.6558
  44       -2.6558
  45       -2.6275
  46       -2.6275
  47       -2.5963
  48       -2.5963
  49       -2.5584
  50       -2.5584
  51       -2.5367
  52       -2.5367
  53       -2.5231
  54       -2.5221
  55       -2.4927
  56       -2.4728
  57       -2.4728
  58       -2.4572
  59       -2.4516
  60       -2.4516
  61       -2.4507
  62       -2.4507
  63       -2.3166
  64       -2.3093
  65       -2.3068
  66       -2.3068
  67       -2.2753
  68       -2.2753
  69       -2.2631
  70       -2.2456
  71       -2.2456
  72       -2.2143
  73       -2.2131
  74       -2.2047
  75       -2.2047
  76       -2.2031
  77       -2.2003
  78       -2.2003
  79       -2.1800
  80       -2.1800
  81       -2.1719
  82       -2.1719
  83       -2.1523
  84       -2.1523
  85       -2.1515
  86       -2.1492
  87       -2.1283
  88       -2.0951
  89       -2.0951
  90       -2.0890
  91       -2.0890
  92       -2.0408
  93       -2.0159
  94       -2.0159
  95       -2.0099
  96       -2.0099
  97       -1.8385
  98       -1.8385
  99       -1.8177
 100       -1.7603
 101       -1.7523
 102       -1.7523
 103       -1.7373
 104       -1.7257
 105       -1.7257
 106       -1.7257
 107       -1.7257
 108       -1.7044
 109       -1.7044
 110       -1.6846
 111       -1.6846
 112       -1.6676
 113       -1.6594
 114       -1.6594
 115       -1.6468
 116       -1.6468
 117       -1.6418
 118       -1.6418
 119       -1.6283
 120       -1.5998
 121       -1.5998
 122       -1.5996
 123       -1.5785
 124       -1.5785
 125       -1.5532
 126       -1.5329
 127       -1.5329
 128       -1.4727
 129       -1.4616
 130       -1.4361
 131       -1.3982
 132       -1.3958
 133       -1.3958
 134       -1.3568
 135       -1.3462
 136       -1.3437
 137       -1.3129
 138       -1.3129
 139       -1.3052
 140       -1.3052
 141       -1.2569
 142       -1.2569
 143       -1.2254
 144       -1.2254
 145       -1.2249
 146       -1.2249
 147       -1.2114
 148       -1.2058
 149       -1.2058
 150       -1.1523
 151       -1.1521
 152       -1.1521
 153       -1.1496
 154       -1.1496
 155       -1.1395
 156       -1.1395
 157       -1.1349
 158       -1.1349
 159       -1.1227
 160       -1.0734
 161       -1.0281
 162       -1.0281
 163       -1.0220
 164       -1.0220
 165       -0.8849
 166       -0.8849
 167       -0.1633
 168       -0.0557
 169        0.1530
 170        0.1530
 171        0.4993
 172        0.4993
 173        0.9766
 174        1.5455
 175        1.5455
 176        1.7193
 177        1.7193
 178        1.7490
 179        2.7414
 180        2.7414
 181        3.0685
 182        3.1288
 183        3.5439
 184        3.5439
 185        3.9099
 186        3.9099
 187        4.3197
 188        4.3197
 189        4.3663
 190        4.3663
 191        4.6594
 192        5.1548
 193        5.1548
 194        5.1825
 195        5.7089
 196        5.7089
 197        5.9631
 198        5.9631
 199        6.0340
 200        6.0340
 201        6.7175
 202        6.7176
 203        7.3124
 204        7.3162
 205        7.6089
 206        7.6313
 207        7.6407
 208        7.8329
 209        7.8616
 210        7.9519
 211        8.3086
 212        9.1139
 
  0.3125000E+00  0.3125000E+00  0.1875000E+00  0.4687500E-01
   1       -4.0189
   2       -3.3770
   3       -3.3770
   4       -3.3414
   5       -3.2829
   6       -3.2710
   7       -3.2710
   8       -3.2290
   9       -3.1949
  10       -3.1949
  11       -3.1675
  12       -3.1675
  13       -3.1588
  14       -3.1287
  15       -3.1180
  16       -3.1180
  17       -3.0885
  18       -3.0885
  19       -3.0703
  20       -3.0525
  21       -3.0525
  22       -3.0438
  23       -3.0095
  24       -3.0095
  25       -2.9951
  26       -2.9951
  27       -2.9710
  28       -2.9542
  29       -2.9542
  30       -2.9324
  31       -2.9324
  32       -2.9300
  33       -2.9300
  34       -2.9165
  35       -2.9165
  36       -2.8969
  37       -2.8969
  38       -2.8415
  39       -2.8415
  40       -2.7961
  41       -2.7961
  42       -2.7290
  43       -2.6889
  44       -2.6889
  45       -2.6059
  46       -2.6059
  47       -2.5626
  48       -2.5626
  49       -2.5576
  50       -2.5576
  51       -2.5486
  52       -2.5486
  53       -2.5309
  54       -2.5062
  55       -2.4775
  56       -2.4775
  57       -2.4662
  58       -2.4662
  59       -2.4335
  60       -2.4191
  61       -2.4136
  62       -2.3142
  63       -2.3142
  64       -2.3027
  65       -2.2840
  66       -2.2840
  67       -2.2798
  68       -2.2517
  69       -2.2383
  70       -2.1994
  71       -2.1994
  72       -2.1970
  73       -2.1970
  74       -2.1854
  75       -2.1741
  76       -2.1640
  77       -2.1640
  78       -2.1499
  79       -2.1499
  80       -2.1409
  81       -2.1409
  82       -2.1332
  83       -2.1332
  84       -2.1163
  85       -2.1069
  86       -2.0816
  87       -2.0816
  88       -2.0703
  89       -2.0473
  90       -2.0443
  91       -2.0443
  92       -2.0309
  93       -2.0309
  94       -1.9929
  95       -1.9920
  96       -1.9920
  97       -1.9641
  98       -1.9641
  99       -1.8837
 100       -1.8837
 101       -1.8705
 102       -1.8705
 103       -1.8218
 104       -1.8218
 105       -1.7853
 106       -1.7844
 107       -1.7844
 108       -1.7567
 109       -1.7437
 110       -1.7006
 111       -1.6744
 112       -1.6744
 113       -1.6602
 114       -1.6602
 115       -1.6583
 116       -1.6496
 117       -1.6496
 118       -1.6369
 119       -1.6369
 120       -1.6324
 121       -1.5716
 122       -1.5716
 123       -1.5664
 124       -1.5664
 125       -1.5352
 126       -1.5352
 127       -1.4930
 128       -1.4930
 129       -1.4561
 130       -1.4561
 131       -1.4206
 132       -1.4206
 133       -1.4194
 134       -1.3958
 135       -1.3662
 136       -1.3447
 137       -1.3303
 138       -1.2897
 139       -1.2897
 140       -1.2730
 141       -1.2730
 142       -1.2533
 143       -1.2479
 144       -1.2479
 145       -1.2390
 146       -1.2325
 147       -1.2325
 148       -1.2251
 149       -1.2251
 150       -1.1788
 151       -1.1661
 152       -1.1661
 153       -1.1055
 154       -1.1055
 155       -1.1035
 156       -1.1035
 157       -1.0911
 158       -1.0793
 159       -1.0793
 160       -1.0766
 161       -1.0766
 162       -1.0367
 163       -1.0367
 164       -1.0323
 165       -0.8985
 166       -0.5870
 167       -0.5870
 168       -0.2334
 169        0.0357
 170        0.4925
 171        0.4925
 172        0.9855
 173        0.9855
 174        1.5538
 175        1.5538
 176        1.6088
 177        2.1073
 178        2.1073
 179        2.6222
 180        2.6222
 181        2.7879
 182        2.7879
 183        3.7182
 184        3.7182
 185        3.8033
 186        3.9267
 187        3.9267
 188        4.2923
 189        4.5557
 190        4.5557
 191        4.9368
 192        4.9368
 193        4.9667
 194        4.9667
 195        5.5406
 196        5.5406
 197        5.9054
 198        5.9751
 199        6.1664
 200        6.1664
 201        6.5945
 202        6.5945
 203        7.1100
 204        7.1107
 205        7.5424
 206        7.6445
 207        7.6460
 208        7.9110
 209        8.2157
 210        8.2810
 211        8.6784
 212        8.8046
 
  0.4375000E+00  0.3125000E+00  0.1875000E+00  0.9375000E-01
   1       -3.8402
   2       -3.6187
   3       -3.2958
   4       -3.2779
   5       -3.2294
   6       -3.2215
   7       -3.2170
   8       -3.2056
   9       -3.1710
  10       -3.1707
  11       -3.1544
  12       -3.1541
  13       -3.1515
  14       -3.1403
  15       -3.1247
  16       -3.1169
  17       -3.1124
  18       -3.1065
  19       -3.0925
  20       -3.0721
  21       -3.0434
  22       -3.0433
  23       -3.0408
  24       -3.0356
  25       -3.0279
  26       -3.0274
  27       -3.0261
  28       -3.0223
  29       -3.0164
  30       -2.9778
  31       -2.9669
  32       -2.9598
  33       -2.9486
  34       -2.9354
  35       -2.9270
  36       -2.9132
  37       -2.9034
  38       -2.8988
  39       -2.8269
  40       -2.7866
  41       -2.7098
  42       -2.7070
  43       -2.7038
  44       -2.6699
  45       -2.6379
  46       -2.6261
  47       -2.6112
  48       -2.6086
  49       -2.5875
  50       -2.5490
  51       -2.5358
  52       -2.5205
  53       -2.5062
  54       -2.5051
  55       -2.5011
  56       -2.4953
  57       -2.4518
  58       -2.4482
  59       -2.4441
  60       -2.4409
  61       -2.3647
  62       -2.2982
  63       -2.2921
  64       -2.2905
  65       -2.2458
  66       -2.2125
  67       -2.2112
  68       -2.2084
  69       -2.2005
  70       -2.1979
  71       -2.1961
  72       -2.1919
  73       -2.1904
  74       -2.1615
  75       -2.1556
  76       -2.1552
  77       -2.1525
  78       -2.1489
  79       -2.1479
  80       -2.1403
  81       -2.1252
  82       -2.1157
  83       -2.0999
  84       -2.0922
  85       -2.0856
  86       -2.0845
  87       -2.0810
  88       -2.0807
  89       -2.0774
  90       -2.0761
  91       -2.0695
  92       -2.0634
  93       -2.0504
  94       -2.0197
  95       -1.9788
  96       -1.9724
  97       -1.9220
  98       -1.9026
  99       -1.8825
 100       -1.8547
 101       -1.8339
 102       -1.8317
 103       -1.8082
 104       -1.8037
 105       -1.7888
 106       -1.7858
 107       -1.7749
 108       -1.7513
 109       -1.7408
 110       -1.7382
 111       -1.7375
 112       -1.7287
 113       -1.7170
 114       -1.6954
 115       -1.6867
 116       -1.6752
 117       -1.6481
 118       -1.6202
 119       -1.6192
 120       -1.6017
 121       -1.5929
 122       -1.5914
 123       -1.5867
 124       -1.5788
 125       -1.5336
 126       -1.5254
 127       -1.5229
 128       -1.5218
 129       -1.5050
 130       -1.4613
 131       -1.4582
 132       -1.4388
 133       -1.4335
 134       -1.4091
 135       -1.3898
 136       -1.3640
 137       -1.3392
 138       -1.3302
 139       -1.3081
 140       -1.2274
 141       -1.2008
 142       -1.1993
 143       -1.1978
 144       -1.1868
 145       -1.1812
 146       -1.1727
 147       -1.1726
 148       -1.1721
 149       -1.1620
 150       -1.1588
 151       -1.1503
 152       -1.1429
 153       -1.1380
 154       -1.1374
 155       -1.1340
 156       -1.1336
 157       -1.1278
 158       -1.1177
 159       -1.1122
 160       -1.1091
 161       -1.0692
 162       -1.0680
 163       -1.0653
 164       -1.0518
 165       -1.0506
 166       -0.8978
 167       -0.5686
 168       -0.4758
 169        0.2906
 170        0.6099
 171        0.7943
 172        1.1339
 173        1.1509
 174        1.2063
 175        1.3414
 176        1.9806
 177        2.2596
 178        2.2882
 179        2.4436
 180        2.8662
 181        3.0844
 182        3.1098
 183        3.2940
 184        3.4946
 185        3.6858
 186        3.7042
 187        4.1283
 188        4.4194
 189        4.5219
 190        4.7108
 191        4.7461
 192        4.8681
 193        5.0014
 194        5.2042
 195        5.2318
 196        5.3643
 197        5.5408
 198        5.5842
 199        5.7846
 200        6.2793
 201        6.4116
 202        6.5929
 203        6.7282
 204        7.1969
 205        7.3574
 206        7.7119
 207        7.9209
 208        8.2406
 209        8.2552
 210        8.3586
 211        8.7061
 212        9.0238
 
  0.4375000E+00  0.4375000E+00  0.1875000E+00  0.4687500E-01
   1       -3.6788
   2       -3.4836
   3       -3.4836
   4       -3.3269
   5       -3.2693
   6       -3.2176
   7       -3.2176
   8       -3.1953
   9       -3.1913
  10       -3.1563
  11       -3.1563
  12       -3.1374
  13       -3.1288
  14       -3.1288
  15       -3.1005
  16       -3.1005
  17       -3.0879
  18       -3.0879
  19       -3.0836
  20       -3.0719
  21       -3.0719
  22       -3.0719
  23       -3.0557
  24       -3.0557
  25       -3.0236
  26       -3.0236
  27       -3.0092
  28       -3.0092
  29       -2.9927
  30       -2.9927
  31       -2.9851
  32       -2.9851
  33       -2.9489
  34       -2.9489
  35       -2.9258
  36       -2.9258
  37       -2.9244
  38       -2.8977
  39       -2.8977
  40       -2.8131
  41       -2.8131
  42       -2.8116
  43       -2.8116
  44       -2.7043
  45       -2.6285
  46       -2.6285
  47       -2.5917
  48       -2.5917
  49       -2.5862
  50       -2.5862
  51       -2.5550
  52       -2.5550
  53       -2.5105
  54       -2.4658
  55       -2.4658
  56       -2.4536
  57       -2.4536
  58       -2.4488
  59       -2.4442
  60       -2.4379
  61       -2.2807
  62       -2.2714
  63       -2.2714
  64       -2.2564
  65       -2.2115
  66       -2.1900
  67       -2.1726
  68       -2.1691
  69       -2.1691
  70       -2.1483
  71       -2.1483
  72       -2.1458
  73       -2.1458
  74       -2.1360
  75       -2.1305
  76       -2.1299
  77       -2.1237
  78       -2.1079
  79       -2.1079
  80       -2.1026
  81       -2.0923
  82       -2.0923
  83       -2.0653
  84       -2.0653
  85       -2.0586
  86       -2.0407
  87       -2.0407
  88       -2.0079
  89       -2.0079
  90       -2.0043
  91       -2.0043
  92       -1.9626
  93       -1.9626
  94       -1.9468
  95       -1.9450
  96       -1.9333
  97       -1.9333
  98       -1.9294
  99       -1.9294
 100       -1.9253
 101       -1.8868
 102       -1.8868
 103       -1.8835
 104       -1.8835
 105       -1.8550
 106       -1.8550
 107       -1.8482
 108       -1.8482
 109       -1.8469
 110       -1.8469
 111       -1.7876
 112       -1.7876
 113       -1.7705
 114       -1.7498
 115       -1.7498
 116       -1.7434
 117       -1.7274
 118       -1.7274
 119       -1.7107
 120       -1.6941
 121       -1.6098
 122       -1.5447
 123       -1.5351
 124       -1.5351
 125       -1.5238
 126       -1.5238
 127       -1.4858
 128       -1.4858
 129       -1.4669
 130       -1.4575
 131       -1.4575
 132       -1.4511
 133       -1.4511
 134       -1.3983
 135       -1.3983
 136       -1.3695
 137       -1.3695
 138       -1.3455
 139       -1.3272
 140       -1.2920
 141       -1.1645
 142       -1.1645
 143       -1.1595
 144       -1.1430
 145       -1.1430
 146       -1.1348
 147       -1.1348
 148       -1.1318
 149       -1.1318
 150       -1.1316
 151       -1.1310
 152       -1.1310
 153       -1.1298
 154       -1.1298
 155       -1.1200
 156       -1.1200
 157       -1.1143
 158       -1.1143
 159       -1.1116
 160       -1.1116
 161       -1.1025
 162       -1.0952
 163       -1.0866
 164       -1.0866
 165       -1.0845
 166       -0.8842
 167       -0.8842
 168       -0.7636
 169        0.5023
 170        0.7850
 171        0.7850
 172        1.0288
 173        1.5131
 174        1.5131
 175        1.8774
 176        1.8774
 177        2.2929
 178        2.2929
 179        2.6652
 180        2.6652
 181        3.0371
 182        3.0371
 183        3.2178
 184        3.2178
 185        3.8715
 186        3.8715
 187        3.9971
 188        3.9971
 189        4.4334
 190        4.8070
 191        4.8070
 192        4.9591
 193        4.9591
 194        5.1556
 195        5.1914
 196        5.1914
 197        5.5926
 198        5.5926
 199        5.7121
 200        5.9024
 201        5.9024
 202        6.4430
 203        6.4430
 204        7.1209
 205        7.2921
 206        8.0567
 207        8.0854
 208        8.5498
 209        8.5879
 210        8.6622
 211        8.7109
 212        8.8792
 
  0.3125000E+00  0.3125000E+00  0.3125000E+00  0.1562500E-01
   1       -3.9043
   2       -3.3379
   3       -3.3379
   4       -3.3379
   5       -3.3379
   6       -3.2475
   7       -3.2475
   8       -3.2475
   9       -3.1738
  10       -3.1738
  11       -3.1738
  12       -3.1642
  13       -3.1642
  14       -3.1642
  15       -3.0912
  16       -3.0912
  17       -3.0912
  18       -3.0860
  19       -3.0860
  20       -3.0860
  21       -3.0287
  22       -3.0287
  23       -3.0287
  24       -3.0287
  25       -3.0287
  26       -3.0287
  27       -2.9928
  28       -2.9928
  29       -2.9928
  30       -2.9820
  31       -2.9820
  32       -2.9820
  33       -2.9820
  34       -2.9820
  35       -2.9820
  36       -2.8365
  37       -2.8365
  38       -2.8365
  39       -2.7640
  40       -2.7640
  41       -2.7640
  42       -2.7640
  43       -2.7640
  44       -2.7640
  45       -2.5547
  46       -2.5547
  47       -2.5547
  48       -2.5547
  49       -2.5547
  50       -2.5547
  51       -2.5539
  52       -2.5539
  53       -2.5539
  54       -2.4837
  55       -2.4837
  56       -2.4837
  57       -2.4683
  58       -2.4683
  59       -2.4683
  60       -2.3972
  61       -2.2939
  62       -2.2939
  63       -2.2939
  64       -2.2756
  65       -2.2756
  66       -2.2342
  67       -2.2342
  68       -2.1895
  69       -2.1895
  70       -2.1895
  71       -2.1895
  72       -2.1895
  73       -2.1895
  74       -2.1570
  75       -2.1570
  76       -2.1570
  77       -2.1466
  78       -2.1466
  79       -2.1466
  80       -2.1129
  81       -2.1129
  82       -2.1129
  83       -2.1037
  84       -2.1037
  85       -2.1037
  86       -2.0428
  87       -2.0428
  88       -2.0428
  89       -2.0414
  90       -2.0414
  91       -2.0414
  92       -2.0414
  93       -2.0414
  94       -2.0414
  95       -1.9765
  96       -1.9765
  97       -1.9765
  98       -1.8522
  99       -1.8522
 100       -1.8522
 101       -1.8315
 102       -1.8315
 103       -1.8315
 104       -1.7862
 105       -1.7862
 106       -1.7862
 107       -1.7862
 108       -1.7862
 109       -1.7862
 110       -1.7621
 111       -1.7621
 112       -1.7621
 113       -1.6844
 114       -1.6844
 115       -1.6844
 116       -1.6628
 117       -1.6628
 118       -1.6450
 119       -1.6450
 120       -1.6450
 121       -1.5773
 122       -1.5773
 123       -1.5773
 124       -1.5704
 125       -1.5704
 126       -1.5704
 127       -1.5704
 128       -1.5704
 129       -1.5704
 130       -1.4908
 131       -1.4908
 132       -1.4908
 133       -1.4725
 134       -1.4725
 135       -1.4725
 136       -1.3989
 137       -1.3989
 138       -1.3989
 139       -1.3254
 140       -1.3254
 141       -1.1942
 142       -1.1942
 143       -1.1942
 144       -1.1834
 145       -1.1834
 146       -1.1834
 147       -1.1834
 148       -1.1834
 149       -1.1834
 150       -1.1223
 151       -1.1223
 152       -1.1223
 153       -1.0910
 154       -1.0910
 155       -1.0910
 156       -1.0910
 157       -1.0910
 158       -1.0910
 159       -1.0859
 160       -1.0859
 161       -1.0859
 162       -1.0346
 163       -1.0346
 164       -1.0346
 165       -0.9258
 166       -0.9258
 167       -0.9258
 168       -0.6818
 169        0.6861
 170        0.6861
 171        0.6861
 172        1.6723
 173        1.6723
 174        1.6723
 175        1.6723
 176        1.6723
 177        1.6723
 178        2.3436
 179        2.3436
 180        2.3436
 181        3.0083
 182        3.0083
 183        3.0083
 184        4.0978
 185        4.0978
 186        4.0978
 187        4.0978
 188        4.0978
 189        4.0978
 190        4.3304
 191        4.3304
 192        4.3304
 193        5.1578
 194        5.1578
 195        5.1578
 196        5.4841
 197        5.4841
 198        5.4841
 199        6.7727
 200        6.7727
 201        6.7727
 202        6.7727
 203        6.7727
 204        6.7729
 205        7.7395
 206        7.7395
 207        7.7395
 208        7.7404
 209        7.7438
 210        7.8560
 211        8.5404
 212        9.5210
 
  0.4375000E+00  0.3125000E+00  0.3125000E+00  0.4687500E-01
   1       -3.7414
   2       -3.5446
   3       -3.3097
   4       -3.2874
   5       -3.2874
   6       -3.2550
   7       -3.2314
   8       -3.2314
   9       -3.2002
  10       -3.1983
  11       -3.1983
  12       -3.1462
  13       -3.1245
  14       -3.1245
  15       -3.1180
  16       -3.1180
  17       -3.0964
  18       -3.0717
  19       -3.0717
  20       -3.0568
  21       -3.0568
  22       -3.0358
  23       -3.0333
  24       -3.0333
  25       -3.0324
  26       -3.0324
  27       -3.0215
  28       -3.0201
  29       -3.0201
  30       -3.0034
  31       -3.0034
  32       -2.9857
  33       -2.9857
  34       -2.9846
  35       -2.9846
  36       -2.9367
  37       -2.8723
  38       -2.8723
  39       -2.7273
  40       -2.7273
  41       -2.7124
  42       -2.7124
  43       -2.6805
  44       -2.6805
  45       -2.6409
  46       -2.6409
  47       -2.6209
  48       -2.6209
  49       -2.6037
  50       -2.6037
  51       -2.5534
  52       -2.5270
  53       -2.5205
  54       -2.5205
  55       -2.4976
  56       -2.4976
  57       -2.4299
  58       -2.4014
  59       -2.3572
  60       -2.3572
  61       -2.2944
  62       -2.2944
  63       -2.2593
  64       -2.2583
  65       -2.2513
  66       -2.2078
  67       -2.2059
  68       -2.2039
  69       -2.1658
  70       -2.1627
  71       -2.1589
  72       -2.1589
  73       -2.1523
  74       -2.1523
  75       -2.1493
  76       -2.1493
  77       -2.1316
  78       -2.1316
  79       -2.1170
  80       -2.1170
  81       -2.0990
  82       -2.0990
  83       -2.0782
  84       -2.0782
  85       -2.0748
  86       -2.0748
  87       -2.0437
  88       -2.0437
  89       -2.0428
  90       -2.0428
  91       -2.0405
  92       -2.0405
  93       -2.0200
  94       -1.9854
  95       -1.9854
  96       -1.9562
  97       -1.9271
  98       -1.8915
  99       -1.8915
 100       -1.8825
 101       -1.8825
 102       -1.8620
 103       -1.8535
 104       -1.8535
 105       -1.7580
 106       -1.7580
 107       -1.7566
 108       -1.7566
 109       -1.7312
 110       -1.7312
 111       -1.7165
 112       -1.7146
 113       -1.7019
 114       -1.7019
 115       -1.6917
 116       -1.6832
 117       -1.6645
 118       -1.6645
 119       -1.6598
 120       -1.6598
 121       -1.6280
 122       -1.6280
 123       -1.6273
 124       -1.6273
 125       -1.6098
 126       -1.5915
 127       -1.5829
 128       -1.5775
 129       -1.5775
 130       -1.5451
 131       -1.5326
 132       -1.5051
 133       -1.5051
 134       -1.4857
 135       -1.4512
 136       -1.4512
 137       -1.4382
 138       -1.4247
 139       -1.3713
 140       -1.3713
 141       -1.1809
 142       -1.1809
 143       -1.1525
 144       -1.1525
 145       -1.1427
 146       -1.1427
 147       -1.1410
 148       -1.1386
 149       -1.1386
 150       -1.1210
 151       -1.1210
 152       -1.1179
 153       -1.1179
 154       -1.1166
 155       -1.1166
 156       -1.1095
 157       -1.1095
 158       -1.1032
 159       -1.0890
 160       -1.0890
 161       -1.0784
 162       -1.0707
 163       -1.0707
 164       -1.0492
 165       -1.0492
 166       -1.0492
 167       -0.9532
 168       -0.9263
 169        0.9558
 170        0.9558
 171        1.2874
 172        1.2874
 173        1.4100
 174        1.8478
 175        1.8478
 176        2.0755
 177        2.0755
 178        2.1920
 179        2.4265
 180        2.4265
 181        3.1236
 182        3.2396
 183        3.2396
 184        3.3120
 185        3.3120
 186        3.6800
 187        3.6800
 188        3.9013
 189        4.3359
 190        4.3359
 191        4.5833
 192        4.5833
 193        4.9143
 194        5.1379
 195        5.2473
 196        5.2473
 197        5.9542
 198        5.9542
 199        6.1527
 200        6.1527
 201        6.9095
 202        6.9095
 203        7.0257
 204        7.0257
 205        7.3499
 206        7.3499
 207        7.4140
 208        7.4141
 209        8.0697
 210        8.0717
 211        8.4355
 212        8.4962
 
  0.4375000E+00  0.4375000E+00  0.3125000E+00  0.4687500E-01
   1       -3.6049
   2       -3.4463
   3       -3.4463
   4       -3.3372
   5       -3.3043
   6       -3.2887
   7       -3.2780
   8       -3.2780
   9       -3.1664
  10       -3.1578
  11       -3.1578
  12       -3.1135
  13       -3.1135
  14       -3.1105
  15       -3.1105
  16       -3.1024
  17       -3.0914
  18       -3.0914
  19       -3.0814
  20       -3.0753
  21       -3.0748
  22       -3.0748
  23       -3.0708
  24       -3.0708
  25       -3.0588
  26       -3.0588
  27       -3.0369
  28       -3.0369
  29       -3.0340
  30       -3.0340
  31       -3.0267
  32       -3.0267
  33       -2.9190
  34       -2.9190
  35       -2.8818
  36       -2.8319
  37       -2.8319
  38       -2.8091
  39       -2.8091
  40       -2.7739
  41       -2.7739
  42       -2.7243
  43       -2.7243
  44       -2.6768
  45       -2.6415
  46       -2.6415
  47       -2.6267
  48       -2.5866
  49       -2.5866
  50       -2.5848
  51       -2.5848
  52       -2.5484
  53       -2.5484
  54       -2.5481
  55       -2.5481
  56       -2.5071
  57       -2.3606
  58       -2.3494
  59       -2.3494
  60       -2.3004
  61       -2.2474
  62       -2.2457
  63       -2.2418
  64       -2.2418
  65       -2.2269
  66       -2.1989
  67       -2.1950
  68       -2.1950
  69       -2.1867
  70       -2.1731
  71       -2.1731
  72       -2.1689
  73       -2.1682
  74       -2.1550
  75       -2.1550
  76       -2.1088
  77       -2.0819
  78       -2.0727
  79       -2.0727
  80       -2.0624
  81       -2.0624
  82       -2.0608
  83       -2.0608
  84       -2.0294
  85       -2.0294
  86       -2.0173
  87       -2.0117
  88       -2.0117
  89       -1.9872
  90       -1.9872
  91       -1.9812
  92       -1.9777
  93       -1.9635
  94       -1.9383
  95       -1.9383
  96       -1.9156
  97       -1.9156
  98       -1.8942
  99       -1.8942
 100       -1.8810
 101       -1.8810
 102       -1.8785
 103       -1.8785
 104       -1.8677
 105       -1.8677
 106       -1.8464
 107       -1.8464
 108       -1.8342
 109       -1.8218
 110       -1.8218
 111       -1.7564
 112       -1.7564
 113       -1.7522
 114       -1.7415
 115       -1.7415
 116       -1.6941
 117       -1.6841
 118       -1.6822
 119       -1.6713
 120       -1.6713
 121       -1.6622
 122       -1.6622
 123       -1.6295
 124       -1.6295
 125       -1.6212
 126       -1.6087
 127       -1.6087
 128       -1.5769
 129       -1.5752
 130       -1.5752
 131       -1.5455
 132       -1.5336
 133       -1.5336
 134       -1.4978
 135       -1.4978
 136       -1.4938
 137       -1.4938
 138       -1.4333
 139       -1.4241
 140       -1.3830
 141       -1.3690
 142       -1.2308
 143       -1.2308
 144       -1.2210
 145       -1.1190
 146       -1.1140
 147       -1.1140
 148       -1.1035
 149       -1.1035
 150       -1.1021
 151       -1.1021
 152       -1.1020
 153       -1.1020
 154       -1.0926
 155       -1.0926
 156       -1.0914
 157       -1.0914
 158       -1.0894
 159       -1.0894
 160       -1.0881
 161       -1.0808
 162       -1.0808
 163       -1.0792
 164       -1.0792
 165       -1.0767
 166       -1.0642
 167       -1.0568
 168       -1.0568
 169        1.1903
 170        1.4898
 171        1.4898
 172        1.6909
 173        1.6909
 174        1.7544
 175        2.0331
 176        2.0331
 177        2.4831
 178        2.4831
 179        2.6243
 180        2.6243
 181        2.8363
 182        2.8363
 183        2.8674
 184        2.8674
 185        3.4572
 186        3.4572
 187        3.5945
 188        3.7111
 189        3.7111
 190        3.9409
 191        3.9409
 192        4.2596
 193        5.4662
 194        5.4662
 195        5.7749
 196        5.7749
 197        5.8825
 198        6.2024
 199        6.2024
 200        6.5229
 201        6.5229
 202        6.6219
 203        6.6219
 204        6.8429
 205        7.3361
 206        7.6045
 207        7.6220
 208        7.6949
 209        7.8482
 210        8.1601
 211        8.2725
 212        8.4713
 
  0.4375000E+00  0.4375000E+00  0.4375000E+00  0.1562500E-01
   1       -3.5065
   2       -3.3965
   3       -3.3965
   4       -3.3965
   5       -3.3390
   6       -3.3390
   7       -3.3390
   8       -3.3282
   9       -3.1357
  10       -3.1357
  11       -3.1357
  12       -3.1051
  13       -3.1051
  14       -3.1051
  15       -3.0910
  16       -3.0910
  17       -3.0910
  18       -3.0910
  19       -3.0910
  20       -3.0910
  21       -3.0800
  22       -3.0800
  23       -3.0800
  24       -3.0771
  25       -3.0771
  26       -3.0771
  27       -3.0771
  28       -3.0771
  29       -3.0771
  30       -3.0720
  31       -3.0720
  32       -3.0720
  33       -2.8169
  34       -2.8169
  35       -2.8169
  36       -2.7308
  37       -2.7308
  38       -2.7308
  39       -2.7160
  40       -2.7160
  41       -2.7160
  42       -2.7160
  43       -2.7160
  44       -2.7160
  45       -2.6392
  46       -2.6392
  47       -2.6392
  48       -2.6392
  49       -2.6392
  50       -2.6392
  51       -2.6334
  52       -2.6334
  53       -2.6334
  54       -2.5751
  55       -2.5751
  56       -2.5751
  57       -2.2446
  58       -2.2294
  59       -2.2294
  60       -2.2294
  61       -2.2240
  62       -2.2240
  63       -2.2202
  64       -2.2202
  65       -2.2202
  66       -2.2036
  67       -2.2036
  68       -2.2036
  69       -2.2014
  70       -2.2014
  71       -2.1923
  72       -2.1923
  73       -2.1923
  74       -2.1165
  75       -2.1165
  76       -2.1165
  77       -2.0122
  78       -2.0122
  79       -2.0122
  80       -2.0122
  81       -2.0122
  82       -2.0122
  83       -1.9907
  84       -1.9907
  85       -1.9907
  86       -1.9818
  87       -1.9818
  88       -1.9818
  89       -1.9524
  90       -1.9524
  91       -1.9524
  92       -1.9524
  93       -1.9524
  94       -1.9524
  95       -1.9501
  96       -1.9501
  97       -1.9501
  98       -1.9232
  99       -1.9232
 100       -1.9232
 101       -1.8865
 102       -1.8865
 103       -1.8865
 104       -1.8315
 105       -1.8315
 106       -1.8314
 107       -1.7899
 108       -1.7899
 109       -1.7899
 110       -1.7899
 111       -1.7899
 112       -1.7899
 113       -1.7899
 114       -1.7899
 115       -1.7899
 116       -1.7371
 117       -1.7371
 118       -1.7371
 119       -1.6967
 120       -1.6967
 121       -1.6967
 122       -1.6967
 123       -1.6967
 124       -1.6967
 125       -1.6635
 126       -1.6387
 127       -1.6387
 128       -1.6387
 129       -1.6080
 130       -1.6080
 131       -1.5894
 132       -1.5894
 133       -1.5894
 134       -1.5832
 135       -1.5832
 136       -1.5832
 137       -1.5224
 138       -1.5224
 139       -1.5224
 140       -1.4816
 141       -1.4816
 142       -1.4278
 143       -1.4278
 144       -1.4278
 145       -1.0871
 146       -1.0871
 147       -1.0871
 148       -1.0735
 149       -1.0735
 150       -1.0735
 151       -1.0735
 152       -1.0735
 153       -1.0735
 154       -1.0735
 155       -1.0735
 156       -1.0735
 157       -1.0735
 158       -1.0735
 159       -1.0735
 160       -1.0719
 161       -1.0719
 162       -1.0719
 163       -1.0624
 164       -1.0624
 165       -1.0624
 166       -1.0550
 167       -1.0550
 168       -1.0550
 169        1.9426
 170        1.9426
 171        1.9426
 172        2.2569
 173        2.2569
 174        2.2569
 175        2.2569
 176        2.2569
 177        2.2569
 178        2.5391
 179        2.5391
 180        2.5391
 181        2.7497
 182        2.7497
 183        2.7497
 184        3.0785
 185        3.0785
 186        3.0785
 187        3.0785
 188        3.0785
 189        3.0785
 190        3.3776
 191        3.3776
 192        3.3776
 193        6.1318
 194        6.1319
 195        6.1320
 196        6.4540
 197        6.4542
 198        6.4573
 199        6.8778
 200        6.8778
 201        6.8783
 202        6.8820
 203        6.8904
 204        6.9194
 205        7.2062
 206        7.2062
 207        7.2084
 208        7.2202
 209        7.3940
 210        7.5747
 211        7.6989
 212        7.8866
