   32   32    1    1
  0.1959443E+02  0.8559089E-09  0.8559089E-09  0.8559089E-09  0.5000000E-15
  1.000000000000000E-004
  CAR 
 al100                                   
   96    6   68
 
  0.0000000E+00  0.0000000E+00  0.0000000E+00  0.3703704E-01
   1       -3.6814
   2       -1.6802
   3       -1.6736
   4       -1.6736
   5       -1.6735
   6       -1.6735
   7       -1.6670
   8        0.2976
   9        0.3063
  10        0.3063
  11        0.3091
  12        0.3094
  13        0.3094
  14        0.3094
  15        0.3094
  16        0.3096
  17        0.3124
  18        0.3124
  19        0.3211
  20        2.1523
  21        2.1523
  22        2.1524
  23        2.1524
  24        2.3908
  25        2.3909
  26        2.3909
  27        2.3909
  28        3.8087
  29        3.8087
  30        3.8088
  31        4.6935
  32        4.6936
  33        4.6936
  34        5.6828
  35        5.6828
  36        5.6906
  37        5.6906
  38        5.6907
  39        5.6907
  40        5.6907
  41        5.6907
  42        5.6907
  43        5.6908
  44        5.6985
  45        5.6985
  46        6.5373
  47        6.5386
  48        6.5386
  49        6.5386
  50        6.5387
  51        6.5399
  52        6.7608
  53        6.7682
  54        6.7682
  55        6.7682
  56        6.7682
  57        6.7754
  58        7.5650
  59        7.5661
  60        7.5700
  61        7.5723
  62        7.5725
  63        7.5725
  64        7.5726
  65        7.5727
  66        7.5747
  67        7.5787
  68        7.5801
 
  0.3333333E+00 -0.8271806E-24  0.0000000E+00  0.7407407E-01
   1       -3.4572
   2       -2.7861
   3       -1.4522
   4       -1.4521
   5       -1.4521
   6       -1.4521
   7       -0.7894
   8       -0.7894
   9       -0.7894
  10       -0.7894
  11       -0.1293
  12        0.5277
  13        0.5277
  14        0.5277
  15        0.5277
  16        1.1800
  17        1.1801
  18        1.1801
  19        1.1801
  20        1.8265
  21        1.8347
  22        1.8347
  23        1.8347
  24        1.8354
  25        3.7650
  26        3.7650
  27        3.7651
  28        3.7652
  29        3.7849
  30        3.7850
  31        3.7850
  32        3.7851
  33        4.0177
  34        4.0177
  35        4.6448
  36        4.6448
  37        4.9136
  38        4.9136
  39        5.5682
  40        5.5683
  41        5.6894
  42        5.6894
  43        5.6894
  44        5.6896
  45        5.8997
  46        5.8997
  47        5.8998
  48        5.8998
  49        6.5270
  50        6.5270
  51        6.5270
  52        6.5270
  53        6.8675
  54        6.8675
  55        6.8675
  56        6.8675
  57        7.0698
  58        7.1560
  59        7.1560
  60        7.5087
  61        7.5087
  62        7.5087
  63        7.5087
  64        8.1297
  65        8.1297
  66        8.9621
  67        8.9622
  68        8.9639
 
  0.0000000E+00  0.3333333E+00 -0.8271806E-24  0.1481481E+00
   1       -3.4572
   2       -2.7861
   3       -1.4573
   4       -1.4521
   5       -1.4521
   6       -1.4470
   7       -0.7946
   8       -0.7894
   9       -0.7894
  10       -0.7843
  11       -0.1293
  12        0.5234
  13        0.5257
  14        0.5297
  15        0.5320
  16        1.1758
  17        1.1780
  18        1.1821
  19        1.1843
  20        1.8271
  21        1.8295
  22        1.8347
  23        1.8347
  24        1.8399
  25        3.7600
  26        3.7652
  27        3.7652
  28        3.7703
  29        3.7806
  30        3.7828
  31        3.7869
  32        3.7892
  33        4.0177
  34        4.0178
  35        4.6447
  36        4.6448
  37        4.9135
  38        4.9136
  39        5.5682
  40        5.5684
  41        5.6851
  42        5.6874
  43        5.6915
  44        5.6939
  45        5.8948
  46        5.8997
  47        5.8998
  48        5.9046
  49        6.5221
  50        6.5270
  51        6.5271
  52        6.5320
  53        6.8639
  54        6.8675
  55        6.8675
  56        6.8711
  57        7.0697
  58        7.1560
  59        7.1561
  60        7.5052
  61        7.5090
  62        7.5108
  63        7.5125
  64        8.1297
  65        8.1317
  66        8.9644
  67        9.0325
  68        9.0359
 
  0.3333333E+00  0.3333333E+00  0.1654361E-23  0.2962963E+00
   1       -3.2332
   2       -2.5651
   3       -2.5610
   4       -1.8957
   5       -1.2310
   6       -1.2310
   7       -0.5723
   8       -0.5705
   9       -0.5682
  10       -0.5664
  11        0.0860
  12        0.0892
  13        0.0898
  14        0.0935
  15        0.7453
  16        0.7475
  17        2.0413
  18        2.0440
  19        2.0481
  20        2.0489
  21        2.0512
  22        2.0537
  23        2.5961
  24        2.5961
  25        2.6892
  26        2.6933
  27        2.8097
  28        2.8097
  29        3.3452
  30        3.9078
  31        3.9078
  32        4.0551
  33        4.0551
  34        4.2266
  35        4.6235
  36        4.6252
  37        4.6276
  38        4.6294
  39        4.8515
  40        4.8561
  41        5.1319
  42        5.2472
  43        5.2481
  44        5.2773
  45        5.2774
  46        5.4811
  47        5.8008
  48        5.8052
  49        6.4429
  50        7.1525
  51        7.1646
  52        7.1663
  53        7.1666
  54        7.1685
  55        7.2802
  56        7.2823
  57        7.3626
  58        7.3672
  59        7.9012
  60        7.9019
  61        7.9897
  62        7.9935
  63        8.3490
  64        8.3536
  65        8.9656
  66        9.0338
  67        9.1021
  68        9.1030
 
  0.0000000E+00  0.3333333E+00  0.3333333E+00  0.1481481E+00
   1       -3.2332
   2       -2.5631
   3       -2.5630
   4       -1.8958
   5       -1.2341
   6       -1.2279
   7       -0.5745
   8       -0.5705
   9       -0.5682
  10       -0.5642
  11        0.0857
  12        0.0898
  13        0.0900
  14        0.0929
  15        0.7464
  16        0.7464
  17        2.0430
  18        2.0433
  19        2.0453
  20        2.0490
  21        2.0513
  22        2.0553
  23        2.5960
  24        2.5961
  25        2.6912
  26        2.6912
  27        2.8097
  28        2.8097
  29        3.3452
  30        3.9077
  31        3.9078
  32        4.0552
  33        4.0552
  34        4.2267
  35        4.6212
  36        4.6252
  37        4.6277
  38        4.6316
  39        4.8538
  40        4.8539
  41        5.1319
  42        5.2477
  43        5.2477
  44        5.2741
  45        5.2805
  46        5.4811
  47        5.8029
  48        5.8030
  49        6.4429
  50        7.1526
  51        7.1623
  52        7.1642
  53        7.1688
  54        7.1706
  55        7.2809
  56        7.2811
  57        7.3651
  58        7.3653
  59        7.9013
  60        7.9015
  61        7.9917
  62        7.9918
  63        8.3513
  64        8.3514
  65        8.9605
  66        9.0336
  67        9.1018
  68        9.1043
 
  0.3333333E+00  0.3333333E+00  0.3333333E+00  0.2962963E+00
   1       -3.0095
   2       -2.3433
   3       -2.3403
   4       -2.3375
   5       -1.6769
   6       -1.6740
   7       -1.6712
   8       -1.0106
   9        0.3060
  10        0.3090
  11        0.3119
  12        0.9590
  13        0.9623
  14        0.9642
  15        0.9642
  16        0.9660
  17        0.9694
  18        1.6137
  19        1.6153
  20        1.6169
  21        2.2580
  22        2.2595
  23        2.2611
  24        2.9006
  25        2.9038
  26        2.9058
  27        2.9058
  28        2.9078
  29        2.9109
  30        3.4709
  31        3.4739
  32        3.4770
  33        3.6392
  34        3.6420
  35        3.6449
  36        4.2095
  37        4.2111
  38        4.2127
  39        5.4714
  40        5.4722
  41        5.4744
  42        5.4744
  43        5.4765
  44        5.4772
  45        6.1080
  46        6.1088
  47        6.1110
  48        6.1110
  49        6.1132
  50        6.1140
  51        6.7587
  52        7.3434
  53        7.3445
  54        7.3456
  55        7.5083
  56        7.5104
  57        7.5125
  58        7.9867
  59        7.9897
  60        7.9926
  61        8.1237
  62        8.1237
  63        8.1262
  64        8.1263
  65        8.1287
  66        8.1288
  67        8.6312
  68        8.6326
