   32   32  100    1
  0.1959443E+02  0.8559089E-09  0.8559089E-09  0.8559089E-09  0.5000000E-15
  1.000000000000000E-004
  CAR 
 al100                                   
   96    4   68
 
  0.0000000E+00  0.0000000E+00  0.0000000E+00  0.3703704E-01
   1       -3.6814
   2       -1.6735
   3       -1.6735
   4       -1.6735
   5       -1.6735
   6       -1.6735
   7       -1.6735
   8        0.3094
   9        0.3094
  10        0.3094
  11        0.3094
  12        0.3094
  13        0.3094
  14        0.3094
  15        0.3094
  16        0.3094
  17        0.3094
  18        0.3094
  19        0.3094
  20        2.1525
  21        2.1525
  22        2.1525
  23        2.1525
  24        2.3908
  25        2.3908
  26        2.3908
  27        2.3908
  28        3.8087
  29        3.8087
  30        3.8087
  31        4.6936
  32        4.6936
  33        4.6936
  34        5.6907
  35        5.6907
  36        5.6907
  37        5.6907
  38        5.6907
  39        5.6907
  40        5.6907
  41        5.6907
  42        5.6907
  43        5.6907
  44        5.6907
  45        5.6907
  46        6.5387
  47        6.5387
  48        6.5387
  49        6.5387
  50        6.5387
  51        6.5387
  52        6.7682
  53        6.7682
  54        6.7682
  55        6.7682
  56        6.7682
  57        6.7682
  58        7.5725
  59        7.5725
  60        7.5725
  61        7.5725
  62        7.5725
  63        7.5725
  64        7.5725
  65        7.5725
  66        7.5725
  67        7.5725
  68        7.5725
 
  0.3333333E+00 -0.8271806E-24  0.0000000E+00  0.2222222E+00
   1       -3.4571
   2       -2.7860
   3       -1.4521
   4       -1.4521
   5       -1.4521
   6       -1.4521
   7       -0.7894
   8       -0.7894
   9       -0.7894
  10       -0.7894
  11       -0.1293
  12        0.5277
  13        0.5277
  14        0.5277
  15        0.5277
  16        1.1801
  17        1.1801
  18        1.1801
  19        1.1801
  20        1.8271
  21        1.8347
  22        1.8347
  23        1.8347
  24        1.8347
  25        3.7652
  26        3.7652
  27        3.7652
  28        3.7652
  29        3.7849
  30        3.7849
  31        3.7849
  32        3.7849
  33        4.0177
  34        4.0177
  35        4.6448
  36        4.6448
  37        4.9136
  38        4.9136
  39        5.5684
  40        5.5684
  41        5.6895
  42        5.6895
  43        5.6895
  44        5.6895
  45        5.8997
  46        5.8997
  47        5.8997
  48        5.8997
  49        6.5270
  50        6.5270
  51        6.5270
  52        6.5270
  53        6.8675
  54        6.8675
  55        6.8675
  56        6.8675
  57        7.0698
  58        7.1560
  59        7.1560
  60        7.5087
  61        7.5087
  62        7.5087
  63        7.5087
  64        8.1298
  65        8.1298
  66        8.9632
  67        8.9642
  68        8.9735
 
  0.3333333E+00  0.3333333E+00  0.1654361E-23  0.4444444E+00
   1       -3.2331
   2       -2.5630
   3       -2.5630
   4       -1.8957
   5       -1.2310
   6       -1.2310
   7       -0.5693
   8       -0.5693
   9       -0.5693
  10       -0.5693
  11        0.0892
  12        0.0892
  13        0.0901
  14        0.0901
  15        0.7464
  16        0.7464
  17        2.0435
  18        2.0435
  19        2.0501
  20        2.0501
  21        2.0501
  22        2.0501
  23        2.5961
  24        2.5961
  25        2.6912
  26        2.6912
  27        2.8097
  28        2.8097
  29        3.3452
  30        3.9078
  31        3.9078
  32        4.0552
  33        4.0552
  34        4.2266
  35        4.6265
  36        4.6265
  37        4.6265
  38        4.6265
  39        4.8538
  40        4.8538
  41        5.1319
  42        5.2477
  43        5.2477
  44        5.2773
  45        5.2773
  46        5.4811
  47        5.8030
  48        5.8030
  49        6.4430
  50        7.1527
  51        7.1665
  52        7.1665
  53        7.1665
  54        7.1665
  55        7.2812
  56        7.2812
  57        7.3650
  58        7.3650
  59        7.9016
  60        7.9016
  61        7.9916
  62        7.9916
  63        8.3513
  64        8.3513
  65        8.9597
  66        8.9641
  67        9.0363
  68        9.1061
 
  0.3333333E+00  0.3333333E+00  0.3333333E+00  0.2962963E+00
   1       -3.0095
   2       -2.3403
   3       -2.3403
   4       -2.3403
   5       -1.6740
   6       -1.6740
   7       -1.6740
   8       -1.0106
   9        0.3090
  10        0.3090
  11        0.3090
  12        0.9642
  13        0.9642
  14        0.9642
  15        0.9642
  16        0.9642
  17        0.9642
  18        1.6153
  19        1.6153
  20        1.6153
  21        2.2596
  22        2.2596
  23        2.2596
  24        2.9058
  25        2.9058
  26        2.9058
  27        2.9058
  28        2.9058
  29        2.9058
  30        3.4739
  31        3.4739
  32        3.4739
  33        3.6420
  34        3.6420
  35        3.6420
  36        4.2111
  37        4.2111
  38        4.2111
  39        5.4744
  40        5.4744
  41        5.4744
  42        5.4744
  43        5.4744
  44        5.4744
  45        6.1110
  46        6.1110
  47        6.1110
  48        6.1110
  49        6.1110
  50        6.1110
  51        6.7587
  52        7.3445
  53        7.3445
  54        7.3445
  55        7.5104
  56        7.5104
  57        7.5104
  58        7.9897
  59        7.9897
  60        7.9897
  61        8.1262
  62        8.1262
  63        8.1262
  64        8.1262
  65        8.1262
  66        8.1262
  67        8.6315
  68        8.6337
