   32   32  100    1
  0.1921076E+02  0.8502857E-09  0.8502857E-09  0.8502857E-09  0.5000000E-15
  1.000000000000000E-004
  CAR 
 No title                                
  352   20  212
 
  0.6250000E-01  0.6250000E-01  0.6250000E-01  0.1562500E-01
   1       -4.3189
   2       -2.3271
   3       -2.3271
   4       -2.3271
   5       -2.0237
   6       -2.0014
   7       -2.0014
   8       -2.0014
   9       -1.9591
  10       -1.9591
  11       -1.9591
  12       -1.7569
  13       -1.7569
  14       -1.7569
  15       -1.5114
  16       -1.5114
  17       -1.5114
  18       -1.1603
  19       -1.1603
  20       -1.1603
  21       -0.9825
  22       -0.9825
  23       -0.9825
  24       -0.9825
  25       -0.9825
  26       -0.9825
  27       -0.9016
  28       -0.9016
  29       -0.9016
  30       -0.8433
  31       -0.8433
  32       -0.8433
  33       -0.8433
  34       -0.8433
  35       -0.8433
  36       -0.8222
  37       -0.8222
  38       -0.8222
  39       -0.6598
  40       -0.6598
  41       -0.6598
  42       -0.3501
  43       -0.3501
  44       -0.3501
  45       -0.3501
  46       -0.3501
  47       -0.3501
  48       -0.2663
  49       -0.2663
  50       -0.2663
  51       -0.2429
  52       -0.2429
  53       -0.2429
  54       -0.2429
  55       -0.2429
  56       -0.2429
  57       -0.1782
  58       -0.1782
  59       -0.1782
  60       -0.0275
  61       -0.0275
  62       -0.0275
  63       -0.0275
  64       -0.0275
  65       -0.0275
  66        0.0352
  67        0.0352
  68        0.0352
  69        0.0352
  70        0.0352
  71        0.0352
  72        0.0410
  73        0.0410
  74        0.0410
  75        0.1211
  76        0.1211
  77        0.1211
  78        0.1272
  79        0.1272
  80        0.1272
  81        0.1402
  82        0.1402
  83        0.1481
  84        0.1513
  85        0.1513
  86        0.1513
  87        0.1670
  88        0.1670
  89        0.6996
  90        0.6996
  91        0.6996
  92        0.7746
  93        0.7746
  94        0.7746
  95        0.8702
  96        0.8702
  97        0.8702
  98        0.9406
  99        0.9406
 100        0.9406
 101        0.9406
 102        0.9406
 103        0.9406
 104        0.9454
 105        0.9454
 106        0.9454
 107        1.0458
 108        1.0458
 109        1.0458
 110        1.1207
 111        1.1207
 112        1.1207
 113        1.2697
 114        1.2697
 115        1.2697
 116        1.2985
 117        1.2985
 118        1.2985
 119        1.3189
 120        1.3189
 121        1.3189
 122        1.3189
 123        1.3189
 124        1.3189
 125        1.3595
 126        1.3595
 127        1.3595
 128        1.3799
 129        1.3799
 130        1.4363
 131        1.4363
 132        1.4363
 133        1.4363
 134        1.4363
 135        1.4363
 136        1.5334
 137        1.5334
 138        1.5334
 139        1.7980
 140        1.7980
 141        1.7980
 142        1.8940
 143        1.8940
 144        1.8940
 145        2.2342
 146        2.2342
 147        2.2342
 148        2.3005
 149        2.3005
 150        2.3005
 151        2.3365
 152        2.3365
 153        2.3572
 154        2.3572
 155        2.3572
 156        2.5486
 157        2.5486
 158        2.5486
 159        2.5966
 160        2.5966
 161        2.5966
 162        2.5966
 163        2.5966
 164        2.5966
 165        2.6004
 166        2.6004
 167        2.6004
 168        3.4906
 169        3.4906
 170        3.4906
 171        3.5925
 172        3.9016
 173        3.9016
 174        3.9016
 175        3.9016
 176        3.9016
 177        3.9016
 178        3.9736
 179        3.9736
 180        3.9736
 181        4.3330
 182        4.3330
 183        4.3330
 184        5.6292
 185        5.6292
 186        5.6292
 187        6.8369
 188        6.8369
 189        6.8369
 190        7.1324
 191        8.3469
 192        8.3469
 193        8.3469
 194        8.3469
 195        8.3469
 196        8.3469
 197        9.3191
 198        9.3192
 199        9.3198
 200        9.9165
 201        9.9165
 202        9.9166
 203        9.9173
 204        9.9181
 205        9.9202
 206       10.6632
 207       10.6639
 208       10.6658
 209       10.6722
 210       10.6950
 211       11.8956
 212       12.0773
 
  0.1875000E+00  0.6250000E-01  0.6250000E-01  0.4687500E-01
   1       -4.2371
   2       -2.7449
   3       -2.2684
   4       -2.2684
   5       -2.0023
   6       -1.9576
   7       -1.9576
   8       -1.9359
   9       -1.9019
  10       -1.9019
  11       -1.7312
  12       -1.7071
  13       -1.7058
  14       -1.7058
  15       -1.4836
  16       -1.4684
  17       -1.4684
  18       -1.3608
  19       -1.3608
  20       -1.3145
  21       -1.1609
  22       -1.1609
  23       -1.1029
  24       -1.1029
  25       -1.0714
  26       -0.9770
  27       -0.9465
  28       -0.9465
  29       -0.8427
  30       -0.8427
  31       -0.8236
  32       -0.8236
  33       -0.8163
  34       -0.8163
  35       -0.8032
  36       -0.8032
  37       -0.7951
  38       -0.7951
  39       -0.6372
  40       -0.6372
  41       -0.6318
  42       -0.6318
  43       -0.4959
  44       -0.3726
  45       -0.3726
  46       -0.3499
  47       -0.3499
  48       -0.3377
  49       -0.3377
  50       -0.3148
  51       -0.3148
  52       -0.2501
  53       -0.2501
  54       -0.1626
  55       -0.1626
  56       -0.1582
  57       -0.1324
  58       -0.1324
  59       -0.1055
  60       -0.0960
  61       -0.0960
  62       -0.0793
  63       -0.0793
  64       -0.0210
  65       -0.0210
  66        0.0056
  67        0.0056
  68        0.0108
  69        0.0108
  70        0.0861
  71        0.1025
  72        0.1025
  73        0.1140
  74        0.1422
  75        0.1615
  76        0.1615
  77        0.1638
  78        0.1856
  79        0.1856
  80        0.1884
  81        0.1884
  82        0.1968
  83        0.1980
  84        0.2005
  85        0.2171
  86        0.2638
  87        0.3289
  88        0.3289
  89        0.5720
  90        0.5720
  91        0.6151
  92        0.6151
  93        0.7133
  94        0.7330
  95        0.8101
  96        0.8101
  97        0.8264
  98        0.8388
  99        0.8906
 100        0.8906
 101        0.9377
 102        1.0136
 103        1.0136
 104        1.0217
 105        1.0293
 106        1.0293
 107        1.0326
 108        1.0326
 109        1.0714
 110        1.0714
 111        1.2090
 112        1.2090
 113        1.2369
 114        1.2369
 115        1.2457
 116        1.2457
 117        1.3240
 118        1.3240
 119        1.3383
 120        1.3383
 121        1.3408
 122        1.3826
 123        1.3826
 124        1.3971
 125        1.4270
 126        1.4270
 127        1.4537
 128        1.4840
 129        1.4840
 130        1.5032
 131        1.5819
 132        1.5819
 133        1.6114
 134        1.6114
 135        1.6352
 136        1.6594
 137        1.6708
 138        1.6708
 139        1.7058
 140        1.8446
 141        1.8446
 142        1.9667
 143        1.9667
 144        1.9904
 145        1.9910
 146        2.0192
 147        2.0192
 148        2.1844
 149        2.2383
 150        2.2383
 151        2.2686
 152        2.2757
 153        2.3297
 154        2.3307
 155        2.3307
 156        2.3368
 157        2.3368
 158        2.4746
 159        2.5239
 160        2.5239
 161        2.5249
 162        2.5249
 163        2.5384
 164        2.5965
 165        2.5965
 166        2.5967
 167        2.5967
 168        3.1240
 169        3.1240
 170        3.3683
 171        3.4789
 172        3.5074
 173        3.5074
 174        3.9058
 175        3.9058
 176        3.9649
 177        3.9649
 178        4.3088
 179        4.3540
 180        4.3757
 181        4.3757
 182        4.8185
 183        4.8185
 184        4.9865
 185        5.9077
 186        5.9077
 187        6.8399
 188        7.1488
 189        7.1488
 190        7.6353
 191        7.7983
 192        7.7983
 193        7.9901
 194        7.9901
 195        8.3085
 196        8.3085
 197        9.2630
 198        9.2635
 199        9.3332
 200        9.3334
 201        9.8532
 202        9.8557
 203       10.0313
 204       10.0340
 205       10.1131
 206       10.6626
 207       10.8520
 208       10.9103
 209       11.0298
 210       11.1463
 211       11.2329
 212       11.4188
 
  0.3125000E+00  0.6250000E-01  0.6250000E-01  0.4687500E-01
   1       -4.0750
   2       -3.1560
   3       -2.1545
   4       -2.1545
   5       -1.9376
   6       -1.8706
   7       -1.8706
   8       -1.8285
   9       -1.7916
  10       -1.7916
  11       -1.6848
  12       -1.6069
  13       -1.6069
  14       -1.5956
  15       -1.5778
  16       -1.5778
  17       -1.5074
  18       -1.4288
  19       -1.3823
  20       -1.3823
  21       -1.3764
  22       -1.3764
  23       -1.2895
  24       -1.2665
  25       -1.2665
  26       -1.1191
  27       -1.1126
  28       -1.1126
  29       -0.8762
  30       -0.8762
  31       -0.7933
  32       -0.7933
  33       -0.7739
  34       -0.7739
  35       -0.7417
  36       -0.7417
  37       -0.7255
  38       -0.7255
  39       -0.6776
  40       -0.6776
  41       -0.5935
  42       -0.5935
  43       -0.4517
  44       -0.4517
  45       -0.3984
  46       -0.3984
  47       -0.3827
  48       -0.3827
  49       -0.3609
  50       -0.3609
  51       -0.3368
  52       -0.3265
  53       -0.3265
  54       -0.2288
  55       -0.2288
  56       -0.1879
  57       -0.1879
  58       -0.1572
  59       -0.1572
  60       -0.1213
  61       -0.0660
  62       -0.0660
  63       -0.0125
  64       -0.0125
  65       -0.0092
  66       -0.0092
  67        0.0088
  68        0.0307
  69        0.0307
  70        0.0384
  71        0.0421
  72        0.0711
  73        0.0711
  74        0.1285
  75        0.1796
  76        0.1796
  77        0.2217
  78        0.2580
  79        0.2580
  80        0.2651
  81        0.2670
  82        0.2753
  83        0.4224
  84        0.4224
  85        0.4281
  86        0.4281
  87        0.4822
  88        0.4822
  89        0.4854
  90        0.5755
  91        0.5863
  92        0.6376
  93        0.6540
  94        0.6655
  95        0.6655
  96        0.6709
  97        0.7171
  98        0.7171
  99        0.9302
 100        0.9553
 101        0.9553
 102        1.0201
 103        1.0201
 104        1.1093
 105        1.1093
 106        1.1481
 107        1.1481
 108        1.1794
 109        1.1794
 110        1.2058
 111        1.2058
 112        1.2311
 113        1.2311
 114        1.2656
 115        1.2989
 116        1.2989
 117        1.3238
 118        1.3238
 119        1.3584
 120        1.3584
 121        1.3746
 122        1.3746
 123        1.4277
 124        1.4311
 125        1.5234
 126        1.5234
 127        1.6039
 128        1.6039
 129        1.6203
 130        1.6456
 131        1.6725
 132        1.6857
 133        1.6857
 134        1.7359
 135        1.7672
 136        1.7672
 137        1.7991
 138        1.8094
 139        1.8094
 140        1.8275
 141        1.8402
 142        1.8402
 143        1.9628
 144        1.9628
 145        1.9772
 146        1.9772
 147        1.9805
 148        2.0872
 149        2.1479
 150        2.1479
 151        2.1578
 152        2.1653
 153        2.1653
 154        2.2217
 155        2.2450
 156        2.2450
 157        2.2560
 158        2.3309
 159        2.3910
 160        2.3910
 161        2.3920
 162        2.3920
 163        2.4266
 164        2.5962
 165        2.5962
 166        2.5964
 167        2.5964
 168        2.7882
 169        2.7882
 170        3.1373
 171        3.1373
 172        3.3366
 173        3.4552
 174        3.9139
 175        3.9139
 176        3.9519
 177        3.9519
 178        4.1226
 179        4.3936
 180        4.4696
 181        4.9299
 182        4.9299
 183        5.3724
 184        5.3724
 185        6.3741
 186        6.3741
 187        7.0535
 188        7.0535
 189        7.2026
 190        7.3793
 191        7.3793
 192        7.7070
 193        7.7070
 194        8.0660
 195        8.0660
 196        8.2878
 197        8.9753
 198        8.9754
 199        9.1625
 200        9.1629
 201        9.6452
 202        9.9522
 203        9.9625
 204       10.2249
 205       10.2326
 206       10.2406
 207       10.3198
 208       10.8500
 209       10.8861
 210       11.0847
 211       11.1948
 212       11.3025
 
  0.4375000E+00  0.6250000E-01  0.6250000E-01  0.4687500E-01
   1       -3.8359
   2       -3.5260
   3       -1.9927
   4       -1.9927
   5       -1.8309
   6       -1.7950
   7       -1.7950
   8       -1.7422
   9       -1.7422
  10       -1.6853
  11       -1.6815
  12       -1.6372
  13       -1.6372
  14       -1.6296
  15       -1.5873
  16       -1.5754
  17       -1.5754
  18       -1.4992
  19       -1.4667
  20       -1.4667
  21       -1.4542
  22       -1.4542
  23       -1.3482
  24       -1.2960
  25       -1.2960
  26       -1.2538
  27       -1.2538
  28       -1.2440
  29       -1.0842
  30       -1.0842
  31       -0.7548
  32       -0.7548
  33       -0.7447
  34       -0.7447
  35       -0.6639
  36       -0.6639
  37       -0.6168
  38       -0.6168
  39       -0.5651
  40       -0.5651
  41       -0.5535
  42       -0.5535
  43       -0.5322
  44       -0.5322
  45       -0.4590
  46       -0.4590
  47       -0.4548
  48       -0.4548
  49       -0.4153
  50       -0.4153
  51       -0.3920
  52       -0.3920
  53       -0.3271
  54       -0.3271
  55       -0.2142
  56       -0.2142
  57       -0.2098
  58       -0.2098
  59       -0.1895
  60       -0.0720
  61       -0.0610
  62       -0.0165
  63       -0.0162
  64       -0.0162
  65       -0.0065
  66       -0.0065
  67       -0.0062
  68       -0.0062
  69        0.0301
  70        0.0301
  71        0.0639
  72        0.1017
  73        0.1129
  74        0.1129
  75        0.2238
  76        0.2238
  77        0.2481
  78        0.2481
  79        0.3076
  80        0.3076
  81        0.3120
  82        0.3582
  83        0.3582
  84        0.3647
  85        0.3658
  86        0.3839
  87        0.4316
  88        0.4829
  89        0.4829
  90        0.4932
  91        0.4954
  92        0.5183
  93        0.8833
  94        0.8954
  95        0.8954
  96        0.9465
  97        0.9964
  98        0.9964
  99        1.0110
 100        1.0110
 101        1.0406
 102        1.1294
 103        1.1294
 104        1.1614
 105        1.1782
 106        1.1782
 107        1.2125
 108        1.2125
 109        1.2171
 110        1.2171
 111        1.2442
 112        1.2442
 113        1.2779
 114        1.2779
 115        1.2948
 116        1.2948
 117        1.3018
 118        1.3018
 119        1.3050
 120        1.3050
 121        1.3160
 122        1.3365
 123        1.3539
 124        1.3539
 125        1.4157
 126        1.4157
 127        1.4808
 128        1.4817
 129        1.4817
 130        1.5445
 131        1.5529
 132        1.5529
 133        1.8033
 134        1.8033
 135        1.8308
 136        1.8364
 137        1.9506
 138        1.9506
 139        1.9515
 140        1.9912
 141        1.9912
 142        1.9947
 143        2.0108
 144        2.0157
 145        2.0157
 146        2.0282
 147        2.0282
 148        2.1141
 149        2.1141
 150        2.1209
 151        2.1210
 152        2.1415
 153        2.1844
 154        2.2002
 155        2.2002
 156        2.2157
 157        2.2157
 158        2.2184
 159        2.2184
 160        2.2958
 161        2.4552
 162        2.4552
 163        2.4782
 164        2.4782
 165        2.5089
 166        2.5962
 167        2.5962
 168        2.5963
 169        2.5963
 170        2.7855
 171        2.7855
 172        3.2585
 173        3.3743
 174        3.4193
 175        3.9250
 176        3.9250
 177        3.9381
 178        3.9381
 179        4.4444
 180        4.4863
 181        5.5706
 182        5.5706
 183        5.9986
 184        5.9986
 185        6.2884
 186        6.2884
 187        6.6822
 188        6.6822
 189        6.9411
 190        6.9411
 191        7.5412
 192        7.5412
 193        7.8586
 194        8.4381
 195        8.4381
 196        8.6962
 197        8.9461
 198        8.9464
 199        9.0427
 200        9.0427
 201        9.0553
 202        9.2891
 203        9.2897
 204        9.9277
 205       10.1793
 206       10.2292
 207       10.4696
 208       10.4982
 209       10.5181
 210       10.6155
 211       10.9097
 212       11.4191
 
  0.1875000E+00  0.1875000E+00  0.6250000E-01  0.4687500E-01
   1       -4.1562
   2       -2.6823
   3       -2.6823
   4       -2.2180
   5       -2.0058
   6       -1.9372
   7       -1.8726
   8       -1.8726
   9       -1.8562
  10       -1.6796
  11       -1.6796
  12       -1.6630
  13       -1.6493
  14       -1.6493
  15       -1.6332
  16       -1.4785
  17       -1.4785
  18       -1.4411
  19       -1.4411
  20       -1.4196
  21       -1.2646
  22       -1.2646
  23       -1.0150
  24       -1.0150
  25       -0.9886
  26       -0.9886
  27       -0.9458
  28       -0.9458
  29       -0.9450
  30       -0.9450
  31       -0.9075
  32       -0.9075
  33       -0.8802
  34       -0.8723
  35       -0.8723
  36       -0.7780
  37       -0.7780
  38       -0.7580
  39       -0.6190
  40       -0.6190
  41       -0.6060
  42       -0.5994
  43       -0.5994
  44       -0.4780
  45       -0.4780
  46       -0.4130
  47       -0.4130
  48       -0.3667
  49       -0.3667
  50       -0.3090
  51       -0.2137
  52       -0.2137
  53       -0.2113
  54       -0.2113
  55       -0.1606
  56       -0.1606
  57       -0.1413
  58       -0.1413
  59       -0.1356
  60       -0.1349
  61       -0.1349
  62       -0.0237
  63       -0.0237
  64        0.0474
  65        0.0474
  66        0.0605
  67        0.0605
  68        0.0808
  69        0.0965
  70        0.0975
  71        0.1228
  72        0.1228
  73        0.1510
  74        0.1881
  75        0.1973
  76        0.1973
  77        0.2131
  78        0.2220
  79        0.2299
  80        0.2424
  81        0.2424
  82        0.2475
  83        0.2475
  84        0.2589
  85        0.2589
  86        0.2603
  87        0.3217
  88        0.3217
  89        0.5007
  90        0.5223
  91        0.5937
  92        0.5937
  93        0.7346
  94        0.7346
  95        0.7954
  96        0.7954
  97        0.8293
  98        0.8293
  99        0.8404
 100        0.8544
 101        0.8544
 102        0.9183
 103        0.9183
 104        0.9410
 105        0.9410
 106        0.9445
 107        1.0582
 108        1.0582
 109        1.0794
 110        1.0836
 111        1.1334
 112        1.1721
 113        1.1721
 114        1.3286
 115        1.3286
 116        1.3310
 117        1.3892
 118        1.3912
 119        1.3912
 120        1.3939
 121        1.4186
 122        1.4186
 123        1.4566
 124        1.4566
 125        1.4725
 126        1.4725
 127        1.5656
 128        1.5656
 129        1.5853
 130        1.5853
 131        1.6901
 132        1.7342
 133        1.7342
 134        1.7478
 135        1.7478
 136        1.7664
 137        1.7713
 138        1.7713
 139        1.7760
 140        1.7760
 141        1.7851
 142        1.7851
 143        1.8174
 144        1.8627
 145        1.9816
 146        2.0256
 147        2.1174
 148        2.1174
 149        2.1600
 150        2.1600
 151        2.1761
 152        2.1896
 153        2.2929
 154        2.3035
 155        2.3035
 156        2.3429
 157        2.3429
 158        2.3532
 159        2.4664
 160        2.4664
 161        2.5234
 162        2.5234
 163        2.5260
 164        2.5260
 165        2.5372
 166        2.5372
 167        2.5591
 168        2.7894
 169        2.9559
 170        3.1036
 171        3.1036
 172        3.5014
 173        3.5014
 174        3.6884
 175        3.9603
 176        3.9603
 177        4.4041
 178        4.4041
 179        4.5778
 180        4.5778
 181        4.8632
 182        4.8632
 183        5.2582
 184        5.2582
 185        5.3037
 186        6.1590
 187        6.8394
 188        6.8394
 189        7.5269
 190        7.5269
 191        7.6620
 192        7.7307
 193        7.7307
 194        8.1202
 195        8.1202
 196        8.2415
 197        9.1987
 198        9.3167
 199        9.3172
 200        9.3628
 201        9.3645
 202        9.8836
 203        9.8870
 204       10.0621
 205       10.1188
 206       10.1526
 207       10.2608
 208       10.6780
 209       10.7616
 210       10.9763
 211       11.3146
 212       11.7349
 
  0.3125000E+00  0.1875000E+00  0.6250000E-01  0.9375000E-01
   1       -3.9960
   2       -3.0885
   3       -2.5597
   4       -2.1213
   5       -1.9683
   6       -1.9053
   7       -1.8751
   8       -1.7697
   9       -1.7686
  10       -1.7491
  11       -1.6513
  12       -1.6332
  13       -1.6323
  14       -1.5797
  15       -1.5792
  16       -1.5379
  17       -1.5375
  18       -1.4574
  19       -1.3873
  20       -1.3858
  21       -1.3561
  22       -1.3234
  23       -1.2394
  24       -1.1938
  25       -1.1253
  26       -1.0843
  27       -1.0781
  28       -1.0100
  29       -0.9434
  30       -0.9118
  31       -0.9061
  32       -0.8837
  33       -0.8737
  34       -0.8573
  35       -0.8329
  36       -0.8097
  37       -0.7461
  38       -0.7046
  39       -0.6988
  40       -0.6834
  41       -0.5938
  42       -0.5443
  43       -0.5333
  44       -0.5223
  45       -0.4917
  46       -0.4771
  47       -0.4449
  48       -0.3924
  49       -0.3309
  50       -0.3246
  51       -0.3238
  52       -0.3019
  53       -0.3005
  54       -0.2566
  55       -0.2234
  56       -0.2047
  57       -0.1979
  58       -0.1697
  59       -0.0924
  60       -0.0197
  61       -0.0197
  62       -0.0175
  63       -0.0037
  64        0.0375
  65        0.0378
  66        0.0447
  67        0.0513
  68        0.0673
  69        0.0799
  70        0.0962
  71        0.1528
  72        0.1588
  73        0.1865
  74        0.2175
  75        0.2374
  76        0.2701
  77        0.2862
  78        0.2889
  79        0.2894
  80        0.3052
  81        0.3060
  82        0.3319
  83        0.3379
  84        0.3533
  85        0.3792
  86        0.3949
  87        0.4254
  88        0.4802
  89        0.5296
  90        0.5538
  91        0.5733
  92        0.5821
  93        0.6101
  94        0.6497
  95        0.6940
  96        0.6965
  97        0.7664
  98        0.7731
  99        0.7861
 100        0.8255
 101        0.8443
 102        0.8896
 103        0.9129
 104        1.0040
 105        1.0346
 106        1.0408
 107        1.0631
 108        1.0818
 109        1.1082
 110        1.1320
 111        1.1770
 112        1.2690
 113        1.2867
 114        1.3013
 115        1.3222
 116        1.3231
 117        1.3961
 118        1.3975
 119        1.4188
 120        1.4539
 121        1.4832
 122        1.4871
 123        1.4872
 124        1.4964
 125        1.4997
 126        1.5837
 127        1.5914
 128        1.6002
 129        1.6025
 130        1.6344
 131        1.6367
 132        1.6450
 133        1.7009
 134        1.7643
 135        1.7780
 136        1.7808
 137        1.8002
 138        1.8225
 139        1.8291
 140        1.8703
 141        1.8975
 142        1.9200
 143        1.9200
 144        1.9334
 145        1.9386
 146        1.9592
 147        2.0040
 148        2.0296
 149        2.0910
 150        2.1386
 151        2.1683
 152        2.1857
 153        2.2300
 154        2.2996
 155        2.3011
 156        2.3063
 157        2.3622
 158        2.3631
 159        2.3892
 160        2.3925
 161        2.3945
 162        2.4215
 163        2.4334
 164        2.4896
 165        2.5235
 166        2.5274
 167        2.5339
 168        2.5378
 169        2.7636
 170        2.8686
 171        3.0628
 172        3.1255
 173        3.4910
 174        3.5383
 175        3.5600
 176        4.4134
 177        4.4595
 178        4.5026
 179        4.6645
 180        4.9480
 181        4.9881
 182        5.0193
 183        5.4457
 184        5.6918
 185        5.8436
 186        6.5918
 187        6.6847
 188        6.8596
 189        7.1361
 190        7.1549
 191        7.2146
 192        7.4033
 193        7.6706
 194        8.0944
 195        8.3188
 196        8.8614
 197        8.9451
 198        9.0168
 199        9.0761
 200        9.1191
 201        9.2713
 202        9.4503
 203        9.6647
 204        9.7187
 205        9.7891
 206        9.9698
 207       10.2065
 208       10.3706
 209       10.4380
 210       10.9897
 211       11.3340
 212       11.7807
 
  0.4375000E+00  0.1875000E+00  0.6250000E-01  0.9375000E-01
   1       -3.7599
   2       -3.4539
   3       -2.3828
   4       -2.1605
   5       -1.9863
   6       -1.8909
   7       -1.8250
   8       -1.7768
   9       -1.7723
  10       -1.6527
  11       -1.6313
  12       -1.6259
  13       -1.5905
  14       -1.5755
  15       -1.5312
  16       -1.5194
  17       -1.4578
  18       -1.4476
  19       -1.4379
  20       -1.4020
  21       -1.3806
  22       -1.3084
  23       -1.3036
  24       -1.2651
  25       -1.2292
  26       -1.2064
  27       -1.1950
  28       -1.1836
  29       -1.0618
  30       -1.0083
  31       -0.9403
  32       -0.9313
  33       -0.8240
  34       -0.7915
  35       -0.7577
  36       -0.7374
  37       -0.7344
  38       -0.6699
  39       -0.6561
  40       -0.6276
  41       -0.5737
  42       -0.5709
  43       -0.5553
  44       -0.4874
  45       -0.4760
  46       -0.4650
  47       -0.4540
  48       -0.4363
  49       -0.4233
  50       -0.4022
  51       -0.4000
  52       -0.3586
  53       -0.3414
  54       -0.3193
  55       -0.2439
  56       -0.1816
  57       -0.1497
  58       -0.1183
  59       -0.0860
  60       -0.0782
  61       -0.0610
  62       -0.0585
  63       -0.0033
  64        0.0235
  65        0.0257
  66        0.0552
  67        0.0667
  68        0.1091
  69        0.1123
  70        0.1174
  71        0.1432
  72        0.1665
  73        0.2204
  74        0.2267
  75        0.2331
  76        0.2750
  77        0.2803
  78        0.2939
  79        0.3158
  80        0.3399
  81        0.3658
  82        0.3757
  83        0.3781
  84        0.3946
  85        0.4212
  86        0.4445
  87        0.4564
  88        0.4759
  89        0.4799
  90        0.4941
  91        0.5649
  92        0.5962
  93        0.7251
  94        0.7374
  95        0.8131
  96        0.8272
  97        0.8282
  98        0.8375
  99        0.8499
 100        0.8816
 101        0.9657
 102        1.0082
 103        1.0130
 104        1.0707
 105        1.0726
 106        1.0916
 107        1.0992
 108        1.1270
 109        1.1540
 110        1.1565
 111        1.1742
 112        1.1798
 113        1.1939
 114        1.2027
 115        1.2456
 116        1.2760
 117        1.2843
 118        1.3506
 119        1.3760
 120        1.4227
 121        1.4268
 122        1.4331
 123        1.4467
 124        1.4626
 125        1.4739
 126        1.4863
 127        1.4918
 128        1.4984
 129        1.5467
 130        1.6335
 131        1.6698
 132        1.7020
 133        1.7406
 134        1.7708
 135        1.7719
 136        1.8090
 137        1.8337
 138        1.9176
 139        1.9481
 140        1.9848
 141        1.9910
 142        2.0074
 143        2.0150
 144        2.0165
 145        2.0563
 146        2.0820
 147        2.0830
 148        2.0848
 149        2.0881
 150        2.1016
 151        2.1669
 152        2.1727
 153        2.1896
 154        2.2131
 155        2.2164
 156        2.2182
 157        2.2208
 158        2.2283
 159        2.2302
 160        2.2308
 161        2.3135
 162        2.4342
 163        2.4514
 164        2.5249
 165        2.5288
 166        2.5290
 167        2.5311
 168        2.7697
 169        2.7855
 170        2.8952
 171        2.9283
 172        3.0025
 173        3.1683
 174        3.4814
 175        3.4865
 176        3.5931
 177        4.5369
 178        4.6204
 179        5.0559
 180        5.1317
 181        5.1437
 182        5.6582
 183        5.8778
 184        6.0982
 185        6.1919
 186        6.3938
 187        6.4390
 188        6.6962
 189        6.7874
 190        7.0684
 191        7.1278
 192        7.3511
 193        7.6898
 194        7.8813
 195        8.1606
 196        8.7221
 197        8.7972
 198        8.9251
 199        9.0804
 200        9.0886
 201        9.3497
 202        9.4574
 203        9.7305
 204        9.7382
 205        9.7822
 206        9.8024
 207        9.8717
 208        9.9491
 209       10.2338
 210       10.6315
 211       10.9059
 212       11.1587
 
  0.3125000E+00  0.3125000E+00  0.6250000E-01  0.4687500E-01
   1       -3.8397
   2       -2.9556
   3       -2.9556
   4       -2.2239
   5       -2.0583
   6       -1.9628
   7       -1.8419
   8       -1.7539
   9       -1.7539
  10       -1.7287
  11       -1.6338
  12       -1.6338
  13       -1.5342
  14       -1.5342
  15       -1.5303
  16       -1.5303
  17       -1.5195
  18       -1.4259
  19       -1.4259
  20       -1.3045
  21       -1.3045
  22       -1.2131
  23       -1.1296
  24       -1.1296
  25       -1.0964
  26       -1.0964
  27       -1.0868
  28       -1.0868
  29       -1.0149
  30       -1.0149
  31       -1.0144
  32       -1.0144
  33       -1.0065
  34       -0.8711
  35       -0.8711
  36       -0.8192
  37       -0.8192
  38       -0.7240
  39       -0.7240
  40       -0.6999
  41       -0.6999
  42       -0.5949
  43       -0.5949
  44       -0.5679
  45       -0.5596
  46       -0.5596
  47       -0.4463
  48       -0.3024
  49       -0.3024
  50       -0.2952
  51       -0.2952
  52       -0.2915
  53       -0.2915
  54       -0.2862
  55       -0.2838
  56       -0.1105
  57       -0.1105
  58       -0.0868
  59       -0.0868
  60        0.0061
  61        0.0249
  62        0.0249
  63        0.0298
  64        0.0298
  65        0.0642
  66        0.0642
  67        0.0774
  68        0.1210
  69        0.1210
  70        0.1595
  71        0.2167
  72        0.2167
  73        0.2896
  74        0.3000
  75        0.3034
  76        0.3237
  77        0.3342
  78        0.3355
  79        0.3477
  80        0.3541
  81        0.3541
  82        0.3812
  83        0.4331
  84        0.4331
  85        0.4368
  86        0.4368
  87        0.4744
  88        0.4744
  89        0.5033
  90        0.5033
  91        0.6140
  92        0.6140
  93        0.6507
  94        0.6507
  95        0.6518
  96        0.6518
  97        0.7335
  98        0.7335
  99        0.7636
 100        0.7636
 101        0.7647
 102        0.7850
 103        0.8869
 104        0.8869
 105        0.9168
 106        0.9168
 107        0.9348
 108        0.9822
 109        1.0628
 110        1.0628
 111        1.1644
 112        1.2438
 113        1.2495
 114        1.2495
 115        1.2507
 116        1.2507
 117        1.2686
 118        1.2842
 119        1.4292
 120        1.4560
 121        1.4560
 122        1.5405
 123        1.5405
 124        1.6244
 125        1.6244
 126        1.6289
 127        1.6289
 128        1.6612
 129        1.6652
 130        1.6652
 131        1.6788
 132        1.6788
 133        1.6893
 134        1.6893
 135        1.7064
 136        1.8113
 137        1.8113
 138        1.8414
 139        1.8414
 140        1.9571
 141        1.9765
 142        1.9765
 143        1.9858
 144        1.9944
 145        2.0589
 146        2.0589
 147        2.0590
 148        2.0590
 149        2.0762
 150        2.0912
 151        2.1440
 152        2.1440
 153        2.2275
 154        2.2291
 155        2.3109
 156        2.3109
 157        2.3124
 158        2.3124
 159        2.3237
 160        2.3978
 161        2.3978
 162        2.3984
 163        2.3984
 164        2.4221
 165        2.4221
 166        2.4742
 167        2.5949
 168        2.7153
 169        2.7153
 170        2.8033
 171        2.8033
 172        3.1062
 173        3.1062
 174        3.2581
 175        4.0797
 176        4.0797
 177        4.8470
 178        4.8470
 179        5.1007
 180        5.1007
 181        5.3955
 182        5.3955
 183        5.5853
 184        5.5853
 185        6.2682
 186        6.2682
 187        6.3535
 188        6.8630
 189        6.8630
 190        6.9771
 191        7.2282
 192        7.2282
 193        7.9107
 194        7.9107
 195        8.4207
 196        8.4207
 197        8.6568
 198        8.6569
 199        8.8936
 200        8.8936
 201        8.9128
 202        9.0209
 203        9.1674
 204        9.1678
 205        9.6782
 206       10.0395
 207       10.4676
 208       10.5686
 209       11.0712
 210       11.1672
 211       11.2862
 212       11.4861
 
  0.4375000E+00  0.3125000E+00  0.6250000E-01  0.9375000E-01
   1       -3.6095
   2       -3.3114
   3       -2.7618
   4       -2.5143
   5       -1.9716
   6       -1.9222
   7       -1.8681
   8       -1.8500
   9       -1.7720
  10       -1.6728
  11       -1.6677
  12       -1.6067
  13       -1.4842
  14       -1.4704
  15       -1.4699
  16       -1.4245
  17       -1.4223
  18       -1.3855
  19       -1.3035
  20       -1.2935
  21       -1.2836
  22       -1.2670
  23       -1.2287
  24       -1.2083
  25       -1.1805
  26       -1.1311
  27       -1.1140
  28       -1.0745
  29       -1.0737
  30       -1.0624
  31       -1.0172
  32       -0.9678
  33       -0.9501
  34       -0.9349
  35       -0.9105
  36       -0.8849
  37       -0.8690
  38       -0.8397
  39       -0.8099
  40       -0.7705
  41       -0.7604
  42       -0.6804
  43       -0.5639
  44       -0.5226
  45       -0.5001
  46       -0.4172
  47       -0.4158
  48       -0.4015
  49       -0.3994
  50       -0.3026
  51       -0.2814
  52       -0.2727
  53       -0.2443
  54       -0.2318
  55       -0.1872
  56       -0.1735
  57       -0.1703
  58       -0.1609
  59       -0.1257
  60       -0.0670
  61        0.0204
  62        0.0584
  63        0.0699
  64        0.1120
  65        0.1448
  66        0.1529
  67        0.1630
  68        0.1998
  69        0.2035
  70        0.2130
  71        0.2240
  72        0.2526
  73        0.2674
  74        0.2778
  75        0.3622
  76        0.3716
  77        0.3790
  78        0.3819
  79        0.3966
  80        0.4102
  81        0.4175
  82        0.4333
  83        0.4390
  84        0.4515
  85        0.4638
  86        0.4673
  87        0.5006
  88        0.5263
  89        0.5615
  90        0.5678
  91        0.5770
  92        0.5966
  93        0.6146
  94        0.6567
  95        0.6644
  96        0.7013
  97        0.7015
  98        0.7113
  99        0.7610
 100        0.7832
 101        0.7846
 102        0.7970
 103        0.8107
 104        0.8467
 105        0.8680
 106        0.9773
 107        1.0020
 108        1.0098
 109        1.0153
 110        1.0178
 111        1.0479
 112        1.0614
 113        1.0652
 114        1.0963
 115        1.1442
 116        1.1635
 117        1.1750
 118        1.2139
 119        1.3580
 120        1.3647
 121        1.3766
 122        1.4711
 123        1.4861
 124        1.5687
 125        1.5761
 126        1.5852
 127        1.6407
 128        1.6544
 129        1.6945
 130        1.7087
 131        1.7541
 132        1.8130
 133        1.8467
 134        1.8509
 135        1.8636
 136        1.8658
 137        1.8881
 138        1.9077
 139        1.9274
 140        1.9989
 141        2.0136
 142        2.0161
 143        2.0249
 144        2.0522
 145        2.0668
 146        2.0888
 147        2.1057
 148        2.1194
 149        2.1435
 150        2.1629
 151        2.1671
 152        2.1760
 153        2.1821
 154        2.2251
 155        2.2443
 156        2.2460
 157        2.2483
 158        2.2492
 159        2.2642
 160        2.2698
 161        2.2862
 162        2.3994
 163        2.4038
 164        2.4045
 165        2.4096
 166        2.4115
 167        2.4327
 168        2.5745
 169        2.6468
 170        2.7461
 171        3.0931
 172        3.1225
 173        3.2286
 174        3.3465
 175        3.6553
 176        4.0408
 177        4.7091
 178        5.2545
 179        5.3277
 180        5.4053
 181        5.4443
 182        5.7646
 183        5.8103
 184        5.8273
 185        5.8416
 186        6.2915
 187        6.5956
 188        6.8990
 189        6.9418
 190        6.9712
 191        7.3874
 192        7.4492
 193        7.4586
 194        7.6819
 195        7.8963
 196        8.0627
 197        8.2125
 198        8.2732
 199        8.4366
 200        8.5790
 201        8.7073
 202        8.7441
 203        9.1900
 204        9.6023
 205        9.8046
 206       10.4929
 207       10.6447
 208       10.6974
 209       10.8979
 210       11.1112
 211       11.1640
 212       11.3874
 
  0.4375000E+00  0.4375000E+00  0.6250000E-01  0.4687500E-01
   1       -3.3883
   2       -3.1024
   3       -3.1024
   4       -2.8333
   5       -1.9457
   6       -1.9260
   7       -1.9058
   8       -1.9058
   9       -1.7423
  10       -1.6860
  11       -1.6854
  12       -1.6854
  13       -1.3574
  14       -1.3213
  15       -1.3213
  16       -1.3210
  17       -1.3210
  18       -1.2674
  19       -1.2674
  20       -1.2539
  21       -1.2539
  22       -1.1811
  23       -1.1469
  24       -1.1469
  25       -1.1444
  26       -1.1444
  27       -1.1378
  28       -1.1378
  29       -1.1091
  30       -1.1091
  31       -1.0779
  32       -1.0779
  33       -1.0177
  34       -1.0177
  35       -0.9856
  36       -0.9856
  37       -0.9510
  38       -0.9510
  39       -0.9067
  40       -0.8663
  41       -0.8663
  42       -0.7327
  43       -0.7327
  44       -0.5686
  45       -0.4415
  46       -0.4415
  47       -0.3453
  48       -0.3453
  49       -0.3444
  50       -0.3444
  51       -0.2596
  52       -0.2596
  53       -0.2107
  54       -0.1788
  55       -0.1788
  56       -0.1701
  57       -0.1049
  58       -0.0887
  59        0.0600
  60        0.0600
  61        0.0802
  62        0.1519
  63        0.1519
  64        0.1569
  65        0.1569
  66        0.1641
  67        0.1787
  68        0.2133
  69        0.2133
  70        0.2323
  71        0.3368
  72        0.3368
  73        0.3954
  74        0.3954
  75        0.4264
  76        0.4337
  77        0.4339
  78        0.4464
  79        0.4540
  80        0.4540
  81        0.4590
  82        0.5118
  83        0.5188
  84        0.5272
  85        0.5272
  86        0.5299
  87        0.5299
  88        0.5312
  89        0.5312
  90        0.5757
  91        0.5757
  92        0.5785
  93        0.5785
  94        0.5959
  95        0.6058
  96        0.6340
  97        0.6340
  98        0.6870
  99        0.6870
 100        0.6912
 101        0.6981
 102        0.6981
 103        0.7210
 104        0.7886
 105        0.7886
 106        0.8613
 107        0.8613
 108        0.8765
 109        0.8765
 110        0.8798
 111        0.8798
 112        0.9597
 113        0.9597
 114        1.0151
 115        1.0151
 116        1.0369
 117        1.0815
 118        1.0815
 119        1.1375
 120        1.1468
 121        1.5002
 122        1.5499
 123        1.6159
 124        1.6159
 125        1.6637
 126        1.6637
 127        1.7255
 128        1.7255
 129        1.7523
 130        1.8102
 131        1.8205
 132        1.8205
 133        1.8290
 134        1.8290
 135        1.9517
 136        1.9517
 137        1.9584
 138        1.9584
 139        2.0183
 140        2.0478
 141        2.0478
 142        2.0563
 143        2.0887
 144        2.0887
 145        2.1489
 146        2.1548
 147        2.1548
 148        2.1820
 149        2.1904
 150        2.2317
 151        2.2317
 152        2.2363
 153        2.2363
 154        2.2371
 155        2.2371
 156        2.2530
 157        2.2530
 158        2.2569
 159        2.2569
 160        2.2690
 161        2.2718
 162        2.2718
 163        2.2866
 164        2.2866
 165        2.3139
 166        2.3284
 167        2.3284
 168        2.3470
 169        2.4688
 170        2.7468
 171        2.7468
 172        2.8587
 173        3.8068
 174        3.8068
 175        4.2630
 176        4.2630
 177        4.5153
 178        4.5153
 179        4.9878
 180        4.9878
 181        6.0612
 182        6.0612
 183        6.2663
 184        6.2663
 185        6.5597
 186        6.5597
 187        6.8719
 188        6.8719
 189        6.9706
 190        6.9706
 191        7.2685
 192        7.2685
 193        7.3691
 194        7.4856
 195        7.4856
 196        7.7739
 197        7.7739
 198        7.7883
 199        7.7883
 200        7.8183
 201        8.4854
 202        8.6745
 203        8.6745
 204        9.1017
 205       10.5966
 206       11.1484
 207       11.2474
 208       11.3270
 209       11.4249
 210       11.4501
 211       11.6779
 212       11.9236
 
  0.1875000E+00  0.1875000E+00  0.1875000E+00  0.1562500E-01
   1       -4.0765
   2       -2.6255
   3       -2.6255
   4       -2.6255
   5       -2.0369
   6       -1.8324
   7       -1.8324
   8       -1.8324
   9       -1.7073
  10       -1.7073
  11       -1.7073
  12       -1.6370
  13       -1.6370
  14       -1.6370
  15       -1.6057
  16       -1.6057
  17       -1.6057
  18       -1.3923
  19       -1.3923
  20       -1.3923
  21       -1.0761
  22       -1.0761
  23       -1.0761
  24       -1.0761
  25       -1.0761
  26       -1.0761
  27       -0.9809
  28       -0.9809
  29       -0.9809
  30       -0.9143
  31       -0.9143
  32       -0.9143
  33       -0.9143
  34       -0.9143
  35       -0.9143
  36       -0.9035
  37       -0.9035
  38       -0.9035
  39       -0.5906
  40       -0.5906
  41       -0.5906
  42       -0.5906
  43       -0.5906
  44       -0.5906
  45       -0.4529
  46       -0.4529
  47       -0.4529
  48       -0.2209
  49       -0.2209
  50       -0.2209
  51       -0.1731
  52       -0.1731
  53       -0.1731
  54       -0.1731
  55       -0.1731
  56       -0.1731
  57       -0.1508
  58       -0.1508
  59       -0.1508
  60       -0.0788
  61       -0.0788
  62       -0.0788
  63       -0.0788
  64       -0.0788
  65       -0.0788
  66        0.0279
  67        0.0279
  68        0.0279
  69        0.0854
  70        0.1886
  71        0.1886
  72        0.2406
  73        0.2406
  74        0.2538
  75        0.2538
  76        0.2538
  77        0.2538
  78        0.2538
  79        0.2538
  80        0.2806
  81        0.2806
  82        0.2806
  83        0.2890
  84        0.2890
  85        0.2890
  86        0.3073
  87        0.3073
  88        0.3073
  89        0.5372
  90        0.5372
  91        0.5372
  92        0.6709
  93        0.6709
  94        0.6709
  95        0.6760
  96        0.6760
  97        0.6760
  98        0.7706
  99        0.7706
 100        0.7706
 101        0.9709
 102        0.9709
 103        0.9709
 104        1.0074
 105        1.0074
 106        1.0074
 107        1.0074
 108        1.0074
 109        1.0074
 110        1.1795
 111        1.1795
 112        1.1795
 113        1.2753
 114        1.2753
 115        1.2753
 116        1.3314
 117        1.3314
 118        1.3314
 119        1.3533
 120        1.3533
 121        1.4320
 122        1.4320
 123        1.4320
 124        1.4320
 125        1.4320
 126        1.4320
 127        1.5904
 128        1.5904
 129        1.5904
 130        1.7472
 131        1.7472
 132        1.7472
 133        1.7604
 134        1.7604
 135        1.7604
 136        1.7604
 137        1.7604
 138        1.7604
 139        1.8693
 140        1.8693
 141        1.8693
 142        2.0638
 143        2.0638
 144        2.0638
 145        2.0811
 146        2.0811
 147        2.0811
 148        2.0997
 149        2.0997
 150        2.0997
 151        2.1373
 152        2.1373
 153        2.1373
 154        2.1894
 155        2.1894
 156        2.3033
 157        2.3672
 158        2.3672
 159        2.3672
 160        2.4688
 161        2.4688
 162        2.4688
 163        2.4688
 164        2.4688
 165        2.4688
 166        2.5317
 167        2.5317
 168        2.5317
 169        2.7626
 170        2.7626
 171        2.7626
 172        3.9785
 173        3.9785
 174        3.9785
 175        3.9785
 176        3.9785
 177        3.9785
 178        4.4626
 179        4.4626
 180        4.4626
 181        5.3712
 182        5.3712
 183        5.3712
 184        5.4953
 185        5.4953
 186        5.4953
 187        7.1770
 188        7.1770
 189        7.1770
 190        7.5695
 191        7.5695
 192        7.5695
 193        7.5695
 194        7.5695
 195        7.5695
 196        8.9008
 197        9.3590
 198        9.3590
 199        9.3591
 200        9.3594
 201        9.3598
 202        9.3868
 203        9.6942
 204        9.6963
 205        9.7788
 206        9.9827
 207        9.9872
 208       10.6666
 209       11.2368
 210       11.2602
 211       11.3925
 212       11.5211
 
  0.3125000E+00  0.1875000E+00  0.1875000E+00  0.4687500E-01
   1       -3.9185
   2       -3.0250
   3       -2.5149
   4       -2.5149
   5       -2.0303
   6       -1.9394
   7       -1.9394
   8       -1.8123
   9       -1.7527
  10       -1.7527
  11       -1.6944
  12       -1.5901
  13       -1.5537
  14       -1.5537
  15       -1.5239
  16       -1.5239
  17       -1.4955
  18       -1.3384
  19       -1.2960
  20       -1.2960
  21       -1.2904
  22       -1.2904
  23       -1.1730
  24       -1.1730
  25       -1.1494
  26       -1.0999
  27       -1.0999
  28       -1.0381
  29       -0.9756
  30       -0.9756
  31       -0.9287
  32       -0.9287
  33       -0.9265
  34       -0.9265
  35       -0.8631
  36       -0.8631
  37       -0.8177
  38       -0.8177
  39       -0.7868
  40       -0.7868
  41       -0.5701
  42       -0.5701
  43       -0.5320
  44       -0.5320
  45       -0.4048
  46       -0.4048
  47       -0.3051
  48       -0.3051
  49       -0.3049
  50       -0.2958
  51       -0.2958
  52       -0.2675
  53       -0.2675
  54       -0.2319
  55       -0.1958
  56       -0.1958
  57       -0.1284
  58       -0.1284
  59       -0.1090
  60       -0.1090
  61       -0.0741
  62       -0.0741
  63       -0.0492
  64       -0.0050
  65       -0.0050
  66        0.0358
  67        0.0749
  68        0.1436
  69        0.1436
  70        0.2082
  71        0.2234
  72        0.2251
  73        0.2251
  74        0.2719
  75        0.2719
  76        0.2875
  77        0.2952
  78        0.3100
  79        0.3100
  80        0.3107
  81        0.3107
  82        0.3664
  83        0.3664
  84        0.3674
  85        0.3870
  86        0.4547
  87        0.4547
  88        0.4734
  89        0.4734
  90        0.5220
  91        0.5419
  92        0.5657
  93        0.6007
  94        0.6007
  95        0.6161
  96        0.6740
  97        0.6740
  98        0.7336
  99        0.7336
 100        0.8175
 101        0.8296
 102        0.8296
 103        0.9536
 104        1.0745
 105        1.0745
 106        1.0791
 107        1.0791
 108        1.0818
 109        1.1656
 110        1.1656
 111        1.2391
 112        1.2391
 113        1.2502
 114        1.2502
 115        1.2778
 116        1.2778
 117        1.2858
 118        1.3029
 119        1.3029
 120        1.3482
 121        1.3798
 122        1.3798
 123        1.3973
 124        1.4336
 125        1.4336
 126        1.4820
 127        1.5308
 128        1.5964
 129        1.5964
 130        1.6393
 131        1.6606
 132        1.7572
 133        1.7572
 134        1.8113
 135        1.8113
 136        1.8132
 137        1.8132
 138        1.8958
 139        1.9443
 140        1.9443
 141        1.9586
 142        1.9586
 143        1.9850
 144        1.9850
 145        2.0099
 146        2.0365
 147        2.0385
 148        2.0385
 149        2.0486
 150        2.0536
 151        2.0536
 152        2.2126
 153        2.3346
 154        2.3518
 155        2.3518
 156        2.3688
 157        2.3688
 158        2.3712
 159        2.3712
 160        2.3830
 161        2.4237
 162        2.4237
 163        2.4611
 164        2.4611
 165        2.4741
 166        2.4741
 167        2.4795
 168        2.5150
 169        2.5150
 170        2.5324
 171        2.7088
 172        3.5730
 173        3.5730
 174        4.0174
 175        4.0174
 176        4.3117
 177        4.3117
 178        4.5521
 179        4.5521
 180        4.6521
 181        5.2180
 182        5.4984
 183        5.8891
 184        5.8891
 185        5.9371
 186        5.9371
 187        6.7887
 188        6.7887
 189        6.8456
 190        7.2554
 191        7.2554
 192        7.5245
 193        7.5245
 194        7.7562
 195        7.7562
 196        8.6289
 197        8.8460
 198        8.8463
 199        9.2880
 200        9.2885
 201        9.4062
 202        9.4071
 203        9.5501
 204        9.5535
 205        9.6328
 206        9.8509
 207        9.8660
 208       10.2698
 209       10.3521
 210       10.7167
 211       10.9167
 212       11.8300
 
  0.4375000E+00  0.1875000E+00  0.1875000E+00  0.4687500E-01
   1       -3.6859
   2       -3.3845
   3       -2.3568
   4       -2.3568
   5       -2.1607
   6       -2.1607
   7       -1.9874
   8       -1.9119
   9       -1.6343
  10       -1.6343
  11       -1.5337
  12       -1.5280
  13       -1.4896
  14       -1.4791
  15       -1.4791
  16       -1.4330
  17       -1.4330
  18       -1.4144
  19       -1.4144
  20       -1.3414
  21       -1.2918
  22       -1.2918
  23       -1.2792
  24       -1.2792
  25       -1.2594
  26       -1.1581
  27       -1.1563
  28       -1.1563
  29       -0.9816
  30       -0.9816
  31       -0.9646
  32       -0.9646
  33       -0.9475
  34       -0.9475
  35       -0.8361
  36       -0.8361
  37       -0.8211
  38       -0.8211
  39       -0.6872
  40       -0.6872
  41       -0.5245
  42       -0.5245
  43       -0.5134
  44       -0.5134
  45       -0.4477
  46       -0.4477
  47       -0.4312
  48       -0.4312
  49       -0.3516
  50       -0.3516
  51       -0.3386
  52       -0.3386
  53       -0.2638
  54       -0.2638
  55       -0.1925
  56       -0.1689
  57       -0.1264
  58       -0.0883
  59       -0.0883
  60       -0.0654
  61       -0.0654
  62       -0.0525
  63       -0.0455
  64       -0.0455
  65        0.0260
  66        0.0260
  67        0.0744
  68        0.0744
  69        0.1846
  70        0.2094
  71        0.2632
  72        0.2632
  73        0.2899
  74        0.2899
  75        0.2920
  76        0.3028
  77        0.3028
  78        0.3349
  79        0.3349
  80        0.3708
  81        0.3767
  82        0.3821
  83        0.3821
  84        0.3925
  85        0.4701
  86        0.4703
  87        0.4703
  88        0.4841
  89        0.5091
  90        0.5091
  91        0.5121
  92        0.6587
  93        0.6649
  94        0.6899
  95        0.6899
  96        0.7091
  97        0.7091
  98        0.7246
  99        0.7246
 100        0.8313
 101        0.9741
 102        0.9741
 103        0.9804
 104        0.9804
 105        1.0940
 106        1.1108
 107        1.1201
 108        1.1411
 109        1.1411
 110        1.1913
 111        1.1913
 112        1.1946
 113        1.1946
 114        1.1971
 115        1.2633
 116        1.2633
 117        1.2961
 118        1.2961
 119        1.2978
 120        1.2978
 121        1.3001
 122        1.3023
 123        1.3023
 124        1.3741
 125        1.3741
 126        1.3947
 127        1.3947
 128        1.4612
 129        1.5428
 130        1.6293
 131        1.6861
 132        1.7222
 133        1.7744
 134        1.7744
 135        1.8780
 136        1.8888
 137        1.8888
 138        1.8946
 139        1.9329
 140        1.9329
 141        1.9662
 142        1.9662
 143        1.9688
 144        1.9688
 145        2.1053
 146        2.1053
 147        2.1144
 148        2.1144
 149        2.1369
 150        2.1369
 151        2.1465
 152        2.1926
 153        2.1926
 154        2.2456
 155        2.2456
 156        2.2469
 157        2.2469
 158        2.2587
 159        2.2733
 160        2.2733
 161        2.3162
 162        2.4064
 163        2.4832
 164        2.4832
 165        2.4971
 166        2.4971
 167        2.5185
 168        2.6275
 169        2.7951
 170        2.7951
 171        3.1205
 172        3.1793
 173        3.1793
 174        3.8360
 175        4.0824
 176        4.0824
 177        4.1797
 178        4.1797
 179        5.2247
 180        5.2247
 181        5.6541
 182        5.6847
 183        5.9815
 184        5.9815
 185        6.3558
 186        6.3558
 187        6.5508
 188        6.5509
 189        6.8309
 190        6.8309
 191        6.9362
 192        7.1483
 193        7.1483
 194        7.6559
 195        8.4945
 196        8.4945
 197        8.7335
 198        8.7335
 199        8.9465
 200        8.9466
 201        9.3431
 202        9.3432
 203        9.5235
 204        9.5237
 205        9.6853
 206        9.6864
 207        9.8556
 208        9.8582
 209       10.2482
 210       10.2495
 211       10.4456
 212       12.2735
 
  0.3125000E+00  0.3125000E+00  0.1875000E+00  0.4687500E-01
   1       -3.7652
   2       -2.9005
   3       -2.9005
   4       -2.4284
   5       -2.2258
   6       -2.0607
   7       -1.9893
   8       -1.9893
   9       -1.7016
  10       -1.6050
  11       -1.6050
  12       -1.5078
  13       -1.5078
  14       -1.4967
  15       -1.4962
  16       -1.4153
  17       -1.4153
  18       -1.3466
  19       -1.3466
  20       -1.2418
  21       -1.2418
  22       -1.1843
  23       -1.1398
  24       -1.1398
  25       -1.1157
  26       -1.1157
  27       -1.1008
  28       -1.1008
  29       -1.0572
  30       -1.0572
  31       -1.0427
  32       -1.0427
  33       -1.0412
  34       -0.9448
  35       -0.9448
  36       -0.9170
  37       -0.9170
  38       -0.7381
  39       -0.7381
  40       -0.6905
  41       -0.6761
  42       -0.6761
  43       -0.5187
  44       -0.5187
  45       -0.4147
  46       -0.4147
  47       -0.3260
  48       -0.3059
  49       -0.2871
  50       -0.2871
  51       -0.2711
  52       -0.2711
  53       -0.2568
  54       -0.2568
  55       -0.1849
  56       -0.1083
  57       -0.1083
  58       -0.0958
  59       -0.0958
  60       -0.0549
  61       -0.0549
  62       -0.0170
  63        0.0109
  64        0.0308
  65        0.0308
  66        0.0424
  67        0.0424
  68        0.1833
  69        0.1833
  70        0.2237
  71        0.2237
  72        0.2251
  73        0.2641
  74        0.3170
  75        0.3298
  76        0.3298
  77        0.3329
  78        0.3659
  79        0.3807
  80        0.3885
  81        0.4083
  82        0.4368
  83        0.4415
  84        0.4415
  85        0.4756
  86        0.4756
  87        0.4870
  88        0.4870
  89        0.5042
  90        0.5042
  91        0.5295
  92        0.5295
  93        0.5781
  94        0.5781
  95        0.5971
  96        0.5971
  97        0.6204
  98        0.6543
  99        0.6963
 100        0.6963
 101        0.8789
 102        0.8789
 103        0.9239
 104        0.9239
 105        0.9770
 106        0.9770
 107        1.0229
 108        1.1004
 109        1.1090
 110        1.1090
 111        1.1586
 112        1.1586
 113        1.1612
 114        1.1667
 115        1.2533
 116        1.2533
 117        1.2782
 118        1.3075
 119        1.3333
 120        1.3333
 121        1.3989
 122        1.4346
 123        1.4445
 124        1.4445
 125        1.4519
 126        1.4519
 127        1.5176
 128        1.5176
 129        1.5595
 130        1.5595
 131        1.5624
 132        1.5885
 133        1.5885
 134        1.6784
 135        1.6784
 136        1.8180
 137        1.9193
 138        1.9597
 139        1.9597
 140        1.9995
 141        1.9995
 142        2.0341
 143        2.0341
 144        2.0676
 145        2.0982
 146        2.1030
 147        2.1046
 148        2.1046
 149        2.1049
 150        2.1049
 151        2.1991
 152        2.2075
 153        2.2075
 154        2.2138
 155        2.3290
 156        2.3290
 157        2.3511
 158        2.3511
 159        2.3769
 160        2.3841
 161        2.3841
 162        2.3872
 163        2.3872
 164        2.4044
 165        2.4044
 166        2.4729
 167        2.4729
 168        2.4820
 169        2.5405
 170        2.8848
 171        2.8848
 172        3.6067
 173        3.6067
 174        4.0210
 175        4.1266
 176        4.1266
 177        4.6511
 178        4.6511
 179        5.0359
 180        5.0359
 181        5.1571
 182        5.1571
 183        6.1164
 184        6.1164
 185        6.2297
 186        6.3851
 187        6.3851
 188        6.4659
 189        6.9714
 190        6.9714
 191        7.2648
 192        7.2648
 193        7.3991
 194        7.3991
 195        8.1973
 196        8.1973
 197        8.4216
 198        8.6808
 199        8.6808
 200        8.8726
 201        8.8728
 202        8.9011
 203        9.6433
 204        9.7337
 205        9.7389
 206        9.8521
 207        9.8614
 208       10.3865
 209       10.8337
 210       10.8933
 211       11.0084
 212       11.2883
 
  0.4375000E+00  0.3125000E+00  0.1875000E+00  0.9375000E-01
   1       -3.5396
   2       -3.2479
   3       -2.7198
   4       -2.4911
   5       -2.3062
   6       -2.1568
   7       -2.0608
   8       -2.0344
   9       -1.6158
  10       -1.4967
  11       -1.4817
  12       -1.4552
  13       -1.4529
  14       -1.4386
  15       -1.4097
  16       -1.4046
  17       -1.4036
  18       -1.3888
  19       -1.3260
  20       -1.3057
  21       -1.2769
  22       -1.2644
  23       -1.2368
  24       -1.1771
  25       -1.1624
  26       -1.1130
  27       -1.1016
  28       -1.0883
  29       -1.0615
  30       -1.0446
  31       -1.0325
  32       -1.0176
  33       -1.0149
  34       -0.9991
  35       -0.9813
  36       -0.9403
  37       -0.9274
  38       -0.8556
  39       -0.8043
  40       -0.6587
  41       -0.6217
  42       -0.5469
  43       -0.5448
  44       -0.5113
  45       -0.4715
  46       -0.4453
  47       -0.4115
  48       -0.3793
  49       -0.3627
  50       -0.2959
  51       -0.2524
  52       -0.2311
  53       -0.2134
  54       -0.2068
  55       -0.1981
  56       -0.1827
  57       -0.1508
  58       -0.1508
  59       -0.0820
  60       -0.0631
  61       -0.0531
  62       -0.0368
  63        0.0752
  64        0.0990
  65        0.1587
  66        0.1692
  67        0.1842
  68        0.2171
  69        0.2298
  70        0.2394
  71        0.2549
  72        0.3193
  73        0.3209
  74        0.3253
  75        0.3408
  76        0.3581
  77        0.3819
  78        0.3918
  79        0.3975
  80        0.4109
  81        0.4166
  82        0.4179
  83        0.4406
  84        0.4543
  85        0.4697
  86        0.4747
  87        0.4801
  88        0.4934
  89        0.5277
  90        0.5357
  91        0.5589
  92        0.5832
  93        0.5907
  94        0.5973
  95        0.5991
  96        0.6096
  97        0.7056
  98        0.7093
  99        0.7138
 100        0.7646
 101        0.7952
 102        0.8084
 103        0.8440
 104        0.8612
 105        0.9102
 106        0.9174
 107        0.9339
 108        0.9947
 109        1.0022
 110        1.0574
 111        1.1217
 112        1.1552
 113        1.1593
 114        1.1756
 115        1.1791
 116        1.2009
 117        1.2163
 118        1.2457
 119        1.2594
 120        1.2849
 121        1.2976
 122        1.3271
 123        1.3869
 124        1.4082
 125        1.4118
 126        1.4636
 127        1.4797
 128        1.5024
 129        1.5292
 130        1.5609
 131        1.6369
 132        1.6669
 133        1.6672
 134        1.7426
 135        1.7905
 136        1.8003
 137        1.8146
 138        1.8691
 139        1.8813
 140        1.9236
 141        1.9722
 142        2.0730
 143        2.1207
 144        2.1381
 145        2.1483
 146        2.1520
 147        2.1691
 148        2.1952
 149        2.1959
 150        2.2077
 151        2.2158
 152        2.2178
 153        2.2179
 154        2.2357
 155        2.2709
 156        2.2777
 157        2.2778
 158        2.2783
 159        2.3040
 160        2.3201
 161        2.3214
 162        2.3244
 163        2.3367
 164        2.4093
 165        2.4107
 166        2.4119
 167        2.4436
 168        2.4437
 169        2.8513
 170        3.2178
 171        3.2887
 172        3.4909
 173        3.6780
 174        3.7055
 175        3.8102
 176        4.2171
 177        4.7902
 178        4.7972
 179        4.9788
 180        5.3816
 181        5.4823
 182        5.5510
 183        5.9424
 184        6.0275
 185        6.1797
 186        6.3403
 187        6.6442
 188        6.7662
 189        6.8863
 190        7.0018
 191        7.0637
 192        7.1220
 193        7.2034
 194        7.3880
 195        7.8640
 196        7.9552
 197        7.9604
 198        8.5090
 199        8.5891
 200        8.8024
 201        8.8926
 202        9.0829
 203        9.1853
 204        9.2663
 205        9.3670
 206       10.0305
 207       10.1822
 208       10.2936
 209       10.5203
 210       10.8097
 211       11.6019
 212       12.0320
 
  0.4375000E+00  0.4375000E+00  0.1875000E+00  0.4687500E-01
   1       -3.3248
   2       -3.0481
   3       -3.0481
   4       -2.7922
   5       -2.2338
   6       -2.1424
   7       -2.1424
   8       -2.1117
   9       -1.5706
  10       -1.4992
  11       -1.4992
  12       -1.4853
  13       -1.3431
  14       -1.3367
  15       -1.3367
  16       -1.3228
  17       -1.3228
  18       -1.2972
  19       -1.2972
  20       -1.2458
  21       -1.2458
  22       -1.1893
  23       -1.1893
  24       -1.1830
  25       -1.1816
  26       -1.1816
  27       -1.1704
  28       -1.1704
  29       -1.1580
  30       -1.1580
  31       -1.0608
  32       -1.0608
  33       -1.0210
  34       -1.0210
  35       -0.9189
  36       -0.9189
  37       -0.8758
  38       -0.8453
  39       -0.8453
  40       -0.7392
  41       -0.7392
  42       -0.7040
  43       -0.7040
  44       -0.5458
  45       -0.4023
  46       -0.4023
  47       -0.3257
  48       -0.3257
  49       -0.3174
  50       -0.3174
  51       -0.2980
  52       -0.2492
  53       -0.2492
  54       -0.1551
  55       -0.1411
  56       -0.1411
  57       -0.1100
  58       -0.1100
  59       -0.0796
  60       -0.0439
  61       -0.0347
  62        0.1603
  63        0.1603
  64        0.1894
  65        0.1928
  66        0.1928
  67        0.2527
  68        0.3250
  69        0.3250
  70        0.3289
  71        0.3448
  72        0.3448
  73        0.3622
  74        0.3622
  75        0.3787
  76        0.4164
  77        0.4164
  78        0.4179
  79        0.4204
  80        0.4210
  81        0.4376
  82        0.4441
  83        0.4441
  84        0.4565
  85        0.4565
  86        0.4929
  87        0.4929
  88        0.5156
  89        0.5304
  90        0.5317
  91        0.5415
  92        0.5415
  93        0.5722
  94        0.5722
  95        0.6313
  96        0.6461
  97        0.6461
  98        0.6515
  99        0.6605
 100        0.6605
 101        0.7622
 102        0.7622
 103        0.7843
 104        0.7843
 105        0.8082
 106        0.8082
 107        0.8586
 108        0.9077
 109        0.9077
 110        0.9280
 111        0.9280
 112        0.9370
 113        0.9370
 114        1.0638
 115        1.0747
 116        1.0747
 117        1.1416
 118        1.1611
 119        1.1611
 120        1.1957
 121        1.4040
 122        1.5052
 123        1.5052
 124        1.5245
 125        1.5351
 126        1.5351
 127        1.5768
 128        1.5768
 129        1.6406
 130        1.6406
 131        1.6513
 132        1.6513
 133        1.6638
 134        1.6866
 135        1.7072
 136        1.7072
 137        1.7452
 138        1.7452
 139        1.7849
 140        1.9057
 141        1.9175
 142        2.0014
 143        2.0625
 144        2.0625
 145        2.2146
 146        2.2146
 147        2.2425
 148        2.2694
 149        2.2694
 150        2.2790
 151        2.2790
 152        2.2824
 153        2.2824
 154        2.2874
 155        2.2874
 156        2.2889
 157        2.2889
 158        2.3011
 159        2.3153
 160        2.3153
 161        2.3232
 162        2.3232
 163        2.3255
 164        2.3255
 165        2.3555
 166        2.3733
 167        2.3733
 168        2.3836
 169        3.0260
 170        3.3193
 171        3.3193
 172        3.5176
 173        3.9141
 174        3.9141
 175        4.3520
 176        4.3520
 177        4.6538
 178        4.6538
 179        5.1052
 180        5.1052
 181        5.6034
 182        5.6034
 183        5.8632
 184        5.8632
 185        6.4581
 186        6.4581
 187        6.8025
 188        6.8025
 189        6.9944
 190        7.1148
 191        7.1148
 192        7.3091
 193        7.3091
 194        7.3386
 195        7.4914
 196        7.4914
 197        7.9701
 198        7.9701
 199        8.3321
 200        8.3321
 201        8.3936
 202        8.6138
 203        8.6138
 204        8.9702
 205        9.9539
 206       10.7791
 207       10.7860
 208       10.8266
 209       10.8914
 210       11.3521
 211       11.4382
 212       11.6292
 
  0.3125000E+00  0.3125000E+00  0.3125000E+00  0.1562500E-01
   1       -3.6180
   2       -2.7929
   3       -2.7929
   4       -2.7929
   5       -2.2245
   6       -2.2245
   7       -2.2245
   8       -2.1344
   9       -1.5476
  10       -1.5476
  11       -1.5476
  12       -1.4562
  13       -1.4562
  14       -1.4562
  15       -1.3887
  16       -1.3887
  17       -1.3887
  18       -1.2070
  19       -1.2070
  20       -1.2070
  21       -1.2070
  22       -1.2070
  23       -1.2070
  24       -1.1268
  25       -1.1268
  26       -1.1268
  27       -1.1194
  28       -1.1194
  29       -1.1194
  30       -1.0974
  31       -1.0974
  32       -1.0974
  33       -1.0974
  34       -1.0974
  35       -1.0974
  36       -0.8148
  37       -0.8148
  38       -0.8148
  39       -0.6249
  40       -0.6249
  41       -0.6249
  42       -0.6249
  43       -0.6249
  44       -0.6249
  45       -0.3119
  46       -0.3119
  47       -0.3119
  48       -0.2747
  49       -0.2747
  50       -0.2747
  51       -0.2747
  52       -0.2747
  53       -0.2747
  54       -0.2117
  55       -0.2117
  56       -0.2117
  57       -0.1159
  58       -0.1159
  59       -0.1159
  60        0.0037
  61        0.0074
  62        0.0074
  63        0.0074
  64        0.0928
  65        0.0928
  66        0.0928
  67        0.0928
  68        0.0928
  69        0.0928
  70        0.2722
  71        0.2722
  72        0.3456
  73        0.3456
  74        0.3825
  75        0.3825
  76        0.3825
  77        0.4545
  78        0.4545
  79        0.4545
  80        0.4551
  81        0.4551
  82        0.4551
  83        0.4551
  84        0.4551
  85        0.4551
  86        0.4907
  87        0.4907
  88        0.4907
  89        0.4914
  90        0.4914
  91        0.4914
  92        0.5449
  93        0.5449
  94        0.5449
  95        0.5539
  96        0.5539
  97        0.5539
  98        0.5579
  99        0.5579
 100        0.5579
 101        0.8801
 102        0.8801
 103        0.8801
 104        1.0154
 105        1.0154
 106        1.0154
 107        1.0397
 108        1.0397
 109        1.0397
 110        1.0397
 111        1.0397
 112        1.0397
 113        1.0753
 114        1.2766
 115        1.2766
 116        1.2766
 117        1.2766
 118        1.2766
 119        1.2766
 120        1.3442
 121        1.3442
 122        1.3587
 123        1.3587
 124        1.3587
 125        1.3754
 126        1.3754
 127        1.3754
 128        1.4554
 129        1.4554
 130        1.4554
 131        1.4554
 132        1.4554
 133        1.4554
 134        1.6806
 135        1.6806
 136        1.6806
 137        1.7913
 138        1.7913
 139        1.7913
 140        1.9377
 141        1.9377
 142        2.1441
 143        2.1441
 144        2.1441
 145        2.1782
 146        2.1782
 147        2.1782
 148        2.1784
 149        2.1784
 150        2.1784
 151        2.1784
 152        2.1784
 153        2.1784
 154        2.3185
 155        2.3185
 156        2.3185
 157        2.3615
 158        2.3615
 159        2.3615
 160        2.3615
 161        2.3615
 162        2.3615
 163        2.3861
 164        2.3861
 165        2.3861
 166        2.4798
 167        2.4798
 168        2.4798
 169        3.1030
 170        3.1030
 171        3.1030
 172        4.2253
 173        4.2253
 174        4.2253
 175        4.2253
 176        4.2253
 177        4.2253
 178        4.8642
 179        4.8642
 180        4.8642
 181        5.3602
 182        5.3602
 183        5.3602
 184        6.5996
 185        6.5996
 186        6.5996
 187        6.5996
 188        6.5996
 189        6.5996
 190        6.6849
 191        6.6849
 192        6.6849
 193        7.8042
 194        7.8042
 195        7.8042
 196        7.8804
 197        7.8804
 198        7.8805
 199        9.0665
 200        9.0665
 201        9.0665
 202        9.0665
 203        9.0665
 204        9.0676
 205       10.3618
 206       10.3618
 207       10.3619
 208       10.3662
 209       10.4195
 210       10.4308
 211       10.4577
 212       10.5592
 
  0.4375000E+00  0.3125000E+00  0.3125000E+00  0.4687500E-01
   1       -3.4017
   2       -3.1232
   3       -2.6384
   4       -2.6384
   5       -2.4453
   6       -2.4453
   7       -2.2129
   8       -2.1844
   9       -1.4616
  10       -1.4616
  11       -1.4094
  12       -1.3893
  13       -1.3758
  14       -1.3708
  15       -1.3708
  16       -1.3477
  17       -1.3477
  18       -1.3427
  19       -1.3427
  20       -1.2795
  21       -1.2795
  22       -1.2506
  23       -1.2506
  24       -1.2405
  25       -1.1286
  26       -1.1286
  27       -1.1240
  28       -1.1240
  29       -1.1219
  30       -1.1219
  31       -1.0931
  32       -1.0931
  33       -1.0423
  34       -0.9725
  35       -0.9725
  36       -0.9354
  37       -0.7957
  38       -0.7957
  39       -0.6393
  40       -0.6393
  41       -0.5411
  42       -0.5411
  43       -0.5018
  44       -0.5018
  45       -0.4398
  46       -0.4398
  47       -0.4227
  48       -0.4227
  49       -0.3890
  50       -0.3890
  51       -0.2781
  52       -0.2078
  53       -0.1973
  54       -0.1973
  55       -0.1489
  56       -0.1489
  57       -0.1327
  58       -0.1327
  59       -0.1115
  60       -0.0515
  61       -0.0515
  62       -0.0362
  63        0.1865
  64        0.1865
  65        0.1938
  66        0.1938
  67        0.2373
  68        0.2961
  69        0.3136
  70        0.3147
  71        0.3147
  72        0.3281
  73        0.3281
  74        0.3736
  75        0.3736
  76        0.3863
  77        0.3871
  78        0.3916
  79        0.3971
  80        0.3971
  81        0.4188
  82        0.4188
  83        0.4276
  84        0.4384
  85        0.4576
  86        0.4688
  87        0.4688
  88        0.4795
  89        0.4795
  90        0.4921
  91        0.4921
  92        0.5114
  93        0.5114
  94        0.5858
  95        0.5858
  96        0.6122
  97        0.6944
  98        0.7007
  99        0.7007
 100        0.7047
 101        0.7426
 102        0.7575
 103        0.7575
 104        0.8320
 105        0.8476
 106        0.8476
 107        0.8517
 108        1.0813
 109        1.0813
 110        1.1015
 111        1.1015
 112        1.1212
 113        1.1427
 114        1.1427
 115        1.1727
 116        1.1727
 117        1.2016
 118        1.2016
 119        1.2390
 120        1.2800
 121        1.2965
 122        1.2965
 123        1.3409
 124        1.3409
 125        1.3428
 126        1.3428
 127        1.3465
 128        1.3465
 129        1.4373
 130        1.4567
 131        1.5515
 132        1.5596
 133        1.5755
 134        1.5755
 135        1.6320
 136        1.6808
 137        1.6808
 138        1.7550
 139        1.7550
 140        1.7554
 141        1.9225
 142        1.9225
 143        1.9833
 144        2.0677
 145        2.2545
 146        2.2545
 147        2.2568
 148        2.2568
 149        2.2727
 150        2.2727
 151        2.2794
 152        2.3090
 153        2.3090
 154        2.3152
 155        2.3152
 156        2.3176
 157        2.3176
 158        2.3285
 159        2.3285
 160        2.3520
 161        2.3778
 162        2.3778
 163        2.3999
 164        2.4056
 165        2.4056
 166        2.4507
 167        2.4507
 168        2.4539
 169        3.4347
 170        3.4347
 171        3.7662
 172        3.8179
 173        3.8179
 174        4.3817
 175        4.3817
 176        4.5245
 177        4.5974
 178        4.5974
 179        4.9489
 180        4.9489
 181        5.7533
 182        5.7533
 183        5.7583
 184        5.7583
 185        5.7793
 186        6.1832
 187        6.1832
 188        6.7588
 189        6.8739
 190        6.8739
 191        7.0042
 192        7.0680
 193        7.0680
 194        7.4042
 195        7.7051
 196        7.7051
 197        8.2933
 198        8.2933
 199        8.6228
 200        8.6229
 201        9.4061
 202        9.4068
 203        9.4581
 204        9.4591
 205        9.5164
 206        9.5175
 207        9.8462
 208        9.8485
 209        9.9967
 210       10.0002
 211       11.0796
 212       11.2217
 
  0.4375000E+00  0.4375000E+00  0.3125000E+00  0.4687500E-01
   1       -3.2002
   2       -2.9421
   3       -2.9421
   4       -2.7123
   5       -2.5224
   6       -2.3781
   7       -2.3781
   8       -2.2906
   9       -1.4223
  10       -1.3620
  11       -1.3620
  12       -1.3618
  13       -1.3346
  14       -1.3346
  15       -1.3209
  16       -1.3206
  17       -1.3206
  18       -1.3153
  19       -1.3153
  20       -1.2374
  21       -1.2374
  22       -1.2321
  23       -1.2321
  24       -1.2291
  25       -1.2291
  26       -1.2280
  27       -1.2280
  28       -1.2061
  29       -1.2061
  30       -1.1958
  31       -1.1574
  32       -1.1574
  33       -0.8832
  34       -0.8832
  35       -0.8133
  36       -0.7687
  37       -0.7687
  38       -0.7039
  39       -0.7039
  40       -0.6446
  41       -0.6446
  42       -0.5824
  43       -0.5824
  44       -0.4968
  45       -0.4492
  46       -0.4287
  47       -0.4287
  48       -0.3370
  49       -0.3370
  50       -0.3245
  51       -0.3245
  52       -0.2775
  53       -0.2775
  54       -0.2537
  55       -0.2537
  56       -0.1802
  57       -0.0698
  58       -0.0698
  59       -0.0457
  60       -0.0366
  61        0.0058
  62        0.1565
  63        0.1565
  64        0.2714
  65        0.2714
  66        0.3093
  67        0.3122
  68        0.3486
  69        0.3486
  70        0.3543
  71        0.3616
  72        0.3616
  73        0.3778
  74        0.3778
  75        0.3911
  76        0.3995
  77        0.3995
  78        0.4050
  79        0.4059
  80        0.4113
  81        0.4113
  82        0.4171
  83        0.4200
  84        0.4257
  85        0.4257
  86        0.4472
  87        0.4472
  88        0.4518
  89        0.4562
  90        0.4575
  91        0.5029
  92        0.5029
  93        0.5427
  94        0.5427
  95        0.5616
  96        0.5616
  97        0.5843
  98        0.5996
  99        0.5996
 100        0.6873
 101        0.6873
 102        0.7676
 103        0.8273
 104        0.8273
 105        0.8505
 106        0.8505
 107        0.9111
 108        0.9112
 109        0.9112
 110        0.9833
 111        0.9833
 112        1.0001
 113        1.0001
 114        1.0145
 115        1.1547
 116        1.1547
 117        1.2555
 118        1.2751
 119        1.2751
 120        1.2881
 121        1.2881
 122        1.2967
 123        1.2995
 124        1.3506
 125        1.3506
 126        1.4017
 127        1.4017
 128        1.4393
 129        1.4393
 130        1.4804
 131        1.4882
 132        1.5218
 133        1.5249
 134        1.5249
 135        1.5368
 136        1.5368
 137        1.6032
 138        1.6032
 139        1.7055
 140        1.7392
 141        1.7463
 142        1.8341
 143        1.8609
 144        1.8609
 145        2.3199
 146        2.3287
 147        2.3287
 148        2.3424
 149        2.3424
 150        2.3471
 151        2.3471
 152        2.3487
 153        2.3487
 154        2.3688
 155        2.3688
 156        2.3732
 157        2.3732
 158        2.3740
 159        2.3740
 160        2.3825
 161        2.3879
 162        2.3879
 163        2.3940
 164        2.3940
 165        2.4038
 166        2.4238
 167        2.4374
 168        2.4374
 169        3.6810
 170        4.0058
 171        4.0058
 172        4.1259
 173        4.1259
 174        4.2694
 175        4.5277
 176        4.5277
 177        4.9073
 178        4.9073
 179        5.1774
 180        5.1774
 181        5.3248
 182        5.3248
 183        5.4622
 184        5.4622
 185        6.0336
 186        6.0336
 187        6.1107
 188        6.3746
 189        6.3746
 190        6.4975
 191        6.4975
 192        6.8408
 193        7.7315
 194        7.7315
 195        8.1279
 196        8.1280
 197        8.1582
 198        8.5394
 199        8.5395
 200        8.8132
 201        8.8135
 202        8.9524
 203        8.9537
 204        9.3710
 205        9.4031
 206        9.9750
 207       10.1168
 208       10.2129
 209       10.2898
 210       10.5143
 211       10.5936
 212       10.8934
 
  0.4375000E+00  0.4375000E+00  0.4375000E+00  0.1562500E-01
   1       -3.0192
   2       -2.7894
   3       -2.7894
   4       -2.7894
   5       -2.5980
   6       -2.5980
   7       -2.5980
   8       -2.4552
   9       -1.3090
  10       -1.3090
  11       -1.3090
  12       -1.3081
  13       -1.3081
  14       -1.3081
  15       -1.3034
  16       -1.3034
  17       -1.3034
  18       -1.2790
  19       -1.2790
  20       -1.2790
  21       -1.2790
  22       -1.2790
  23       -1.2790
  24       -1.2426
  25       -1.2426
  26       -1.2426
  27       -1.2426
  28       -1.2426
  29       -1.2426
  30       -1.2337
  31       -1.2337
  32       -1.2337
  33       -0.7188
  34       -0.7188
  35       -0.7188
  36       -0.5948
  37       -0.5948
  38       -0.5948
  39       -0.5525
  40       -0.5525
  41       -0.5525
  42       -0.5525
  43       -0.5525
  44       -0.5525
  45       -0.4283
  46       -0.4283
  47       -0.4283
  48       -0.4283
  49       -0.4283
  50       -0.4283
  51       -0.4180
  52       -0.4180
  53       -0.4180
  54       -0.3098
  55       -0.3098
  56       -0.3098
  57        0.0059
  58        0.0232
  59        0.0232
  60        0.0232
  61        0.1106
  62        0.1106
  63        0.1106
  64        0.2909
  65        0.3606
  66        0.3606
  67        0.3920
  68        0.3920
  69        0.3920
  70        0.3920
  71        0.3920
  72        0.3920
  73        0.3936
  74        0.3936
  75        0.3936
  76        0.3959
  77        0.3959
  78        0.3959
  79        0.4000
  80        0.4000
  81        0.4039
  82        0.4039
  83        0.4039
  84        0.4140
  85        0.4140
  86        0.4140
  87        0.4491
  88        0.4491
  89        0.4491
  90        0.5002
  91        0.5002
  92        0.5002
  93        0.5099
  94        0.5099
  95        0.5099
  96        0.5392
  97        0.5392
  98        0.5392
  99        0.5392
 100        0.5392
 101        0.5392
 102        0.7127
 103        0.7127
 104        0.7127
 105        0.9226
 106        0.9226
 107        0.9226
 108        1.0743
 109        1.0743
 110        1.0743
 111        1.0743
 112        1.0743
 113        1.0743
 114        1.0889
 115        1.0889
 116        1.0889
 117        1.1828
 118        1.1828
 119        1.1828
 120        1.2421
 121        1.2421
 122        1.2421
 123        1.2421
 124        1.2421
 125        1.2421
 126        1.3557
 127        1.3557
 128        1.3557
 129        1.4186
 130        1.4186
 131        1.4186
 132        1.4338
 133        1.4338
 134        1.4725
 135        1.4725
 136        1.4725
 137        1.5861
 138        1.5861
 139        1.5861
 140        1.6549
 141        1.6549
 142        1.6862
 143        1.6862
 144        1.6862
 145        2.3817
 146        2.3817
 147        2.3817
 148        2.4061
 149        2.4061
 150        2.4061
 151        2.4061
 152        2.4061
 153        2.4061
 154        2.4069
 155        2.4069
 156        2.4069
 157        2.4069
 158        2.4069
 159        2.4069
 160        2.4120
 161        2.4120
 162        2.4120
 163        2.4303
 164        2.4303
 165        2.4303
 166        2.4430
 167        2.4430
 168        2.4430
 169        4.4239
 170        4.4239
 171        4.4239
 172        4.7813
 173        4.7813
 174        4.7813
 175        4.7813
 176        4.7813
 177        4.7813
 178        5.0977
 179        5.0977
 180        5.0977
 181        5.2410
 182        5.2410
 183        5.2410
 184        5.6237
 185        5.6237
 186        5.6237
 187        5.6237
 188        5.6237
 189        5.6237
 190        5.9790
 191        5.9790
 192        5.9790
 193        8.4197
 194        8.4199
 195        8.4209
 196        8.8476
 197        8.8494
 198        8.8576
 199        9.1736
 200        9.1736
 201        9.1741
 202        9.1748
 203        9.1998
 204        9.2121
 205        9.6393
 206        9.6393
 207        9.6527
 208        9.6633
 209        9.7331
 210        9.8562
 211        9.9161
 212       10.1494
