   32   32  100    1
  0.1758057E+02  0.8255201E-09  0.8255201E-09  0.8255201E-09  0.5000000E-15
  1.000000000000000E-004
  CAR 
 No title                                
  352   20  212
 
  0.6250000E-01  0.6250000E-01  0.6250000E-01  0.1562500E-01
   1       -4.1379
   2       -2.0005
   3       -2.0005
   4       -2.0005
   5       -1.7112
   6       -1.6869
   7       -1.6869
   8       -1.6869
   9       -1.6145
  10       -1.6145
  11       -1.6145
  12       -1.4507
  13       -1.4507
  14       -1.4507
  15       -1.1618
  16       -1.1618
  17       -1.1618
  18       -0.7364
  19       -0.7364
  20       -0.7364
  21       -0.5408
  22       -0.5408
  23       -0.5408
  24       -0.5408
  25       -0.5408
  26       -0.5408
  27       -0.4506
  28       -0.4506
  29       -0.4506
  30       -0.4189
  31       -0.4189
  32       -0.4189
  33       -0.4189
  34       -0.4189
  35       -0.4189
  36       -0.3685
  37       -0.3685
  38       -0.3685
  39       -0.1801
  40       -0.1801
  41       -0.1801
  42        0.1655
  43        0.1655
  44        0.1655
  45        0.1655
  46        0.1655
  47        0.1655
  48        0.2650
  49        0.2650
  50        0.2650
  51        0.2917
  52        0.2917
  53        0.2917
  54        0.2917
  55        0.2917
  56        0.2917
  57        0.3641
  58        0.3641
  59        0.3641
  60        0.5343
  61        0.5343
  62        0.5343
  63        0.5343
  64        0.5343
  65        0.5343
  66        0.5905
  67        0.5905
  68        0.5905
  69        0.5927
  70        0.5927
  71        0.5927
  72        0.5927
  73        0.5927
  74        0.5927
  75        0.7051
  76        0.7051
  77        0.7051
  78        0.7308
  79        0.7308
  80        0.7308
  81        0.7536
  82        0.7536
  83        0.7664
  84        0.7664
  85        0.7664
  86        0.7681
  87        0.7904
  88        0.7904
  89        1.3892
  90        1.3892
  91        1.3892
  92        1.4615
  93        1.4615
  94        1.4615
  95        1.5984
  96        1.5984
  97        1.5984
  98        1.6779
  99        1.6779
 100        1.6779
 101        1.6779
 102        1.6779
 103        1.6779
 104        1.6849
 105        1.6849
 106        1.6849
 107        1.8065
 108        1.8065
 109        1.8065
 110        1.8899
 111        1.8899
 112        1.8899
 113        2.0672
 114        2.0672
 115        2.0672
 116        2.1044
 117        2.1044
 118        2.1044
 119        2.1161
 120        2.1161
 121        2.1161
 122        2.1161
 123        2.1161
 124        2.1161
 125        2.1652
 126        2.1652
 127        2.1652
 128        2.2115
 129        2.2115
 130        2.2656
 131        2.2656
 132        2.2656
 133        2.2656
 134        2.2656
 135        2.2656
 136        2.3798
 137        2.3798
 138        2.3798
 139        2.6996
 140        2.6996
 141        2.6996
 142        2.8122
 143        2.8122
 144        2.8122
 145        3.1750
 146        3.1750
 147        3.1750
 148        3.2908
 149        3.2908
 150        3.2908
 151        3.3304
 152        3.3304
 153        3.3551
 154        3.3551
 155        3.3551
 156        3.5713
 157        3.5713
 158        3.5713
 159        3.6366
 160        3.6366
 161        3.6366
 162        3.6366
 163        3.6366
 164        3.6366
 165        3.6411
 166        3.6411
 167        3.6411
 168        4.2784
 169        4.5858
 170        4.5858
 171        4.5858
 172        4.6962
 173        4.6962
 174        4.6962
 175        5.0264
 176        5.0264
 177        5.0264
 178        5.0264
 179        5.0264
 180        5.0264
 181        5.4842
 182        5.4842
 183        5.4842
 184        6.4769
 185        6.4769
 186        6.4769
 187        8.3175
 188        8.3175
 189        8.3175
 190        8.5959
 191        9.8390
 192        9.8390
 193        9.8390
 194        9.8390
 195        9.8390
 196        9.8391
 197       11.0212
 198       11.0218
 199       11.0345
 200       11.2429
 201       11.2430
 202       11.2431
 203       11.2435
 204       11.2463
 205       11.2600
 206       12.0363
 207       12.0382
 208       12.0406
 209       12.0552
 210       12.1886
 211       13.2767
 212       13.3885
 
  0.1875000E+00  0.6250000E-01  0.6250000E-01  0.4687500E-01
   1       -4.0492
   2       -2.4440
   3       -1.9370
   4       -1.9370
   5       -1.6863
   6       -1.6376
   7       -1.6376
   8       -1.6140
   9       -1.5519
  10       -1.5519
  11       -1.4205
  12       -1.3931
  13       -1.3931
  14       -1.3549
  15       -1.1300
  16       -1.1126
  17       -1.1126
  18       -0.9550
  19       -0.9550
  20       -0.9101
  21       -0.7420
  22       -0.7420
  23       -0.6747
  24       -0.6747
  25       -0.6431
  26       -0.5475
  27       -0.5352
  28       -0.5352
  29       -0.3861
  30       -0.3861
  31       -0.3852
  32       -0.3852
  33       -0.3725
  34       -0.3725
  35       -0.3643
  36       -0.3643
  37       -0.3376
  38       -0.3376
  39       -0.1568
  40       -0.1568
  41       -0.1544
  42       -0.1544
  43        0.0108
  44        0.1382
  45        0.1382
  46        0.1658
  47        0.1658
  48        0.1828
  49        0.1828
  50        0.2100
  51        0.2100
  52        0.2827
  53        0.2827
  54        0.3729
  55        0.3729
  56        0.3900
  57        0.4248
  58        0.4248
  59        0.4391
  60        0.4391
  61        0.4552
  62        0.4749
  63        0.4749
  64        0.5416
  65        0.5416
  66        0.5549
  67        0.5549
  68        0.5780
  69        0.5780
  70        0.6882
  71        0.7079
  72        0.7079
  73        0.7275
  74        0.7544
  75        0.7544
  76        0.7549
  77        0.7549
  78        0.7555
  79        0.7810
  80        0.7964
  81        0.8093
  82        0.8093
  83        0.8188
  84        0.8261
  85        0.8289
  86        0.8415
  87        0.9422
  88        0.9422
  89        1.2451
  90        1.2451
  91        1.2852
  92        1.2852
  93        1.4150
  94        1.4399
  95        1.5268
  96        1.5268
  97        1.5472
  98        1.5663
  99        1.6216
 100        1.6216
 101        1.6773
 102        1.7241
 103        1.7605
 104        1.7605
 105        1.7851
 106        1.7851
 107        1.7873
 108        1.7873
 109        1.8270
 110        1.8270
 111        1.9990
 112        1.9990
 113        2.0201
 114        2.0201
 115        2.0388
 116        2.0388
 117        2.1226
 118        2.1226
 119        2.1389
 120        2.1389
 121        2.1646
 122        2.2010
 123        2.2010
 124        2.2316
 125        2.2436
 126        2.2436
 127        2.2856
 128        2.3018
 129        2.3018
 130        2.3401
 131        2.4352
 132        2.4352
 133        2.4702
 134        2.4702
 135        2.4785
 136        2.5275
 137        2.5411
 138        2.5411
 139        2.5917
 140        2.7526
 141        2.7526
 142        2.8511
 143        2.8873
 144        2.8873
 145        2.8937
 146        2.8937
 147        2.9260
 148        3.0923
 149        3.2127
 150        3.2127
 151        3.2494
 152        3.2611
 153        3.3027
 154        3.3027
 155        3.3221
 156        3.3226
 157        3.3226
 158        3.4806
 159        3.5493
 160        3.5493
 161        3.5504
 162        3.5504
 163        3.5668
 164        3.6365
 165        3.6365
 166        3.6368
 167        3.6368
 168        4.1584
 169        4.1856
 170        4.1856
 171        4.5663
 172        4.6010
 173        4.6010
 174        4.7846
 175        4.7846
 176        5.0225
 177        5.0225
 178        5.1207
 179        5.4972
 180        5.5276
 181        5.5276
 182        5.8614
 183        5.9937
 184        5.9937
 185        6.8195
 186        6.8195
 187        8.3149
 188        8.6046
 189        8.6046
 190        9.0834
 191        9.1972
 192        9.1972
 193        9.4226
 194        9.4226
 195        9.7559
 196        9.7559
 197       10.6724
 198       10.6725
 199       10.9441
 200       10.9451
 201       11.1744
 202       11.1767
 203       11.4109
 204       11.4135
 205       11.8415
 206       12.2130
 207       12.3679
 208       12.3913
 209       12.5429
 210       12.6054
 211       12.7214
 212       12.7929
 
  0.3125000E+00  0.6250000E-01  0.6250000E-01  0.4687500E-01
   1       -3.8738
   2       -2.8837
   3       -1.8138
   4       -1.8138
   5       -1.6127
   6       -1.5399
   7       -1.5399
   8       -1.4939
   9       -1.4313
  10       -1.4313
  11       -1.3658
  12       -1.2814
  13       -1.2814
  14       -1.2454
  15       -1.1903
  16       -1.1903
  17       -1.1272
  18       -1.0672
  19       -1.0143
  20       -1.0143
  21       -0.9843
  22       -0.9843
  23       -0.8889
  24       -0.8554
  25       -0.8554
  26       -0.7225
  27       -0.7225
  28       -0.7114
  29       -0.4364
  30       -0.4364
  31       -0.3325
  32       -0.3325
  33       -0.3313
  34       -0.3313
  35       -0.2825
  36       -0.2825
  37       -0.2768
  38       -0.2768
  39       -0.2004
  40       -0.2004
  41       -0.1049
  42       -0.1049
  43        0.0528
  44        0.0528
  45        0.1043
  46        0.1043
  47        0.1334
  48        0.1334
  49        0.1538
  50        0.1538
  51        0.1837
  52        0.1837
  53        0.1967
  54        0.2855
  55        0.2855
  56        0.3422
  57        0.3422
  58        0.3853
  59        0.3853
  60        0.4353
  61        0.5033
  62        0.5033
  63        0.5491
  64        0.5491
  65        0.5511
  66        0.5511
  67        0.5933
  68        0.6108
  69        0.6108
  70        0.6301
  71        0.6424
  72        0.6694
  73        0.6694
  74        0.7380
  75        0.7840
  76        0.7840
  77        0.8479
  78        0.8896
  79        0.8896
  80        0.9034
  81        0.9056
  82        0.9094
  83        1.0674
  84        1.0674
  85        1.0799
  86        1.0799
  87        1.0876
  88        1.0935
  89        1.0935
  90        1.2057
  91        1.2573
  92        1.3327
  93        1.3524
  94        1.3527
  95        1.3527
  96        1.3670
  97        1.3879
  98        1.3879
  99        1.6706
 100        1.6973
 101        1.6973
 102        1.7765
 103        1.7765
 104        1.8724
 105        1.8724
 106        1.9185
 107        1.9185
 108        1.9614
 109        1.9614
 110        1.9825
 111        1.9825
 112        2.0212
 113        2.0212
 114        2.0745
 115        2.0914
 116        2.0914
 117        2.1230
 118        2.1230
 119        2.1624
 120        2.1624
 121        2.1748
 122        2.1883
 123        2.1883
 124        2.2712
 125        2.3489
 126        2.3489
 127        2.4532
 128        2.4532
 129        2.4601
 130        2.4720
 131        2.4720
 132        2.4919
 133        2.5109
 134        2.5878
 135        2.6136
 136        2.6527
 137        2.6527
 138        2.7023
 139        2.7023
 140        2.7254
 141        2.7397
 142        2.7397
 143        2.8450
 144        2.8450
 145        2.8487
 146        2.9012
 147        2.9012
 148        3.0387
 149        3.1036
 150        3.1036
 151        3.1122
 152        3.1122
 153        3.1173
 154        3.1960
 155        3.2192
 156        3.2192
 157        3.2340
 158        3.3038
 159        3.3905
 160        3.3905
 161        3.3915
 162        3.3915
 163        3.4336
 164        3.6361
 165        3.6361
 166        3.6363
 167        3.6363
 168        3.8130
 169        3.8130
 170        4.1949
 171        4.1949
 172        4.2542
 173        4.5257
 174        4.8818
 175        4.8818
 176        4.9948
 177        5.0123
 178        5.0123
 179        5.3958
 180        5.5180
 181        6.1102
 182        6.1102
 183        6.5741
 184        6.5741
 185        7.3707
 186        7.3707
 187        8.3742
 188        8.3742
 189        8.6432
 190        8.7301
 191        8.7301
 192        9.1404
 193        9.1404
 194        9.3610
 195        9.3610
 196        9.7331
 197       10.4305
 198       10.4306
 199       10.8064
 200       10.8072
 201       11.0940
 202       11.3178
 203       11.3213
 204       11.6486
 205       11.6651
 206       11.7089
 207       11.7830
 208       12.3092
 209       12.3822
 210       12.4701
 211       12.6393
 212       12.6975
 
  0.4375000E+00  0.6250000E-01  0.6250000E-01  0.4687500E-01
   1       -3.6155
   2       -3.2813
   3       -1.6390
   4       -1.6390
   5       -1.4920
   6       -1.4252
   7       -1.4252
   8       -1.3955
   9       -1.3955
  10       -1.3292
  11       -1.3277
  12       -1.2996
  13       -1.2622
  14       -1.2622
  15       -1.2459
  16       -1.2080
  17       -1.2080
  18       -1.1245
  19       -1.1229
  20       -1.1229
  21       -1.0617
  22       -1.0617
  23       -0.9748
  24       -0.9299
  25       -0.9299
  26       -0.8676
  27       -0.8676
  28       -0.8551
  29       -0.6740
  30       -0.6740
  31       -0.2920
  32       -0.2920
  33       -0.2895
  34       -0.2895
  35       -0.1883
  36       -0.1883
  37       -0.1552
  38       -0.1552
  39       -0.0759
  40       -0.0759
  41       -0.0611
  42       -0.0611
  43       -0.0354
  44       -0.0354
  45        0.0297
  46        0.0297
  47        0.0473
  48        0.0473
  49        0.0919
  50        0.0919
  51        0.1037
  52        0.1037
  53        0.1719
  54        0.1719
  55        0.3174
  56        0.3174
  57        0.3239
  58        0.3239
  59        0.3694
  60        0.4954
  61        0.5207
  62        0.5565
  63        0.5565
  64        0.5573
  65        0.5573
  66        0.5629
  67        0.5629
  68        0.5631
  69        0.6192
  70        0.6192
  71        0.6590
  72        0.7049
  73        0.7103
  74        0.7103
  75        0.8404
  76        0.8404
  77        0.8677
  78        0.8677
  79        0.9399
  80        0.9399
  81        0.9522
  82        1.0054
  83        1.0054
  84        1.0181
  85        1.0194
  86        1.0349
  87        1.0907
  88        1.1488
  89        1.1488
  90        1.1663
  91        1.1691
  92        1.1903
  93        1.5319
  94        1.5540
  95        1.5540
  96        1.6148
  97        1.7475
  98        1.7475
  99        1.7657
 100        1.7657
 101        1.8042
 102        1.8637
 103        1.8637
 104        1.9495
 105        1.9560
 106        1.9560
 107        1.9985
 108        1.9985
 109        2.0010
 110        2.0010
 111        2.0109
 112        2.0109
 113        2.0304
 114        2.0304
 115        2.0400
 116        2.0449
 117        2.0691
 118        2.0691
 119        2.0978
 120        2.0978
 121        2.0987
 122        2.0987
 123        2.1567
 124        2.1567
 125        2.2312
 126        2.2312
 127        2.3041
 128        2.3041
 129        2.3290
 130        2.3574
 131        2.3574
 132        2.4034
 133        2.6690
 134        2.6909
 135        2.6909
 136        2.7361
 137        2.8691
 138        2.8692
 139        2.8692
 140        2.9161
 141        2.9161
 142        2.9231
 143        2.9426
 144        2.9452
 145        2.9452
 146        2.9608
 147        2.9608
 148        3.0419
 149        3.0631
 150        3.0631
 151        3.0732
 152        3.0976
 153        3.1519
 154        3.1519
 155        3.1521
 156        3.1818
 157        3.1818
 158        3.1854
 159        3.1854
 160        3.2807
 161        3.3665
 162        3.4348
 163        3.4348
 164        3.4652
 165        3.4652
 166        3.6360
 167        3.6360
 168        3.6362
 169        3.6362
 170        3.8039
 171        3.8039
 172        4.1144
 173        4.3691
 174        4.4609
 175        4.9505
 176        4.9505
 177        4.9909
 178        4.9909
 179        5.5114
 180        5.5330
 181        6.7858
 182        6.7858
 183        7.2350
 184        7.2350
 185        7.5493
 186        7.5493
 187        7.9670
 188        7.9670
 189        8.0234
 190        8.0234
 191        8.7131
 192        8.7131
 193        9.2743
 194        9.8688
 195        9.8689
 196       10.1174
 197       10.4890
 198       10.4906
 199       10.5124
 200       10.6402
 201       10.6436
 202       10.7374
 203       10.7403
 204       11.3976
 205       11.6001
 206       11.6088
 207       11.9371
 208       11.9517
 209       12.0461
 210       12.1582
 211       12.6105
 212       13.0562
 
  0.1875000E+00  0.1875000E+00  0.6250000E-01  0.4687500E-01
   1       -3.9618
   2       -2.3767
   3       -2.3767
   4       -1.8830
   5       -1.6885
   6       -1.6140
   7       -1.5435
   8       -1.5435
   9       -1.5022
  10       -1.3624
  11       -1.3624
  12       -1.3442
  13       -1.2910
  14       -1.2910
  15       -1.2492
  16       -1.0881
  17       -1.0881
  18       -1.0814
  19       -1.0814
  20       -1.0574
  21       -0.8563
  22       -0.8563
  23       -0.5810
  24       -0.5810
  25       -0.5514
  26       -0.5514
  27       -0.5292
  28       -0.5292
  29       -0.5119
  30       -0.5119
  31       -0.4902
  32       -0.4902
  33       -0.4296
  34       -0.4227
  35       -0.4227
  36       -0.3417
  37       -0.3417
  38       -0.2956
  39       -0.1422
  40       -0.1422
  41       -0.1240
  42       -0.1240
  43       -0.1192
  44        0.0309
  45        0.0309
  46        0.0929
  47        0.0929
  48        0.1484
  49        0.1484
  50        0.2179
  51        0.3191
  52        0.3191
  53        0.3287
  54        0.3287
  55        0.3800
  56        0.3800
  57        0.3909
  58        0.4119
  59        0.4119
  60        0.4165
  61        0.4165
  62        0.5377
  63        0.5377
  64        0.6260
  65        0.6260
  66        0.6415
  67        0.6415
  68        0.6505
  69        0.6872
  70        0.6872
  71        0.7004
  72        0.7072
  73        0.7657
  74        0.7896
  75        0.7896
  76        0.8094
  77        0.8414
  78        0.8414
  79        0.8436
  80        0.8436
  81        0.8436
  82        0.8483
  83        0.8627
  84        0.8734
  85        0.8773
  86        0.8773
  87        0.9339
  88        0.9339
  89        1.1634
  90        1.1804
  91        1.2767
  92        1.2767
  93        1.4412
  94        1.4412
  95        1.4794
  96        1.4794
  97        1.5553
  98        1.5553
  99        1.5660
 100        1.5772
 101        1.5772
 102        1.6526
 103        1.6526
 104        1.6763
 105        1.6763
 106        1.6892
 107        1.8160
 108        1.8160
 109        1.8407
 110        1.8528
 111        1.9089
 112        1.9419
 113        1.9419
 114        2.1280
 115        2.1280
 116        2.1526
 117        2.1986
 118        2.2108
 119        2.2108
 120        2.2217
 121        2.2344
 122        2.2344
 123        2.2777
 124        2.2777
 125        2.3031
 126        2.3031
 127        2.4128
 128        2.4128
 129        2.4377
 130        2.4377
 131        2.5322
 132        2.5908
 133        2.5908
 134        2.6239
 135        2.6239
 136        2.6291
 137        2.6291
 138        2.6291
 139        2.6291
 140        2.6377
 141        2.6539
 142        2.6750
 143        2.6750
 144        2.7743
 145        2.8841
 146        2.9139
 147        3.0603
 148        3.0603
 149        3.0983
 150        3.1057
 151        3.1057
 152        3.1566
 153        3.2726
 154        3.2726
 155        3.2785
 156        3.3378
 157        3.3378
 158        3.3504
 159        3.4804
 160        3.4804
 161        3.5487
 162        3.5487
 163        3.5517
 164        3.5517
 165        3.5654
 166        3.5654
 167        3.5922
 168        3.7735
 169        3.8162
 170        4.1582
 171        4.1582
 172        4.5562
 173        4.5872
 174        4.5872
 175        5.0834
 176        5.0834
 177        5.4371
 178        5.4371
 179        5.5488
 180        5.5488
 181        6.0321
 182        6.0321
 183        6.2026
 184        6.2026
 185        6.5002
 186        7.1206
 187        8.3088
 188        8.3088
 189        8.8746
 190        8.8746
 191        9.1018
 192        9.1469
 193        9.1469
 194        9.5675
 195        9.5675
 196        9.6922
 197       10.6027
 198       10.6030
 199       10.6531
 200       10.6536
 201       10.8526
 202       11.2978
 203       11.3113
 204       11.6211
 205       11.6410
 206       11.7187
 207       11.8240
 208       12.1615
 209       12.2112
 210       12.5588
 211       12.8352
 212       13.0476
 
  0.3125000E+00  0.1875000E+00  0.6250000E-01  0.9375000E-01
   1       -3.7885
   2       -2.8111
   3       -2.2449
   4       -1.7792
   5       -1.6446
   6       -1.5435
   7       -1.5420
   8       -1.4273
   9       -1.4083
  10       -1.4060
  11       -1.3066
  12       -1.2746
  13       -1.2631
  14       -1.2496
  15       -1.2486
  16       -1.1812
  17       -1.1674
  18       -1.0728
  19       -1.0198
  20       -0.9894
  21       -0.9844
  22       -0.9487
  23       -0.8336
  24       -0.7831
  25       -0.7320
  26       -0.6826
  27       -0.6717
  28       -0.5798
  29       -0.5207
  30       -0.4686
  31       -0.4599
  32       -0.4411
  33       -0.4240
  34       -0.4149
  35       -0.4041
  36       -0.3655
  37       -0.2987
  38       -0.2562
  39       -0.2342
  40       -0.2113
  41       -0.1136
  42       -0.0548
  43       -0.0496
  44       -0.0302
  45        0.0045
  46        0.0154
  47        0.0681
  48        0.1116
  49        0.1838
  50        0.2016
  51        0.2110
  52        0.2127
  53        0.2249
  54        0.2707
  55        0.3082
  56        0.3124
  57        0.3419
  58        0.3784
  59        0.4691
  60        0.5407
  61        0.5597
  62        0.5628
  63        0.5795
  64        0.6144
  65        0.6191
  66        0.6301
  67        0.6363
  68        0.6426
  69        0.6771
  70        0.6796
  71        0.7446
  72        0.7669
  73        0.7912
  74        0.8011
  75        0.8665
  76        0.8752
  77        0.9093
  78        0.9146
  79        0.9226
  80        0.9312
  81        0.9325
  82        0.9485
  83        0.9748
  84        0.9816
  85        1.0180
  86        1.0333
  87        1.0416
  88        1.1444
  89        1.1770
  90        1.1823
  91        1.2569
  92        1.2616
  93        1.2656
  94        1.3474
  95        1.3637
  96        1.3883
  97        1.4748
  98        1.4865
  99        1.4933
 100        1.5511
 101        1.5720
 102        1.6250
 103        1.6464
 104        1.7569
 105        1.7938
 106        1.7941
 107        1.8264
 108        1.8285
 109        1.8393
 110        1.9018
 111        1.9543
 112        2.0760
 113        2.0782
 114        2.0968
 115        2.1171
 116        2.1206
 117        2.2089
 118        2.2144
 119        2.2392
 120        2.2425
 121        2.2559
 122        2.2589
 123        2.2800
 124        2.3126
 125        2.3210
 126        2.4008
 127        2.4300
 128        2.4420
 129        2.4518
 130        2.4552
 131        2.4904
 132        2.5074
 133        2.5702
 134        2.6301
 135        2.6438
 136        2.6612
 137        2.6893
 138        2.6902
 139        2.7235
 140        2.7299
 141        2.8080
 142        2.8318
 143        2.8320
 144        2.8494
 145        2.8560
 146        2.8822
 147        2.9062
 148        2.9420
 149        3.0369
 150        3.0816
 151        3.1224
 152        3.1440
 153        3.1909
 154        3.2837
 155        3.2877
 156        3.2931
 157        3.3279
 158        3.3561
 159        3.3571
 160        3.3878
 161        3.3925
 162        3.3944
 163        3.4416
 164        3.4800
 165        3.5490
 166        3.5533
 167        3.5613
 168        3.5666
 169        3.7821
 170        3.7852
 171        4.1026
 172        4.1757
 173        4.4743
 174        4.5601
 175        4.6480
 176        5.3615
 177        5.5875
 178        5.6179
 179        5.6556
 180        5.9479
 181        6.1003
 182        6.1647
 183        6.6451
 184        6.7237
 185        7.0649
 186        7.6259
 187        7.9679
 188        8.3177
 189        8.4341
 190        8.4795
 191        8.6461
 192        8.7845
 193        9.0505
 194        9.4546
 195        9.7566
 196       10.2111
 197       10.3020
 198       10.4080
 199       10.5376
 200       10.5966
 201       10.6863
 202       10.7583
 203       11.1094
 204       11.1486
 205       11.2379
 206       11.5828
 207       11.6425
 208       11.8178
 209       11.9399
 210       12.4206
 211       12.9743
 212       13.2122
 
  0.4375000E+00  0.1875000E+00  0.6250000E-01  0.9375000E-01
   1       -3.5335
   2       -3.2037
   3       -2.0548
   4       -1.8160
   5       -1.6344
   6       -1.5558
   7       -1.4613
   8       -1.4274
   9       -1.4259
  10       -1.2809
  11       -1.2685
  12       -1.2674
  13       -1.2388
  14       -1.2286
  15       -1.1831
  16       -1.1355
  17       -1.1101
  18       -1.0894
  19       -1.0674
  20       -1.0172
  21       -0.9935
  22       -0.9344
  23       -0.9293
  24       -0.8939
  25       -0.8395
  26       -0.8122
  27       -0.7905
  28       -0.7871
  29       -0.6485
  30       -0.5917
  31       -0.5106
  32       -0.4950
  33       -0.3693
  34       -0.3359
  35       -0.3002
  36       -0.2895
  37       -0.2718
  38       -0.1977
  39       -0.1942
  40       -0.1576
  41       -0.0952
  42       -0.0845
  43       -0.0705
  44        0.0028
  45        0.0086
  46        0.0245
  47        0.0500
  48        0.0520
  49        0.0816
  50        0.0944
  51        0.1158
  52        0.1643
  53        0.1787
  54        0.1793
  55        0.2930
  56        0.3777
  57        0.4017
  58        0.4404
  59        0.4794
  60        0.4795
  61        0.5099
  62        0.5225
  63        0.5573
  64        0.5874
  65        0.6102
  66        0.6488
  67        0.6550
  68        0.6858
  69        0.7107
  70        0.7230
  71        0.7480
  72        0.7544
  73        0.8237
  74        0.8369
  75        0.8508
  76        0.8796
  77        0.8997
  78        0.9245
  79        0.9572
  80        0.9768
  81        1.0195
  82        1.0287
  83        1.0305
  84        1.0434
  85        1.0777
  86        1.1046
  87        1.1186
  88        1.1331
  89        1.1502
  90        1.1676
  91        1.2382
  92        1.2796
  93        1.3697
  94        1.3715
  95        1.4914
  96        1.5344
  97        1.5485
  98        1.5533
  99        1.5652
 100        1.5783
 101        1.7099
 102        1.7245
 103        1.7667
 104        1.7878
 105        1.8189
 106        1.8355
 107        1.8394
 108        1.8593
 109        1.8636
 110        1.8973
 111        1.9066
 112        1.9287
 113        1.9643
 114        1.9803
 115        2.0324
 116        2.0697
 117        2.0760
 118        2.1564
 119        2.1835
 120        2.2069
 121        2.2413
 122        2.2464
 123        2.2466
 124        2.2679
 125        2.2839
 126        2.3104
 127        2.3201
 128        2.3242
 129        2.4051
 130        2.4867
 131        2.5268
 132        2.5621
 133        2.6056
 134        2.6157
 135        2.6542
 136        2.7002
 137        2.7245
 138        2.8243
 139        2.8652
 140        2.9049
 141        2.9144
 142        2.9331
 143        2.9424
 144        2.9437
 145        2.9948
 146        3.0236
 147        3.0253
 148        3.0278
 149        3.0334
 150        3.0407
 151        3.1197
 152        3.1218
 153        3.1473
 154        3.1755
 155        3.1824
 156        3.1844
 157        3.1847
 158        3.1978
 159        3.1997
 160        3.2000
 161        3.2985
 162        3.4066
 163        3.4326
 164        3.5508
 165        3.5553
 166        3.5556
 167        3.5579
 168        3.7809
 169        3.7911
 170        3.8275
 171        3.9068
 172        4.0182
 173        4.2162
 174        4.4837
 175        4.5222
 176        4.5315
 177        5.6332
 178        5.6608
 179        6.1697
 180        6.1709
 181        6.3314
 182        6.8758
 183        7.1084
 184        7.3100
 185        7.3395
 186        7.6660
 187        7.6954
 188        7.8971
 189        8.0891
 190        8.2418
 191        8.3765
 192        8.7600
 193        8.8970
 194        9.2875
 195        9.5540
 196       10.1347
 197       10.2769
 198       10.4218
 199       10.4785
 200       10.5382
 201       10.7405
 202       10.8306
 203       11.0950
 204       11.1995
 205       11.2181
 206       11.2937
 207       11.4144
 208       11.4336
 209       11.5294
 210       12.2578
 211       12.5295
 212       13.8493
 
  0.3125000E+00  0.3125000E+00  0.6250000E-01  0.4687500E-01
   1       -3.6197
   2       -2.6684
   3       -2.6684
   4       -1.8836
   5       -1.7134
   6       -1.6355
   7       -1.5048
   8       -1.3923
   9       -1.3923
  10       -1.3649
  11       -1.2774
  12       -1.2774
  13       -1.1916
  14       -1.1916
  15       -1.1789
  16       -1.1563
  17       -1.1563
  18       -1.0563
  19       -1.0563
  20       -0.9252
  21       -0.9252
  22       -0.8252
  23       -0.7317
  24       -0.7317
  25       -0.6752
  26       -0.6752
  27       -0.6643
  28       -0.6643
  29       -0.6085
  30       -0.6085
  31       -0.5924
  32       -0.5924
  33       -0.5795
  34       -0.4331
  35       -0.4331
  36       -0.3718
  37       -0.3718
  38       -0.2654
  39       -0.2654
  40       -0.2454
  41       -0.2454
  42       -0.1165
  43       -0.1165
  44       -0.0823
  45       -0.0823
  46       -0.0820
  47        0.0602
  48        0.2186
  49        0.2247
  50        0.2247
  51        0.2323
  52        0.2323
  53        0.2345
  54        0.2345
  55        0.2474
  56        0.4486
  57        0.4486
  58        0.4792
  59        0.4792
  60        0.5976
  61        0.6000
  62        0.6000
  63        0.6038
  64        0.6038
  65        0.6362
  66        0.6362
  67        0.6754
  68        0.6993
  69        0.6993
  70        0.7742
  71        0.8169
  72        0.8169
  73        0.9273
  74        0.9278
  75        0.9341
  76        0.9479
  77        0.9558
  78        0.9558
  79        0.9733
  80        0.9824
  81        0.9942
  82        1.0232
  83        1.0633
  84        1.0633
  85        1.0916
  86        1.0916
  87        1.0958
  88        1.0958
  89        1.1741
  90        1.1741
  91        1.3012
  92        1.3012
  93        1.3116
  94        1.3116
  95        1.3488
  96        1.3488
  97        1.4383
  98        1.4383
  99        1.4426
 100        1.4426
 101        1.4815
 102        1.5037
 103        1.6155
 104        1.6155
 105        1.6473
 106        1.6473
 107        1.6775
 108        1.7334
 109        1.8261
 110        1.8261
 111        1.8649
 112        1.9758
 113        1.9758
 114        1.9847
 115        2.0365
 116        2.0365
 117        2.0478
 118        2.0620
 119        2.2670
 120        2.2725
 121        2.2725
 122        2.3800
 123        2.3800
 124        2.4452
 125        2.4452
 126        2.4798
 127        2.4838
 128        2.4838
 129        2.5221
 130        2.5221
 131        2.5421
 132        2.5421
 133        2.5531
 134        2.5691
 135        2.5691
 136        2.7014
 137        2.7014
 138        2.7315
 139        2.7315
 140        2.8839
 141        2.8856
 142        2.8856
 143        2.9127
 144        2.9219
 145        2.9645
 146        2.9965
 147        2.9965
 148        2.9980
 149        2.9980
 150        3.0419
 151        3.0910
 152        3.0910
 153        3.1832
 154        3.2030
 155        3.2971
 156        3.2971
 157        3.2990
 158        3.2990
 159        3.3155
 160        3.3989
 161        3.3989
 162        3.3992
 163        3.3992
 164        3.4275
 165        3.4275
 166        3.4914
 167        3.5076
 168        3.7207
 169        3.7207
 170        3.7844
 171        3.7844
 172        4.1408
 173        4.1408
 174        4.2054
 175        5.1979
 176        5.1979
 177        5.8786
 178        5.8786
 179        6.2666
 180        6.2666
 181        6.3691
 182        6.3691
 183        6.7744
 184        6.7744
 185        7.5032
 186        7.5032
 187        7.5991
 188        8.0723
 189        8.3097
 190        8.3097
 191        8.6205
 192        8.6205
 193        9.3176
 194        9.3176
 195        9.6524
 196        9.6524
 197       10.0380
 198       10.0380
 199       10.1503
 200       10.1503
 201       10.4629
 202       10.4724
 203       10.5715
 204       10.5715
 205       11.1591
 206       11.4600
 207       11.9363
 208       11.9475
 209       12.6723
 210       12.7571
 211       12.8107
 212       13.4645
 
  0.4375000E+00  0.3125000E+00  0.6250000E-01  0.9375000E-01
   1       -3.3714
   2       -3.0504
   3       -2.4603
   4       -2.1950
   5       -1.6225
   6       -1.5870
   7       -1.5134
   8       -1.5030
   9       -1.4251
  10       -1.3069
  11       -1.3054
  12       -1.2346
  13       -1.1205
  14       -1.1103
  15       -1.0945
  16       -1.0691
  17       -1.0610
  18       -1.0281
  19       -0.9188
  20       -0.9078
  21       -0.8857
  22       -0.8788
  23       -0.8383
  24       -0.8277
  25       -0.7838
  26       -0.7262
  27       -0.7094
  28       -0.6631
  29       -0.6595
  30       -0.6556
  31       -0.5977
  32       -0.5316
  33       -0.5153
  34       -0.5120
  35       -0.4735
  36       -0.4551
  37       -0.4361
  38       -0.3889
  39       -0.3555
  40       -0.3146
  41       -0.3056
  42       -0.2154
  43       -0.0946
  44       -0.0421
  45       -0.0178
  46        0.0692
  47        0.0843
  48        0.0981
  49        0.1064
  50        0.2207
  51        0.2569
  52        0.2649
  53        0.2883
  54        0.3044
  55        0.3432
  56        0.3783
  57        0.3856
  58        0.3899
  59        0.4189
  60        0.5109
  61        0.5954
  62        0.6496
  63        0.6648
  64        0.7125
  65        0.7407
  66        0.7650
  67        0.7773
  68        0.7867
  69        0.8177
  70        0.8253
  71        0.8291
  72        0.8468
  73        0.8726
  74        0.8945
  75        0.9789
  76        0.9846
  77        1.0114
  78        1.0311
  79        1.0384
  80        1.0538
  81        1.0693
  82        1.0754
  83        1.0928
  84        1.0986
  85        1.1119
  86        1.1303
  87        1.1746
  88        1.1754
  89        1.2250
  90        1.2394
  91        1.2472
  92        1.2663
  93        1.2726
  94        1.3531
  95        1.3651
  96        1.3758
  97        1.4085
  98        1.4176
  99        1.4423
 100        1.4473
 101        1.4788
 102        1.4972
 103        1.4987
 104        1.5164
 105        1.5742
 106        1.6627
 107        1.6910
 108        1.7230
 109        1.7679
 110        1.7720
 111        1.7868
 112        1.8009
 113        1.8253
 114        1.8696
 115        1.9146
 116        1.9360
 117        1.9635
 118        1.9650
 119        2.1255
 120        2.1368
 121        2.1886
 122        2.2992
 123        2.3328
 124        2.4067
 125        2.4243
 126        2.4374
 127        2.4948
 128        2.5075
 129        2.5553
 130        2.5801
 131        2.6171
 132        2.7097
 133        2.7399
 134        2.7422
 135        2.7577
 136        2.7678
 137        2.7871
 138        2.8078
 139        2.8296
 140        2.9222
 141        2.9285
 142        2.9388
 143        2.9545
 144        2.9806
 145        2.9989
 146        3.0242
 147        3.0540
 148        3.0584
 149        3.0907
 150        3.1209
 151        3.1251
 152        3.1375
 153        3.1436
 154        3.1923
 155        3.2159
 156        3.2189
 157        3.2214
 158        3.2233
 159        3.2431
 160        3.2491
 161        3.2644
 162        3.3593
 163        3.3690
 164        3.4053
 165        3.4137
 166        3.4145
 167        3.4417
 168        3.5278
 169        3.6317
 170        3.7419
 171        4.0980
 172        4.1026
 173        4.2582
 174        4.3431
 175        4.7316
 176        5.0558
 177        5.8607
 178        6.3938
 179        6.4357
 180        6.4815
 181        6.6350
 182        6.8817
 183        6.9157
 184        6.9864
 185        7.0455
 186        7.5367
 187        7.8892
 188        8.1817
 189        8.3171
 190        8.3660
 191        8.6313
 192        8.7750
 193        8.7889
 194        9.0454
 195        9.1954
 196        9.3115
 197        9.5876
 198        9.6054
 199        9.7376
 200        9.9288
 201       10.1029
 202       10.1789
 203       10.4910
 204       10.9659
 205       11.2790
 206       11.9902
 207       12.1542
 208       12.2291
 209       12.4619
 210       12.6233
 211       12.7344
 212       12.9694
 
  0.4375000E+00  0.4375000E+00  0.6250000E-01  0.4687500E-01
   1       -3.1332
   2       -2.8258
   3       -2.8258
   4       -2.5370
   5       -1.5989
   6       -1.5871
   7       -1.5600
   8       -1.5600
   9       -1.3899
  10       -1.3244
  11       -1.3244
  12       -1.3226
  13       -0.9903
  14       -0.9521
  15       -0.9521
  16       -0.9286
  17       -0.9286
  18       -0.8869
  19       -0.8869
  20       -0.8704
  21       -0.8704
  22       -0.7845
  23       -0.7450
  24       -0.7450
  25       -0.7332
  26       -0.7332
  27       -0.7304
  28       -0.7304
  29       -0.7021
  30       -0.7021
  31       -0.6731
  32       -0.6731
  33       -0.5971
  34       -0.5971
  35       -0.5526
  36       -0.5526
  37       -0.5223
  38       -0.5223
  39       -0.4809
  40       -0.4253
  41       -0.4253
  42       -0.2850
  43       -0.2850
  44       -0.1008
  45        0.0534
  46        0.0534
  47        0.1677
  48        0.1677
  49        0.1698
  50        0.1698
  51        0.2712
  52        0.2712
  53        0.3383
  54        0.3612
  55        0.3773
  56        0.3773
  57        0.4584
  58        0.4649
  59        0.6276
  60        0.6276
  61        0.6734
  62        0.7369
  63        0.7369
  64        0.7545
  65        0.7545
  66        0.7734
  67        0.7951
  68        0.8199
  69        0.8199
  70        0.8543
  71        0.9563
  72        0.9563
  73        1.0071
  74        1.0071
  75        1.0692
  76        1.0869
  77        1.0952
  78        1.0985
  79        1.1057
  80        1.1170
  81        1.1170
  82        1.1213
  83        1.1556
  84        1.1556
  85        1.1931
  86        1.2074
  87        1.2074
  88        1.2096
  89        1.2096
  90        1.2124
  91        1.2124
  92        1.2277
  93        1.2277
  94        1.2863
  95        1.2952
  96        1.3261
  97        1.3261
  98        1.3550
  99        1.3554
 100        1.3554
 101        1.3892
 102        1.3892
 103        1.4284
 104        1.4585
 105        1.4585
 106        1.5681
 107        1.5681
 108        1.5867
 109        1.5867
 110        1.6057
 111        1.6057
 112        1.6684
 113        1.6684
 114        1.7644
 115        1.7644
 116        1.7994
 117        1.8524
 118        1.8524
 119        1.8795
 120        1.9202
 121        2.3345
 122        2.4055
 123        2.4709
 124        2.4709
 125        2.5371
 126        2.5371
 127        2.5903
 128        2.5903
 129        2.6331
 130        2.7038
 131        2.7038
 132        2.7054
 133        2.7146
 134        2.7146
 135        2.8552
 136        2.8552
 137        2.8681
 138        2.8681
 139        2.9040
 140        2.9803
 141        2.9803
 142        2.9997
 143        3.0270
 144        3.0270
 145        3.1057
 146        3.1057
 147        3.1084
 148        3.1447
 149        3.1583
 150        3.2033
 151        3.2033
 152        3.2063
 153        3.2063
 154        3.2084
 155        3.2084
 156        3.2278
 157        3.2279
 158        3.2279
 159        3.2295
 160        3.2295
 161        3.2509
 162        3.2516
 163        3.2516
 164        3.2683
 165        3.2683
 166        3.2791
 167        3.2791
 168        3.3403
 169        3.3987
 170        3.7175
 171        3.7175
 172        3.8148
 173        4.8614
 174        4.8614
 175        5.3698
 176        5.3698
 177        5.5974
 178        5.5974
 179        6.1287
 180        6.1287
 181        7.2622
 182        7.2622
 183        7.3605
 184        7.3605
 185        7.7651
 186        7.7651
 187        8.2020
 188        8.2020
 189        8.3690
 190        8.3690
 191        8.5938
 192        8.5938
 193        8.6935
 194        8.7126
 195        8.7126
 196        9.0978
 197        9.1032
 198        9.1032
 199        9.1702
 200        9.1702
 201        9.8317
 202        9.9166
 203        9.9166
 204       10.4014
 205       12.0935
 206       12.6790
 207       12.7869
 208       12.8287
 209       12.8781
 210       12.9579
 211       13.1223
 212       13.3391
 
  0.1875000E+00  0.1875000E+00  0.1875000E+00  0.1562500E-01
   1       -3.8755
   2       -2.3159
   3       -2.3159
   4       -2.3159
   5       -1.7206
   6       -1.4985
   7       -1.4985
   8       -1.4985
   9       -1.3345
  10       -1.3345
  11       -1.3345
  12       -1.3138
  13       -1.3138
  14       -1.3138
  15       -1.2429
  16       -1.2429
  17       -1.2429
  18       -1.0262
  19       -1.0262
  20       -1.0262
  21       -0.6506
  22       -0.6506
  23       -0.6506
  24       -0.6506
  25       -0.6506
  26       -0.6506
  27       -0.5440
  28       -0.5440
  29       -0.5440
  30       -0.4929
  31       -0.4929
  32       -0.4929
  33       -0.4929
  34       -0.4929
  35       -0.4929
  36       -0.4641
  37       -0.4641
  38       -0.4641
  39       -0.1145
  40       -0.1145
  41       -0.1145
  42       -0.1145
  43       -0.1145
  44       -0.1145
  45        0.0591
  46        0.0591
  47        0.0591
  48        0.3034
  49        0.3034
  50        0.3034
  51        0.3783
  52        0.3783
  53        0.3783
  54        0.3783
  55        0.3783
  56        0.3783
  57        0.3972
  58        0.3972
  59        0.3972
  60        0.4603
  61        0.4603
  62        0.4603
  63        0.4603
  64        0.4603
  65        0.4603
  66        0.6175
  67        0.6175
  68        0.6175
  69        0.6919
  70        0.8101
  71        0.8101
  72        0.8565
  73        0.8565
  74        0.8565
  75        0.8565
  76        0.8565
  77        0.8565
  78        0.8752
  79        0.8752
  80        0.8934
  81        0.8934
  82        0.8934
  83        0.9013
  84        0.9013
  85        0.9013
  86        0.9255
  87        0.9255
  88        0.9255
  89        1.2110
  90        1.2110
  91        1.2110
  92        1.3400
  93        1.3400
  94        1.3400
  95        1.3754
  96        1.3754
  97        1.3754
  98        1.4874
  99        1.4874
 100        1.4874
 101        1.7148
 102        1.7148
 103        1.7148
 104        1.7528
 105        1.7528
 106        1.7528
 107        1.7528
 108        1.7528
 109        1.7528
 110        1.9557
 111        1.9557
 112        1.9557
 113        2.0764
 114        2.0764
 115        2.0764
 116        2.1400
 117        2.1400
 118        2.1400
 119        2.1787
 120        2.1787
 121        2.2495
 122        2.2495
 123        2.2495
 124        2.2495
 125        2.2495
 126        2.2495
 127        2.3707
 128        2.3707
 129        2.3707
 130        2.6390
 131        2.6390
 132        2.6390
 133        2.6408
 134        2.6408
 135        2.6408
 136        2.6408
 137        2.6408
 138        2.6408
 139        2.7748
 140        2.7748
 141        2.7748
 142        2.9467
 143        2.9467
 144        2.9467
 145        2.9819
 146        2.9819
 147        2.9819
 148        2.9987
 149        3.0526
 150        3.0526
 151        3.0526
 152        3.0937
 153        3.0937
 154        3.0937
 155        3.1553
 156        3.1553
 157        3.3669
 158        3.3669
 159        3.3669
 160        3.4833
 161        3.4833
 162        3.4833
 163        3.4833
 164        3.4833
 165        3.4833
 166        3.5601
 167        3.5601
 168        3.5601
 169        3.7833
 170        3.7833
 171        3.7833
 172        5.0943
 173        5.0943
 174        5.0943
 175        5.0943
 176        5.0943
 177        5.0943
 178        5.3759
 179        5.3759
 180        5.3759
 181        6.4909
 182        6.4909
 183        6.4909
 184        6.5636
 185        6.5636
 186        6.5636
 187        8.6160
 188        8.6160
 189        8.6160
 190        8.9448
 191        8.9448
 192        8.9448
 193        8.9448
 194        8.9448
 195        8.9448
 196       10.3682
 197       10.6763
 198       10.6763
 199       10.6764
 200       10.6764
 201       10.6765
 202       10.6794
 203       11.1314
 204       11.1321
 205       11.1567
 206       11.6090
 207       11.6199
 208       11.8171
 209       12.7518
 210       12.7818
 211       12.9114
 212       13.1329
 
  0.3125000E+00  0.1875000E+00  0.1875000E+00  0.4687500E-01
   1       -3.7049
   2       -2.7432
   3       -2.1978
   4       -2.1978
   5       -1.7101
   6       -1.5832
   7       -1.5832
   8       -1.4553
   9       -1.4090
  10       -1.4090
  11       -1.3452
  12       -1.2585
  13       -1.2186
  14       -1.2186
  15       -1.1524
  16       -1.1524
  17       -1.1338
  18       -0.9646
  19       -0.9175
  20       -0.9175
  21       -0.8906
  22       -0.8906
  23       -0.7603
  24       -0.7603
  25       -0.7345
  26       -0.7018
  27       -0.7018
  28       -0.6195
  29       -0.5405
  30       -0.5405
  31       -0.5021
  32       -0.5021
  33       -0.4869
  34       -0.4869
  35       -0.4314
  36       -0.4314
  37       -0.3672
  38       -0.3672
  39       -0.3400
  40       -0.3400
  41       -0.0927
  42       -0.0927
  43       -0.0540
  44       -0.0540
  45        0.1130
  46        0.1130
  47        0.2086
  48        0.2086
  49        0.2223
  50        0.2223
  51        0.2320
  52        0.2442
  53        0.2442
  54        0.2975
  55        0.3462
  56        0.3462
  57        0.4269
  58        0.4269
  59        0.4389
  60        0.4389
  61        0.4931
  62        0.4931
  63        0.5240
  64        0.5771
  65        0.5771
  66        0.6326
  67        0.6633
  68        0.7308
  69        0.7308
  70        0.8079
  71        0.8079
  72        0.8326
  73        0.8506
  74        0.8765
  75        0.8765
  76        0.9112
  77        0.9112
  78        0.9292
  79        0.9372
  80        0.9372
  81        0.9382
  82        0.9745
  83        1.0150
  84        1.0150
  85        1.0385
  86        1.1147
  87        1.1147
  88        1.1183
  89        1.1183
  90        1.1930
  91        1.1968
  92        1.2198
  93        1.2544
  94        1.2544
  95        1.3086
  96        1.3738
  97        1.3738
  98        1.4444
  99        1.4444
 100        1.5370
 101        1.5454
 102        1.5454
 103        1.6535
 104        1.8352
 105        1.8352
 106        1.8377
 107        1.8377
 108        1.8473
 109        1.9359
 110        1.9359
 111        2.0325
 112        2.0325
 113        2.0336
 114        2.0336
 115        2.0439
 116        2.0439
 117        2.0697
 118        2.0697
 119        2.0888
 120        2.0977
 121        2.1893
 122        2.1893
 123        2.2299
 124        2.2505
 125        2.2505
 126        2.3188
 127        2.3696
 128        2.3738
 129        2.4436
 130        2.4436
 131        2.5127
 132        2.5968
 133        2.5968
 134        2.6995
 135        2.6995
 136        2.7113
 137        2.7113
 138        2.7564
 139        2.8585
 140        2.8585
 141        2.8742
 142        2.8742
 143        2.9113
 144        2.9113
 145        2.9410
 146        2.9575
 147        2.9575
 148        2.9728
 149        2.9880
 150        2.9892
 151        2.9892
 152        3.1853
 153        3.3188
 154        3.3277
 155        3.3476
 156        3.3476
 157        3.3643
 158        3.3643
 159        3.3668
 160        3.3668
 161        3.3763
 162        3.3763
 163        3.4459
 164        3.4459
 165        3.4540
 166        3.4898
 167        3.4898
 168        3.4990
 169        3.5402
 170        3.5402
 171        3.7171
 172        4.6538
 173        4.6538
 174        5.1177
 175        5.1177
 176        5.2908
 177        5.2908
 178        5.6486
 179        5.7010
 180        5.7010
 181        6.1659
 182        6.6768
 183        6.9583
 184        6.9583
 185        7.1593
 186        7.1593
 187        8.0903
 188        8.0903
 189        8.2984
 190        8.5620
 191        8.5620
 192        8.9275
 193        8.9275
 194        9.1718
 195        9.1718
 196       10.0180
 197       10.0925
 198       10.0925
 199       10.6911
 200       10.6913
 201       10.7727
 202       10.7729
 203       10.9047
 204       10.9049
 205       11.1220
 206       11.4189
 207       11.4221
 208       11.7405
 209       11.7687
 210       12.1872
 211       12.2768
 212       13.4439
 
  0.4375000E+00  0.1875000E+00  0.1875000E+00  0.4687500E-01
   1       -3.4538
   2       -3.1293
   3       -2.0290
   4       -2.0290
   5       -1.8196
   6       -1.8196
   7       -1.6586
   8       -1.5704
   9       -1.2762
  10       -1.2762
  11       -1.1913
  12       -1.1595
  13       -1.1359
  14       -1.1022
  15       -1.1022
  16       -1.0808
  17       -1.0808
  18       -1.0309
  19       -1.0309
  20       -0.9504
  21       -0.9055
  22       -0.9055
  23       -0.8939
  24       -0.8939
  25       -0.8741
  26       -0.7595
  27       -0.7595
  28       -0.7577
  29       -0.5617
  30       -0.5617
  31       -0.5315
  32       -0.5315
  33       -0.5170
  34       -0.5170
  35       -0.3893
  36       -0.3893
  37       -0.3781
  38       -0.3781
  39       -0.2202
  40       -0.2202
  41       -0.0431
  42       -0.0431
  43       -0.0250
  44       -0.0250
  45        0.0377
  46        0.0377
  47        0.0629
  48        0.0629
  49        0.1459
  50        0.1459
  51        0.1869
  52        0.1869
  53        0.2702
  54        0.2702
  55        0.3485
  56        0.3913
  57        0.4300
  58        0.4752
  59        0.4752
  60        0.4919
  61        0.4919
  62        0.5274
  63        0.5274
  64        0.5283
  65        0.5968
  66        0.5968
  67        0.6647
  68        0.6647
  69        0.8026
  70        0.8332
  71        0.8803
  72        0.8803
  73        0.8958
  74        0.8958
  75        0.9078
  76        0.9078
  77        0.9301
  78        0.9714
  79        0.9714
  80        1.0247
  81        1.0292
  82        1.0292
  83        1.0321
  84        1.0466
  85        1.1344
  86        1.1344
  87        1.1385
  88        1.1495
  89        1.1495
  90        1.1561
  91        1.1831
  92        1.2852
  93        1.3529
  94        1.3931
  95        1.3931
  96        1.4021
  97        1.4021
  98        1.4159
  99        1.4159
 100        1.4950
 101        1.6549
 102        1.6549
 103        1.6914
 104        1.6914
 105        1.7815
 106        1.7957
 107        1.8861
 108        1.9122
 109        1.9122
 110        1.9710
 111        1.9710
 112        1.9769
 113        1.9769
 114        1.9909
 115        2.0489
 116        2.0580
 117        2.0580
 118        2.0933
 119        2.0933
 120        2.0946
 121        2.0946
 122        2.0954
 123        2.0954
 124        2.1476
 125        2.1476
 126        2.2039
 127        2.2039
 128        2.3045
 129        2.3999
 130        2.4360
 131        2.5591
 132        2.5993
 133        2.6551
 134        2.6551
 135        2.7858
 136        2.7859
 137        2.7859
 138        2.8037
 139        2.8442
 140        2.8442
 141        2.8781
 142        2.8781
 143        2.8860
 144        2.8860
 145        3.0503
 146        3.0503
 147        3.0638
 148        3.0638
 149        3.0867
 150        3.0867
 151        3.1032
 152        3.1425
 153        3.1425
 154        3.2185
 155        3.2185
 156        3.2188
 157        3.2188
 158        3.2369
 159        3.2515
 160        3.2515
 161        3.3071
 162        3.4131
 163        3.4839
 164        3.5010
 165        3.5010
 166        3.5181
 167        3.5181
 168        3.6172
 169        3.7914
 170        3.7914
 171        4.0742
 172        4.2196
 173        4.2196
 174        4.8148
 175        5.1562
 176        5.1562
 177        5.2138
 178        5.2138
 179        6.4140
 180        6.4140
 181        6.7059
 182        6.7877
 183        7.2215
 184        7.2215
 185        7.5040
 186        7.5040
 187        7.8182
 188        7.8182
 189        8.0590
 190        8.0590
 191        8.3679
 192        8.4875
 193        8.4875
 194        9.0307
 195        9.9094
 196        9.9094
 197       10.0238
 198       10.0238
 199       10.3027
 200       10.3027
 201       10.7782
 202       10.7782
 203       10.9520
 204       10.9521
 205       11.1828
 206       11.1830
 207       11.2488
 208       11.2489
 209       11.6812
 210       11.6827
 211       11.9486
 212       12.8652
 
  0.3125000E+00  0.3125000E+00  0.1875000E+00  0.4687500E-01
   1       -3.5395
   2       -2.6100
   3       -2.6100
   4       -2.1069
   5       -1.8893
   6       -1.7396
   7       -1.6438
   8       -1.6438
   9       -1.3513
  10       -1.2455
  11       -1.2455
  12       -1.1645
  13       -1.1645
  14       -1.1519
  15       -1.1218
  16       -1.0437
  17       -1.0437
  18       -0.9538
  19       -0.9538
  20       -0.8557
  21       -0.8557
  22       -0.7924
  23       -0.7253
  24       -0.7253
  25       -0.7144
  26       -0.7144
  27       -0.6816
  28       -0.6816
  29       -0.6506
  30       -0.6506
  31       -0.6208
  32       -0.6208
  33       -0.6179
  34       -0.5143
  35       -0.5143
  36       -0.4849
  37       -0.4849
  38       -0.2858
  39       -0.2858
  40       -0.2249
  41       -0.2189
  42       -0.2189
  43       -0.0398
  44       -0.0398
  45        0.0807
  46        0.0807
  47        0.1969
  48        0.2010
  49        0.2288
  50        0.2288
  51        0.2692
  52        0.2692
  53        0.2709
  54        0.2709
  55        0.3606
  56        0.4353
  57        0.4353
  58        0.4671
  59        0.4671
  60        0.5129
  61        0.5129
  62        0.5610
  63        0.6016
  64        0.6033
  65        0.6033
  66        0.6190
  67        0.6190
  68        0.7665
  69        0.7665
  70        0.8211
  71        0.8211
  72        0.8524
  73        0.8983
  74        0.9533
  75        0.9533
  76        0.9634
  77        0.9814
  78        0.9965
  79        1.0057
  80        1.0224
  81        1.0608
  82        1.0726
  83        1.0726
  84        1.0969
  85        1.1292
  86        1.1292
  87        1.1411
  88        1.1411
  89        1.1551
  90        1.1551
  91        1.2054
  92        1.2054
  93        1.2276
  94        1.2276
  95        1.2866
  96        1.2866
  97        1.3131
  98        1.3525
  99        1.3650
 100        1.3650
 101        1.6060
 102        1.6060
 103        1.6604
 104        1.6604
 105        1.7115
 106        1.7171
 107        1.7171
 108        1.8142
 109        1.8142
 110        1.8701
 111        1.9371
 112        1.9371
 113        1.9432
 114        1.9434
 115        1.9787
 116        2.0392
 117        2.0392
 118        2.0879
 119        2.1342
 120        2.1342
 121        2.2307
 122        2.2492
 123        2.2704
 124        2.2704
 125        2.2814
 126        2.2814
 127        2.3520
 128        2.3520
 129        2.3623
 130        2.3623
 131        2.3625
 132        2.4326
 133        2.4326
 134        2.5565
 135        2.5565
 136        2.7203
 137        2.8325
 138        2.8760
 139        2.8760
 140        2.9218
 141        2.9218
 142        2.9611
 143        2.9611
 144        3.0094
 145        3.0161
 146        3.0475
 147        3.0488
 148        3.0488
 149        3.0533
 150        3.0533
 151        3.1499
 152        3.1706
 153        3.1706
 154        3.1866
 155        3.3173
 156        3.3173
 157        3.3472
 158        3.3472
 159        3.3786
 160        3.3788
 161        3.3788
 162        3.3831
 163        3.3831
 164        3.3862
 165        3.3862
 166        3.4758
 167        3.4907
 168        3.4907
 169        3.5014
 170        3.8570
 171        3.8570
 172        4.6730
 173        4.6730
 174        5.0212
 175        5.2406
 176        5.2406
 177        5.7904
 178        5.7904
 179        6.0989
 180        6.0989
 181        6.1817
 182        6.1817
 183        7.3324
 184        7.3324
 185        7.3589
 186        7.6376
 187        7.6376
 188        7.7200
 189        8.3113
 190        8.3113
 191        8.6675
 192        8.6675
 193        8.7586
 194        8.7586
 195        9.5478
 196        9.5478
 197        9.8380
 198        9.9526
 199        9.9527
 200       10.1402
 201       10.1402
 202       10.2627
 203       11.1340
 204       11.1594
 205       11.1630
 206       11.2361
 207       11.2374
 208       11.9030
 209       12.3996
 210       12.4481
 211       12.5012
 212       12.7519
 
  0.4375000E+00  0.3125000E+00  0.1875000E+00  0.9375000E-01
   1       -3.2964
   2       -2.9827
   3       -2.4169
   4       -2.1727
   5       -1.9785
   6       -1.8210
   7       -1.7346
   8       -1.6996
   9       -1.2550
  10       -1.1215
  11       -1.1077
  12       -1.0990
  13       -1.0759
  14       -1.0602
  15       -1.0455
  16       -1.0453
  17       -1.0285
  18       -1.0179
  19       -0.9336
  20       -0.9201
  21       -0.8987
  22       -0.8653
  23       -0.8550
  24       -0.7741
  25       -0.7648
  26       -0.7069
  27       -0.6975
  28       -0.6748
  29       -0.6489
  30       -0.6218
  31       -0.6205
  32       -0.5987
  33       -0.5908
  34       -0.5766
  35       -0.5524
  36       -0.5069
  37       -0.5006
  38       -0.4222
  39       -0.3564
  40       -0.1968
  41       -0.1514
  42       -0.0730
  43       -0.0702
  44       -0.0246
  45        0.0149
  46        0.0422
  47        0.0766
  48        0.1241
  49        0.1382
  50        0.2165
  51        0.2750
  52        0.3128
  53        0.3262
  54        0.3319
  55        0.3480
  56        0.3612
  57        0.4001
  58        0.4103
  59        0.4729
  60        0.4996
  61        0.5254
  62        0.5348
  63        0.6575
  64        0.6936
  65        0.7548
  66        0.7568
  67        0.7746
  68        0.8378
  69        0.8425
  70        0.8604
  71        0.8687
  72        0.9276
  73        0.9453
  74        0.9600
  75        0.9642
  76        1.0016
  77        1.0347
  78        1.0380
  79        1.0432
  80        1.0489
  81        1.0510
  82        1.0620
  83        1.0995
  84        1.0996
  85        1.1010
  86        1.1139
  87        1.1194
  88        1.1515
  89        1.1779
  90        1.1980
  91        1.2408
  92        1.2616
  93        1.2793
  94        1.2869
  95        1.2882
  96        1.2959
  97        1.3573
  98        1.3647
  99        1.4075
 100        1.4748
 101        1.4785
 102        1.4976
 103        1.5155
 104        1.5174
 105        1.5887
 106        1.6170
 107        1.6727
 108        1.7029
 109        1.7544
 110        1.8150
 111        1.8860
 112        1.9168
 113        1.9381
 114        1.9405
 115        1.9623
 116        1.9810
 117        2.0108
 118        2.0132
 119        2.0312
 120        2.0536
 121        2.0815
 122        2.1276
 123        2.2001
 124        2.2239
 125        2.2250
 126        2.3058
 127        2.3093
 128        2.3304
 129        2.3617
 130        2.4194
 131        2.4956
 132        2.5294
 133        2.5330
 134        2.6153
 135        2.6837
 136        2.6893
 137        2.7042
 138        2.7662
 139        2.7816
 140        2.8384
 141        2.8912
 142        3.0074
 143        3.0636
 144        3.0791
 145        3.0969
 146        3.1049
 147        3.1293
 148        3.1557
 149        3.1598
 150        3.1608
 151        3.1728
 152        3.1827
 153        3.1879
 154        3.2063
 155        3.2491
 156        3.2562
 157        3.2565
 158        3.2575
 159        3.2812
 160        3.2907
 161        3.3089
 162        3.3134
 163        3.3289
 164        3.4139
 165        3.4162
 166        3.4170
 167        3.4547
 168        3.4555
 169        3.8313
 170        4.2438
 171        4.3131
 172        4.4954
 173        4.7233
 174        4.7775
 175        4.8319
 176        5.2542
 177        5.9181
 178        5.9436
 179        6.0652
 180        6.5720
 181        6.6134
 182        6.7512
 183        7.0717
 184        7.1376
 185        7.4358
 186        7.4910
 187        7.8448
 188        8.0555
 189        8.3094
 190        8.3116
 191        8.3426
 192        8.5244
 193        8.5665
 194        8.7759
 195        9.1381
 196        9.1460
 197        9.3390
 198        9.7292
 199        9.8868
 200       10.1932
 201       10.2215
 202       10.4145
 203       10.6174
 204       10.6454
 205       10.7751
 206       11.4917
 207       11.6097
 208       11.7144
 209       12.0084
 210       12.2487
 211       13.0906
 212       13.4186
 
  0.4375000E+00  0.4375000E+00  0.1875000E+00  0.4687500E-01
   1       -3.0656
   2       -2.7686
   3       -2.7686
   4       -2.4947
   5       -1.9054
   6       -1.8119
   7       -1.8119
   8       -1.7847
   9       -1.2042
  10       -1.1243
  11       -1.1243
  12       -1.1091
  13       -0.9729
  14       -0.9663
  15       -0.9663
  16       -0.9311
  17       -0.9311
  18       -0.9172
  19       -0.9172
  20       -0.8599
  21       -0.8599
  22       -0.7978
  23       -0.7978
  24       -0.7853
  25       -0.7737
  26       -0.7737
  27       -0.7612
  28       -0.7612
  29       -0.7582
  30       -0.7582
  31       -0.6398
  32       -0.6398
  33       -0.6056
  34       -0.6056
  35       -0.4886
  36       -0.4886
  37       -0.4461
  38       -0.4076
  39       -0.4076
  40       -0.2865
  41       -0.2865
  42       -0.2527
  43       -0.2527
  44       -0.0749
  45        0.0953
  46        0.0953
  47        0.1865
  48        0.1865
  49        0.1983
  50        0.1983
  51        0.2139
  52        0.2805
  53        0.2805
  54        0.3999
  55        0.4187
  56        0.4187
  57        0.4315
  58        0.4315
  59        0.4921
  60        0.5202
  61        0.5246
  62        0.7482
  63        0.7482
  64        0.7923
  65        0.7923
  66        0.7961
  67        0.8834
  68        0.9514
  69        0.9514
  70        0.9652
  71        0.9652
  72        0.9670
  73        0.9744
  74        0.9744
  75        1.0318
  76        1.0337
  77        1.0337
  78        1.0348
  79        1.0777
  80        1.0830
  81        1.0961
  82        1.1060
  83        1.1060
  84        1.1215
  85        1.1215
  86        1.1399
  87        1.1665
  88        1.1665
  89        1.1748
  90        1.1748
  91        1.1912
  92        1.2115
  93        1.2231
  94        1.2231
  95        1.3014
  96        1.3014
  97        1.3094
  98        1.3229
  99        1.3242
 100        1.3242
 101        1.4743
 102        1.4743
 103        1.4860
 104        1.4860
 105        1.4897
 106        1.4897
 107        1.5878
 108        1.6301
 109        1.6301
 110        1.6403
 111        1.6403
 112        1.6715
 113        1.6715
 114        1.7832
 115        1.8333
 116        1.8333
 117        1.9219
 118        1.9452
 119        1.9452
 120        1.9881
 121        2.2219
 122        2.3349
 123        2.3349
 124        2.3754
 125        2.3757
 126        2.3757
 127        2.4214
 128        2.4214
 129        2.5064
 130        2.5064
 131        2.5099
 132        2.5099
 133        2.5287
 134        2.5388
 135        2.5714
 136        2.5714
 137        2.6191
 138        2.6191
 139        2.6758
 140        2.8039
 141        2.8219
 142        2.9337
 143        2.9933
 144        2.9933
 145        3.1790
 146        3.1790
 147        3.2166
 148        3.2487
 149        3.2487
 150        3.2565
 151        3.2565
 152        3.2631
 153        3.2631
 154        3.2690
 155        3.2690
 156        3.2709
 157        3.2709
 158        3.2894
 159        3.3036
 160        3.3036
 161        3.3100
 162        3.3100
 163        3.3150
 164        3.3150
 165        3.3536
 166        3.3706
 167        3.3706
 168        3.3843
 169        4.0078
 170        4.3308
 171        4.3308
 172        4.5277
 173        4.9732
 174        4.9732
 175        5.4615
 176        5.4615
 177        5.7505
 178        5.7505
 179        6.2572
 180        6.2572
 181        6.7875
 182        6.7875
 183        7.0128
 184        7.0128
 185        7.7307
 186        7.7307
 187        8.0349
 188        8.0349
 189        8.2634
 190        8.4096
 191        8.4096
 192        8.6603
 193        8.6603
 194        8.7182
 195        8.8334
 196        8.8334
 197        9.2478
 198        9.2478
 199        9.6068
 200        9.6738
 201        9.6738
 202        9.8528
 203        9.8528
 204       10.2889
 205       11.4095
 206       12.2190
 207       12.2358
 208       12.2850
 209       12.4048
 210       12.8307
 211       12.9328
 212       13.4280
 
  0.3125000E+00  0.3125000E+00  0.3125000E+00  0.1562500E-01
   1       -3.3811
   2       -2.4961
   3       -2.4961
   4       -2.4961
   5       -1.8941
   6       -1.8941
   7       -1.8941
   8       -1.8155
   9       -1.1815
  10       -1.1815
  11       -1.1815
  12       -1.1039
  13       -1.1039
  14       -1.1039
  15       -1.0126
  16       -1.0126
  17       -1.0126
  18       -0.8028
  19       -0.8028
  20       -0.8028
  21       -0.8028
  22       -0.8028
  23       -0.8028
  24       -0.7271
  25       -0.7271
  26       -0.7271
  27       -0.7050
  28       -0.7050
  29       -0.7050
  30       -0.6909
  31       -0.6909
  32       -0.6909
  33       -0.6909
  34       -0.6909
  35       -0.6909
  36       -0.3691
  37       -0.3691
  38       -0.3691
  39       -0.1614
  40       -0.1614
  41       -0.1614
  42       -0.1614
  43       -0.1614
  44       -0.1614
  45        0.1954
  46        0.1954
  47        0.1954
  48        0.2413
  49        0.2413
  50        0.2413
  51        0.2413
  52        0.2413
  53        0.2413
  54        0.3349
  55        0.3349
  56        0.3349
  57        0.4406
  58        0.4406
  59        0.4406
  60        0.5758
  61        0.5758
  62        0.5758
  63        0.5907
  64        0.6763
  65        0.6763
  66        0.6763
  67        0.6763
  68        0.6763
  69        0.6763
  70        0.9080
  71        0.9080
  72        0.9963
  73        0.9963
  74        1.0223
  75        1.0223
  76        1.0223
  77        1.0875
  78        1.0875
  79        1.0875
  80        1.0875
  81        1.0875
  82        1.0875
  83        1.1170
  84        1.1170
  85        1.1170
  86        1.1203
  87        1.1203
  88        1.1203
  89        1.1621
  90        1.1621
  91        1.1621
  92        1.2080
  93        1.2080
  94        1.2080
  95        1.2261
  96        1.2261
  97        1.2261
  98        1.2321
  99        1.2321
 100        1.2321
 101        1.5537
 102        1.5537
 103        1.5537
 104        1.7160
 105        1.7673
 106        1.7673
 107        1.7673
 108        1.7921
 109        1.7921
 110        1.7921
 111        1.7921
 112        1.7921
 113        1.7921
 114        2.0738
 115        2.0738
 116        2.0738
 117        2.0756
 118        2.0756
 119        2.0756
 120        2.1425
 121        2.1425
 122        2.1425
 123        2.1651
 124        2.1651
 125        2.1748
 126        2.1748
 127        2.1748
 128        2.2778
 129        2.2778
 130        2.2778
 131        2.2778
 132        2.2778
 133        2.2778
 134        2.5589
 135        2.5589
 136        2.5589
 137        2.6807
 138        2.6807
 139        2.6807
 140        2.8572
 141        2.8572
 142        3.0860
 143        3.0860
 144        3.0860
 145        3.1356
 146        3.1356
 147        3.1356
 148        3.1356
 149        3.1356
 150        3.1356
 151        3.1406
 152        3.1406
 153        3.1406
 154        3.3102
 155        3.3102
 156        3.3102
 157        3.3566
 158        3.3566
 159        3.3566
 160        3.3566
 161        3.3566
 162        3.3566
 163        3.3893
 164        3.3893
 165        3.3893
 166        3.4998
 167        3.4998
 168        3.4998
 169        4.0872
 170        4.0872
 171        4.0872
 172        5.3316
 173        5.3316
 174        5.3316
 175        5.3316
 176        5.3316
 177        5.3316
 178        5.9260
 179        5.9260
 180        5.9260
 181        6.4735
 182        6.4735
 183        6.4735
 184        7.8848
 185        7.8848
 186        7.8848
 187        7.8848
 188        7.8848
 189        7.8848
 190        7.9510
 191        7.9510
 192        7.9510
 193        9.1002
 194        9.1002
 195        9.1002
 196        9.2615
 197        9.2615
 198        9.2616
 199       10.3737
 200       10.3737
 201       10.3737
 202       10.3737
 203       10.3739
 204       10.3754
 205       11.8113
 206       11.8113
 207       11.8115
 208       11.8207
 209       11.8424
 210       11.9135
 211       11.9270
 212       12.0100
 
  0.4375000E+00  0.3125000E+00  0.3125000E+00  0.4687500E-01
   1       -3.1487
   2       -2.8498
   3       -2.3327
   4       -2.3327
   5       -2.1282
   6       -2.1282
   7       -1.8884
   8       -1.8642
   9       -1.0859
  10       -1.0859
  11       -1.0476
  12       -1.0059
  13       -1.0050
  14       -1.0049
  15       -1.0049
  16       -0.9593
  17       -0.9593
  18       -0.9592
  19       -0.9592
  20       -0.8863
  21       -0.8863
  22       -0.8664
  23       -0.8664
  24       -0.8402
  25       -0.7185
  26       -0.7185
  27       -0.7145
  28       -0.7145
  29       -0.7137
  30       -0.7137
  31       -0.6825
  32       -0.6825
  33       -0.6308
  34       -0.5539
  35       -0.5539
  36       -0.5082
  37       -0.3545
  38       -0.3545
  39       -0.1727
  40       -0.1727
  41       -0.0662
  42       -0.0662
  43       -0.0237
  44       -0.0237
  45        0.0515
  46        0.0515
  47        0.0699
  48        0.0699
  49        0.1048
  50        0.1048
  51        0.2406
  52        0.3280
  53        0.3366
  54        0.3366
  55        0.3980
  56        0.3980
  57        0.4217
  58        0.4217
  59        0.4526
  60        0.5105
  61        0.5105
  62        0.5419
  63        0.7823
  64        0.7823
  65        0.7961
  66        0.7961
  67        0.8477
  68        0.9278
  69        0.9278
  70        0.9354
  71        0.9360
  72        0.9360
  73        0.9562
  74        1.0001
  75        1.0001
  76        1.0417
  77        1.0428
  78        1.0463
  79        1.0463
  80        1.0494
  81        1.0514
  82        1.0746
  83        1.0746
  84        1.1011
  85        1.1016
  86        1.1016
  87        1.1111
  88        1.1111
  89        1.1253
  90        1.1643
  91        1.1643
  92        1.1871
  93        1.1871
  94        1.2320
  95        1.2320
  96        1.2551
  97        1.3247
  98        1.3909
  99        1.3909
 100        1.3948
 101        1.4006
 102        1.4336
 103        1.4336
 104        1.5160
 105        1.5693
 106        1.5693
 107        1.5772
 108        1.8041
 109        1.8041
 110        1.8469
 111        1.8668
 112        1.8668
 113        1.9155
 114        1.9155
 115        1.9526
 116        1.9526
 117        1.9803
 118        1.9803
 119        2.0358
 120        2.0875
 121        2.0937
 122        2.0937
 123        2.1496
 124        2.1496
 125        2.1501
 126        2.1501
 127        2.1550
 128        2.1550
 129        2.2738
 130        2.2865
 131        2.4076
 132        2.4110
 133        2.4207
 134        2.4207
 135        2.4926
 136        2.5474
 137        2.5474
 138        2.6417
 139        2.6431
 140        2.6431
 141        2.8337
 142        2.8337
 143        2.9044
 144        2.9983
 145        3.2299
 146        3.2299
 147        3.2310
 148        3.2310
 149        3.2500
 150        3.2500
 151        3.2612
 152        3.2942
 153        3.2942
 154        3.3028
 155        3.3028
 156        3.3053
 157        3.3053
 158        3.3173
 159        3.3173
 160        3.3482
 161        3.3788
 162        3.3788
 163        3.4063
 164        3.4100
 165        3.4100
 166        3.4646
 167        3.4646
 168        3.4699
 169        4.4581
 170        4.4581
 171        4.7983
 172        4.8847
 173        4.8847
 174        5.4777
 175        5.4777
 176        5.6012
 177        5.6800
 178        5.6800
 179        6.1057
 180        6.1057
 181        6.9059
 182        6.9293
 183        6.9293
 184        6.9702
 185        6.9702
 186        7.4125
 187        7.4125
 188        7.9253
 189        8.2086
 190        8.2086
 191        8.3530
 192        8.4715
 193        8.4715
 194        8.7534
 195        8.8633
 196        8.8633
 197        9.5286
 198        9.5286
 199       10.0093
 200       10.0094
 201       10.7584
 202       10.7601
 203       10.8621
 204       10.8660
 205       10.8706
 206       10.8752
 207       11.2474
 208       11.2540
 209       11.4100
 210       11.4317
 211       12.5859
 212       12.7347
 
  0.4375000E+00  0.4375000E+00  0.3125000E+00  0.4687500E-01
   1       -2.9330
   2       -2.6569
   3       -2.6569
   4       -2.4124
   5       -2.2122
   6       -2.0617
   7       -2.0617
   8       -1.9736
   9       -1.0430
  10       -0.9786
  11       -0.9768
  12       -0.9768
  13       -0.9607
  14       -0.9607
  15       -0.9454
  16       -0.9346
  17       -0.9346
  18       -0.9304
  19       -0.9304
  20       -0.8480
  21       -0.8480
  22       -0.8377
  23       -0.8377
  24       -0.8349
  25       -0.8349
  26       -0.8328
  27       -0.8328
  28       -0.8038
  29       -0.8038
  30       -0.7977
  31       -0.7517
  32       -0.7517
  33       -0.4522
  34       -0.4522
  35       -0.3753
  36       -0.3214
  37       -0.3214
  38       -0.2504
  39       -0.2504
  40       -0.1853
  41       -0.1853
  42       -0.1117
  43       -0.1117
  44       -0.0187
  45        0.0407
  46        0.0615
  47        0.0615
  48        0.1686
  49        0.1686
  50        0.1845
  51        0.1845
  52        0.2372
  53        0.2372
  54        0.2702
  55        0.2702
  56        0.3551
  57        0.4965
  58        0.4965
  59        0.5202
  60        0.5377
  61        0.5739
  62        0.7413
  63        0.7413
  64        0.8800
  65        0.8800
  66        0.9296
  67        0.9460
  68        0.9626
  69        0.9626
  70        0.9835
  71        0.9835
  72        1.0040
  73        1.0221
  74        1.0221
  75        1.0222
  76        1.0222
  77        1.0366
  78        1.0422
  79        1.0648
  80        1.0649
  81        1.0662
  82        1.0698
  83        1.0698
  84        1.0768
  85        1.0857
  86        1.0857
  87        1.1133
  88        1.1133
  89        1.1178
  90        1.1234
  91        1.1357
  92        1.1357
  93        1.1785
  94        1.1785
  95        1.2099
  96        1.2099
  97        1.2325
  98        1.2532
  99        1.2532
 100        1.3514
 101        1.3514
 102        1.4807
 103        1.5385
 104        1.5385
 105        1.5473
 106        1.5473
 107        1.6070
 108        1.6470
 109        1.6470
 110        1.7297
 111        1.7297
 112        1.7471
 113        1.7471
 114        1.7689
 115        1.9276
 116        1.9276
 117        2.0484
 118        2.0685
 119        2.0685
 120        2.0937
 121        2.0937
 122        2.1037
 123        2.1096
 124        2.1599
 125        2.1599
 126        2.2190
 127        2.2190
 128        2.2603
 129        2.2603
 130        2.3209
 131        2.3228
 132        2.3617
 133        2.3639
 134        2.3639
 135        2.3815
 136        2.3815
 137        2.4660
 138        2.4660
 139        2.5782
 140        2.6226
 141        2.6341
 142        2.7359
 143        2.7637
 144        2.7637
 145        3.3091
 146        3.3197
 147        3.3197
 148        3.3341
 149        3.3341
 150        3.3409
 151        3.3409
 152        3.3426
 153        3.3426
 154        3.3677
 155        3.3677
 156        3.3731
 157        3.3731
 158        3.3733
 159        3.3733
 160        3.3858
 161        3.3891
 162        3.3891
 163        3.3976
 164        3.3976
 165        3.4107
 166        3.4330
 167        3.4494
 168        3.4494
 169        4.7197
 170        5.0723
 171        5.0723
 172        5.1994
 173        5.1994
 174        5.3428
 175        5.6447
 176        5.6447
 177        6.0318
 178        6.0318
 179        6.3370
 180        6.3370
 181        6.4975
 182        6.4975
 183        6.6176
 184        6.6176
 185        7.2701
 186        7.2701
 187        7.3307
 188        7.6239
 189        7.6239
 190        7.7714
 191        7.7714
 192        8.1722
 193        9.0052
 194        9.0052
 195        9.3812
 196        9.4649
 197        9.4649
 198        9.8427
 199        9.8428
 200       10.0954
 201       10.0956
 202       10.3120
 203       10.3123
 204       10.7341
 205       10.7750
 206       11.3649
 207       11.3787
 208       11.6375
 209       11.7332
 210       11.9359
 211       12.0306
 212       12.4623
 
  0.4375000E+00  0.4375000E+00  0.4375000E+00  0.1562500E-01
   1       -2.7404
   2       -2.4961
   3       -2.4961
   4       -2.4961
   5       -2.2942
   6       -2.2942
   7       -2.2942
   8       -2.1457
   9       -0.9247
  10       -0.9247
  11       -0.9247
  12       -0.9224
  13       -0.9224
  14       -0.9224
  15       -0.9185
  16       -0.9185
  17       -0.9185
  18       -0.8882
  19       -0.8882
  20       -0.8882
  21       -0.8882
  22       -0.8882
  23       -0.8882
  24       -0.8509
  25       -0.8509
  26       -0.8509
  27       -0.8509
  28       -0.8509
  29       -0.8509
  30       -0.8377
  31       -0.8377
  32       -0.8377
  33       -0.2678
  34       -0.2678
  35       -0.2678
  36       -0.1261
  37       -0.1261
  38       -0.1261
  39       -0.0801
  40       -0.0801
  41       -0.0801
  42       -0.0801
  43       -0.0801
  44       -0.0801
  45        0.0627
  46        0.0627
  47        0.0627
  48        0.0627
  49        0.0627
  50        0.0627
  51        0.0731
  52        0.0731
  53        0.0731
  54        0.2005
  55        0.2005
  56        0.2005
  57        0.5814
  58        0.5967
  59        0.5967
  60        0.5967
  61        0.6901
  62        0.6901
  63        0.6901
  64        0.8824
  65        1.0118
  66        1.0118
  67        1.0159
  68        1.0159
  69        1.0159
  70        1.0159
  71        1.0159
  72        1.0159
  73        1.0478
  74        1.0478
  75        1.0478
  76        1.0531
  77        1.0531
  78        1.0531
  79        1.0587
  80        1.0587
  81        1.0613
  82        1.0613
  83        1.0613
  84        1.0745
  85        1.0745
  86        1.0745
  87        1.0763
  88        1.0763
  89        1.0763
  90        1.1395
  91        1.1395
  92        1.1395
  93        1.1471
  94        1.1471
  95        1.1471
  96        1.1826
  97        1.1826
  98        1.1826
  99        1.1826
 100        1.1826
 101        1.1826
 102        1.3800
 103        1.3800
 104        1.3800
 105        1.6606
 106        1.6606
 107        1.6606
 108        1.8365
 109        1.8365
 110        1.8365
 111        1.8365
 112        1.8365
 113        1.8365
 114        1.8541
 115        1.8541
 116        1.8541
 117        1.9650
 118        1.9650
 119        1.9650
 120        2.0321
 121        2.0321
 122        2.0321
 123        2.0321
 124        2.0321
 125        2.0321
 126        2.1670
 127        2.1670
 128        2.1670
 129        2.2463
 130        2.2463
 131        2.2463
 132        2.2669
 133        2.2669
 134        2.3100
 135        2.3100
 136        2.3100
 137        2.4457
 138        2.4457
 139        2.4457
 140        2.5246
 141        2.5246
 142        2.5610
 143        2.5610
 144        2.5610
 145        3.3833
 146        3.3833
 147        3.3833
 148        3.4121
 149        3.4121
 150        3.4121
 151        3.4121
 152        3.4121
 153        3.4121
 154        3.4133
 155        3.4133
 156        3.4133
 157        3.4133
 158        3.4133
 159        3.4133
 160        3.4200
 161        3.4200
 162        3.4200
 163        3.4422
 164        3.4422
 165        3.4422
 166        3.4567
 167        3.4567
 168        3.4567
 169        5.5230
 170        5.5230
 171        5.5230
 172        5.9112
 173        5.9112
 174        5.9112
 175        5.9112
 176        5.9112
 177        5.9112
 178        6.2426
 179        6.2426
 180        6.2426
 181        6.4017
 182        6.4017
 183        6.4017
 184        6.8229
 185        6.8229
 186        6.8229
 187        6.8229
 188        6.8229
 189        6.8229
 190        7.2059
 191        7.2059
 192        7.2059
 193        9.7152
 194        9.7153
 195        9.7173
 196       10.2007
 197       10.2010
 198       10.2047
 199       10.5053
 200       10.5053
 201       10.5055
 202       10.5063
 203       10.5143
 204       10.5332
 205       11.0239
 206       11.0239
 207       11.0259
 208       11.0513
 209       11.0644
 210       11.1998
 211       11.2404
 212       11.6266
