   32   32  100    1
  0.1831576E+02  0.8368706E-09  0.8368706E-09  0.8368706E-09  0.5000000E-15
  1.000000000000000E-004
  CAR 
 No title                                
  352   20  212
 
  0.6250000E-01  0.6250000E-01  0.6250000E-01  0.1562500E-01
   1       -4.3225
   2       -3.1021
   3       -3.1021
   4       -3.1021
   5       -3.0784
   6       -3.0678
   7       -3.0678
   8       -3.0678
   9       -2.9910
  10       -2.9910
  11       -2.9910
  12       -2.7362
  13       -2.7362
  14       -2.7362
  15       -2.6391
  16       -2.6391
  17       -2.6391
  18       -2.4434
  19       -2.4434
  20       -2.4434
  21       -2.4434
  22       -2.4434
  23       -2.4434
  24       -2.4339
  25       -2.4339
  26       -2.4339
  27       -2.3058
  28       -2.3058
  29       -2.3058
  30       -2.2139
  31       -2.2139
  32       -2.2139
  33       -2.1973
  34       -2.1973
  35       -2.1973
  36       -2.1764
  37       -2.1764
  38       -2.1764
  39       -2.1764
  40       -2.1764
  41       -2.1764
  42       -2.0330
  43       -2.0330
  44       -2.0330
  45       -2.0330
  46       -2.0330
  47       -2.0330
  48       -1.9512
  49       -1.9512
  50       -1.9512
  51       -1.9478
  52       -1.9478
  53       -1.9478
  54       -1.9478
  55       -1.9478
  56       -1.9478
  57       -1.9031
  58       -1.9031
  59       -1.9031
  60       -1.7711
  61       -1.7711
  62       -1.7711
  63       -1.7711
  64       -1.7711
  65       -1.7711
  66       -1.7064
  67       -1.7064
  68       -1.7064
  69       -1.6921
  70       -1.6921
  71       -1.6867
  72       -1.6834
  73       -1.6834
  74       -1.6834
  75       -1.6726
  76       -1.6726
  77       -1.6024
  78       -1.6024
  79       -1.6024
  80       -1.6024
  81       -1.6024
  82       -1.6024
  83       -1.5798
  84       -1.5798
  85       -1.5798
  86       -1.5362
  87       -1.5362
  88       -1.5362
  89       -1.1343
  90       -1.1343
  91       -1.1343
  92       -1.0807
  93       -1.0807
  94       -1.0807
  95       -1.0763
  96       -1.0763
  97       -1.0763
  98       -1.0676
  99       -1.0676
 100       -1.0676
 101       -1.0676
 102       -1.0676
 103       -1.0676
 104       -0.9996
 105       -0.9996
 106       -0.9996
 107       -0.8978
 108       -0.8978
 109       -0.8978
 110       -0.8329
 111       -0.8329
 112       -0.8329
 113       -0.8210
 114       -0.8210
 115       -0.8210
 116       -0.7719
 117       -0.7719
 118       -0.7672
 119       -0.7672
 120       -0.7672
 121       -0.7398
 122       -0.7398
 123       -0.7398
 124       -0.7398
 125       -0.7398
 126       -0.7398
 127       -0.7190
 128       -0.7190
 129       -0.7190
 130       -0.7190
 131       -0.7190
 132       -0.7190
 133       -0.6497
 134       -0.6497
 135       -0.6497
 136       -0.4662
 137       -0.4662
 138       -0.4662
 139       -0.4100
 140       -0.4100
 141       -0.4100
 142       -0.3969
 143       -0.3969
 144       -0.3969
 145       -0.1245
 146       -0.1245
 147       -0.1245
 148       -0.1080
 149       -0.1080
 150       -0.1080
 151       -0.0809
 152       -0.0809
 153       -0.0666
 154       -0.0666
 155       -0.0666
 156        0.0795
 157        0.0795
 158        0.0795
 159        0.1032
 160        0.1032
 161        0.1032
 162        0.1032
 163        0.1032
 164        0.1032
 165        0.1056
 166        0.1056
 167        0.1056
 168        1.7544
 169        1.7544
 170        1.7544
 171        2.3178
 172        2.3178
 173        2.3178
 174        2.3178
 175        2.3178
 176        2.3178
 177        2.4657
 178        2.7412
 179        2.7412
 180        2.7412
 181        2.8995
 182        2.8995
 183        2.8995
 184        4.5603
 185        4.5603
 186        4.5603
 187        6.1758
 188        6.1758
 189        6.1758
 190        6.4124
 191        8.0729
 192        8.0729
 193        8.0729
 194        8.0729
 195        8.0729
 196        8.0729
 197        8.7518
 198        8.7518
 199        8.7518
 200        8.7518
 201        8.7519
 202        8.7527
 203        9.2136
 204        9.2148
 205        9.2360
 206        9.7697
 207        9.7703
 208        9.7717
 209        9.7734
 210        9.8146
 211       10.6938
 212       10.8160
 
  0.1875000E+00  0.6250000E-01  0.6250000E-01  0.4687500E-01
   1       -4.2455
   2       -3.0718
   3       -3.0639
   4       -3.0639
   5       -3.0524
   6       -3.0314
   7       -3.0314
   8       -3.0211
   9       -2.9681
  10       -2.9675
  11       -2.9550
  12       -2.9550
  13       -2.6891
  14       -2.6891
  15       -2.6569
  16       -2.5945
  17       -2.5945
  18       -2.5571
  19       -2.5133
  20       -2.5133
  21       -2.4205
  22       -2.4205
  23       -2.4109
  24       -2.4109
  25       -2.4083
  26       -2.4083
  27       -2.3974
  28       -2.3584
  29       -2.3584
  30       -2.3476
  31       -2.2850
  32       -2.2850
  33       -2.2647
  34       -2.2647
  35       -2.2499
  36       -2.2499
  37       -2.2278
  38       -2.2278
  39       -2.1775
  40       -2.1736
  41       -2.1736
  42       -2.1557
  43       -2.1557
  44       -2.0338
  45       -2.0337
  46       -2.0307
  47       -2.0307
  48       -1.9713
  49       -1.9713
  50       -1.9665
  51       -1.9665
  52       -1.9645
  53       -1.9645
  54       -1.9019
  55       -1.8803
  56       -1.8803
  57       -1.8707
  58       -1.8707
  59       -1.8359
  60       -1.7905
  61       -1.7905
  62       -1.7673
  63       -1.7673
  64       -1.7320
  65       -1.7198
  66       -1.7198
  67       -1.7136
  68       -1.7136
  69       -1.7120
  70       -1.7092
  71       -1.7092
  72       -1.6900
  73       -1.6739
  74       -1.6546
  75       -1.6546
  76       -1.6484
  77       -1.6481
  78       -1.6472
  79       -1.6472
  80       -1.6465
  81       -1.5736
  82       -1.5736
  83       -1.4854
  84       -1.4854
  85       -1.4430
  86       -1.4430
  87       -1.4009
  88       -1.3879
  89       -1.2429
  90       -1.2429
  91       -1.2383
  92       -1.2058
  93       -1.1664
  94       -1.1617
  95       -1.1617
  96       -1.1556
  97       -1.1012
  98       -1.1012
  99       -1.0948
 100       -1.0948
 101       -1.0094
 102       -1.0094
 103       -1.0069
 104       -1.0069
 105       -0.9859
 106       -0.9859
 107       -0.9660
 108       -0.9617
 109       -0.9617
 110       -0.8830
 111       -0.8830
 112       -0.8447
 113       -0.8447
 114       -0.7995
 115       -0.7592
 116       -0.7516
 117       -0.7516
 118       -0.7459
 119       -0.7459
 120       -0.7377
 121       -0.7377
 122       -0.7068
 123       -0.7000
 124       -0.6729
 125       -0.6729
 126       -0.6616
 127       -0.6388
 128       -0.6388
 129       -0.6107
 130       -0.6107
 131       -0.5902
 132       -0.5902
 133       -0.5579
 134       -0.5496
 135       -0.5496
 136       -0.5331
 137       -0.4278
 138       -0.4278
 139       -0.4004
 140       -0.4004
 141       -0.3271
 142       -0.2502
 143       -0.2327
 144       -0.2327
 145       -0.1516
 146       -0.1516
 147       -0.1477
 148       -0.1477
 149       -0.1388
 150       -0.1277
 151       -0.1250
 152       -0.0855
 153       -0.0835
 154       -0.0835
 155       -0.0418
 156       -0.0418
 157        0.0332
 158        0.0545
 159        0.0545
 160        0.0552
 161        0.0552
 162        0.0641
 163        0.1032
 164        0.1032
 165        0.1032
 166        0.1032
 167        0.1267
 168        1.2624
 169        1.2624
 170        1.7618
 171        1.7981
 172        1.7981
 173        2.2052
 174        2.3356
 175        2.3356
 176        2.6818
 177        2.6818
 178        2.9231
 179        2.9551
 180        2.9588
 181        2.9588
 182        3.5504
 183        3.5504
 184        4.0398
 185        4.7503
 186        4.7503
 187        6.1961
 188        6.4398
 189        6.4398
 190        6.8479
 191        7.2235
 192        7.2235
 193        7.3960
 194        7.3960
 195        7.8305
 196        7.8305
 197        8.1907
 198        8.1907
 199        8.8683
 200        8.8689
 201        9.2309
 202        9.2426
 203        9.3335
 204        9.3504
 205        9.6692
 206        9.8219
 207        9.8809
 208        9.9142
 209       10.0807
 210       10.1619
 211       10.2177
 212       10.2742
 
  0.3125000E+00  0.6250000E-01  0.6250000E-01  0.4687500E-01
   1       -4.0939
   2       -3.2770
   3       -3.0134
   4       -2.9903
   5       -2.9903
   6       -2.9896
   7       -2.9593
   8       -2.9593
   9       -2.9398
  10       -2.9231
  11       -2.8832
  12       -2.8832
  13       -2.7353
  14       -2.6711
  15       -2.6294
  16       -2.6294
  17       -2.6013
  18       -2.6013
  19       -2.5905
  20       -2.5464
  21       -2.5464
  22       -2.5193
  23       -2.5127
  24       -2.5127
  25       -2.4659
  26       -2.4659
  27       -2.3812
  28       -2.3812
  29       -2.3543
  30       -2.3543
  31       -2.3488
  32       -2.3488
  33       -2.2830
  34       -2.2830
  35       -2.2781
  36       -2.2781
  37       -2.2436
  38       -2.2436
  39       -2.2303
  40       -2.2303
  41       -2.1419
  42       -2.1419
  43       -2.0543
  44       -2.0288
  45       -2.0288
  46       -2.0270
  47       -2.0269
  48       -2.0193
  49       -2.0193
  50       -2.0066
  51       -2.0066
  52       -2.0011
  53       -2.0011
  54       -1.8809
  55       -1.8809
  56       -1.8802
  57       -1.8398
  58       -1.8398
  59       -1.8200
  60       -1.8200
  61       -1.8028
  62       -1.8028
  63       -1.7785
  64       -1.7665
  65       -1.7659
  66       -1.7636
  67       -1.7636
  68       -1.7613
  69       -1.7613
  70       -1.7423
  71       -1.7423
  72       -1.7198
  73       -1.7198
  74       -1.6992
  75       -1.6309
  76       -1.6309
  77       -1.6292
  78       -1.6007
  79       -1.6007
  80       -1.5958
  81       -1.5947
  82       -1.5873
  83       -1.4045
  84       -1.4045
  85       -1.3580
  86       -1.3307
  87       -1.3307
  88       -1.3117
  89       -1.3117
  90       -1.3083
  91       -1.2963
  92       -1.2843
  93       -1.1806
  94       -1.1806
  95       -1.1622
  96       -1.1495
  97       -1.1495
  98       -1.1317
  99       -1.0393
 100       -1.0393
 101       -1.0262
 102       -1.0145
 103       -1.0145
 104       -0.9193
 105       -0.9193
 106       -0.9057
 107       -0.9057
 108       -0.8800
 109       -0.8800
 110       -0.8662
 111       -0.8662
 112       -0.8514
 113       -0.8510
 114       -0.8510
 115       -0.7618
 116       -0.7618
 117       -0.7401
 118       -0.7401
 119       -0.7341
 120       -0.7323
 121       -0.7323
 122       -0.6431
 123       -0.6431
 124       -0.5953
 125       -0.5677
 126       -0.5616
 127       -0.5616
 128       -0.5107
 129       -0.4940
 130       -0.4833
 131       -0.4833
 132       -0.4762
 133       -0.4762
 134       -0.4464
 135       -0.4464
 136       -0.4373
 137       -0.4358
 138       -0.4265
 139       -0.4265
 140       -0.4111
 141       -0.4111
 142       -0.3015
 143       -0.2813
 144       -0.2813
 145       -0.2579
 146       -0.2047
 147       -0.2034
 148       -0.2034
 149       -0.1790
 150       -0.1790
 151       -0.1616
 152       -0.1407
 153       -0.1407
 154       -0.1363
 155       -0.0560
 156       -0.0359
 157       -0.0359
 158       -0.0349
 159       -0.0349
 160       -0.0122
 161        0.1029
 162        0.1029
 163        0.1031
 164        0.1031
 165        0.1682
 166        0.1682
 167        0.8056
 168        0.8320
 169        0.8320
 170        1.3314
 171        1.3314
 172        1.7798
 173        2.0092
 174        2.3719
 175        2.3719
 176        2.5924
 177        2.5924
 178        2.9664
 179        3.0572
 180        3.2632
 181        3.6794
 182        3.6794
 183        4.2743
 184        4.2743
 185        5.1002
 186        5.1002
 187        6.2703
 188        6.2703
 189        6.5016
 190        6.7408
 191        6.7408
 192        6.8645
 193        6.8645
 194        6.9250
 195        6.9250
 196        7.4349
 197        8.4136
 198        8.4136
 199        8.6683
 200        9.0839
 201        9.0881
 202        9.2530
 203        9.2600
 204        9.2657
 205        9.2773
 206        9.4550
 207        9.4737
 208        9.6185
 209        9.7110
 210        9.8770
 211       10.2304
 212       10.2883
 
  0.4375000E+00  0.6250000E-01  0.6250000E-01  0.4687500E-01
   1       -3.8729
   2       -3.5933
   3       -2.9316
   4       -2.8906
   5       -2.8867
   6       -2.8867
   7       -2.8572
   8       -2.8526
   9       -2.8526
  10       -2.8345
  11       -2.8262
  12       -2.7764
  13       -2.7764
  14       -2.7723
  15       -2.7616
  16       -2.7616
  17       -2.7567
  18       -2.7137
  19       -2.7137
  20       -2.6838
  21       -2.6366
  22       -2.6366
  23       -2.4873
  24       -2.4873
  25       -2.4121
  26       -2.4121
  27       -2.3724
  28       -2.3724
  29       -2.3385
  30       -2.3385
  31       -2.3151
  32       -2.3151
  33       -2.3045
  34       -2.3045
  35       -2.2642
  36       -2.2642
  37       -2.2635
  38       -2.2635
  39       -2.1811
  40       -2.1811
  41       -2.1774
  42       -2.1774
  43       -2.1327
  44       -2.1327
  45       -2.0999
  46       -2.0999
  47       -2.0366
  48       -2.0366
  49       -2.0322
  50       -2.0322
  51       -1.9984
  52       -1.9984
  53       -1.9414
  54       -1.9411
  55       -1.9411
  56       -1.8460
  57       -1.8437
  58       -1.8434
  59       -1.8434
  60       -1.8426
  61       -1.8426
  62       -1.8062
  63       -1.8050
  64       -1.8050
  65       -1.7718
  66       -1.7718
  67       -1.7549
  68       -1.7549
  69       -1.7468
  70       -1.7468
  71       -1.7438
  72       -1.7178
  73       -1.6678
  74       -1.6678
  75       -1.6179
  76       -1.6179
  77       -1.5596
  78       -1.5348
  79       -1.5348
  80       -1.5234
  81       -1.5234
  82       -1.5182
  83       -1.5181
  84       -1.5070
  85       -1.5070
  86       -1.5036
  87       -1.4678
  88       -1.4268
  89       -1.4268
  90       -1.4191
  91       -1.4180
  92       -1.4006
  93       -1.0219
  94       -1.0219
  95       -1.0186
  96       -1.0186
  97       -0.9892
  98       -0.9198
  99       -0.9089
 100       -0.9003
 101       -0.9003
 102       -0.8715
 103       -0.8715
 104       -0.8663
 105       -0.8663
 106       -0.8589
 107       -0.8589
 108       -0.8452
 109       -0.8452
 110       -0.8367
 111       -0.8026
 112       -0.8026
 113       -0.7971
 114       -0.7971
 115       -0.7932
 116       -0.7931
 117       -0.7567
 118       -0.7567
 119       -0.7116
 120       -0.7116
 121       -0.6976
 122       -0.6613
 123       -0.6546
 124       -0.6546
 125       -0.6508
 126       -0.6415
 127       -0.6415
 128       -0.5621
 129       -0.5621
 130       -0.5575
 131       -0.5575
 132       -0.5469
 133       -0.4338
 134       -0.4338
 135       -0.4311
 136       -0.3453
 137       -0.3453
 138       -0.3426
 139       -0.3358
 140       -0.3188
 141       -0.3111
 142       -0.3111
 143       -0.3077
 144       -0.2983
 145       -0.2983
 146       -0.2909
 147       -0.2909
 148       -0.2307
 149       -0.2307
 150       -0.2283
 151       -0.2158
 152       -0.1872
 153       -0.1816
 154       -0.1569
 155       -0.1569
 156       -0.1559
 157       -0.1559
 158       -0.1051
 159        0.1029
 160        0.1029
 161        0.1030
 162        0.1030
 163        0.1158
 164        0.1158
 165        0.4525
 166        0.4525
 167        0.5223
 168        0.5223
 169        0.9086
 170        0.9086
 171        1.5810
 172        1.8163
 173        1.8857
 174        2.4153
 175        2.4277
 176        2.4277
 177        2.5027
 178        2.5027
 179        3.0199
 180        3.0628
 181        4.4769
 182        4.4769
 183        5.0712
 184        5.0712
 185        5.3448
 186        5.3448
 187        5.5701
 188        5.5701
 189        5.9376
 190        5.9376
 191        6.1256
 192        6.1256
 193        7.0570
 194        7.5800
 195        7.5800
 196        7.7969
 197        8.1425
 198        8.3643
 199        8.3645
 200        8.7332
 201        8.7341
 202        8.9507
 203        9.1344
 204        9.1424
 205        9.3176
 206        9.3215
 207        9.3827
 208        9.3882
 209        9.4438
 210        9.5100
 211        9.9939
 212       10.7533
 
  0.1875000E+00  0.1875000E+00  0.6250000E-01  0.4687500E-01
   1       -4.1698
   2       -3.0382
   3       -3.0340
   4       -3.0335
   5       -3.0335
   6       -3.0069
   7       -2.9766
   8       -2.9766
   9       -2.9325
  10       -2.9325
  11       -2.9168
  12       -2.9168
  13       -2.9123
  14       -2.6658
  15       -2.6162
  16       -2.6162
  17       -2.5838
  18       -2.5265
  19       -2.5265
  20       -2.5071
  21       -2.5071
  22       -2.4789
  23       -2.4789
  24       -2.4357
  25       -2.4357
  26       -2.3890
  27       -2.3890
  28       -2.3820
  29       -2.3820
  30       -2.3520
  31       -2.3401
  32       -2.3401
  33       -2.3336
  34       -2.3144
  35       -2.3144
  36       -2.3078
  37       -2.2543
  38       -2.2543
  39       -2.2418
  40       -2.2328
  41       -2.2328
  42       -2.1612
  43       -2.1612
  44       -2.1532
  45       -2.1532
  46       -2.0559
  47       -2.0559
  48       -1.9790
  49       -1.9504
  50       -1.9504
  51       -1.9478
  52       -1.9478
  53       -1.9318
  54       -1.9318
  55       -1.8521
  56       -1.8521
  57       -1.8429
  58       -1.8429
  59       -1.8084
  60       -1.8056
  61       -1.8056
  62       -1.7605
  63       -1.7605
  64       -1.7588
  65       -1.7588
  66       -1.7239
  67       -1.7230
  68       -1.6834
  69       -1.6550
  70       -1.6491
  71       -1.6371
  72       -1.6286
  73       -1.6231
  74       -1.6087
  75       -1.6087
  76       -1.5797
  77       -1.5797
  78       -1.5334
  79       -1.5334
  80       -1.5271
  81       -1.5271
  82       -1.5011
  83       -1.4912
  84       -1.4912
  85       -1.4729
  86       -1.4729
  87       -1.4585
  88       -1.4585
  89       -1.3163
  90       -1.3150
  91       -1.3150
  92       -1.2150
  93       -1.2150
  94       -1.1842
  95       -1.1624
  96       -1.1624
  97       -1.1588
  98       -1.1079
  99       -1.1079
 100       -1.0925
 101       -1.0925
 102       -1.0768
 103       -1.0587
 104       -1.0587
 105       -0.9790
 106       -0.9753
 107       -0.9357
 108       -0.9030
 109       -0.9030
 110       -0.8650
 111       -0.8650
 112       -0.8559
 113       -0.8559
 114       -0.8064
 115       -0.7642
 116       -0.7529
 117       -0.7529
 118       -0.7431
 119       -0.7431
 120       -0.6862
 121       -0.6862
 122       -0.6737
 123       -0.6737
 124       -0.6631
 125       -0.6631
 126       -0.6080
 127       -0.6080
 128       -0.6037
 129       -0.6037
 130       -0.5035
 131       -0.5035
 132       -0.4894
 133       -0.4894
 134       -0.4816
 135       -0.4668
 136       -0.4668
 137       -0.4568
 138       -0.4181
 139       -0.3832
 140       -0.3832
 141       -0.3436
 142       -0.3324
 143       -0.3195
 144       -0.3195
 145       -0.2269
 146       -0.1876
 147       -0.1876
 148       -0.1825
 149       -0.1338
 150       -0.1111
 151       -0.0760
 152       -0.0760
 153       -0.0693
 154       -0.0672
 155       -0.0672
 156       -0.0449
 157        0.0171
 158        0.0171
 159        0.0540
 160        0.0540
 161        0.0561
 162        0.0561
 163        0.0631
 164        0.0631
 165        0.0769
 166        0.3498
 167        0.3498
 168        0.8089
 169        1.2622
 170        1.2622
 171        1.7989
 172        1.8130
 173        1.8130
 174        2.4049
 175        2.4216
 176        2.4216
 177        2.9889
 178        2.9889
 179        3.1492
 180        3.1492
 181        3.5816
 182        3.5816
 183        4.2037
 184        4.2205
 185        4.2205
 186        4.9318
 187        6.2160
 188        6.2160
 189        6.6255
 190        6.6255
 191        6.8833
 192        7.3213
 193        7.3213
 194        7.3885
 195        7.5187
 196        7.5187
 197        7.9314
 198        7.9314
 199        8.4388
 200        8.4389
 201        9.0994
 202        9.1067
 203        9.2516
 204        9.5261
 205        9.5336
 206        9.5416
 207        9.6890
 208        9.7543
 209        9.8824
 210        9.9015
 211       10.2945
 212       10.4813
 
  0.3125000E+00  0.1875000E+00  0.6250000E-01  0.9375000E-01
   1       -4.0207
   2       -3.2200
   3       -2.9882
   4       -2.9749
   5       -2.9739
   6       -2.9597
   7       -2.9476
   8       -2.8990
   9       -2.8902
  10       -2.8881
  11       -2.8614
  12       -2.8303
  13       -2.8209
  14       -2.6973
  15       -2.6374
  16       -2.6360
  17       -2.6252
  18       -2.6238
  19       -2.5964
  20       -2.5688
  21       -2.5588
  22       -2.5446
  23       -2.4946
  24       -2.4911
  25       -2.4844
  26       -2.4775
  27       -2.4590
  28       -2.4506
  29       -2.4219
  30       -2.4155
  31       -2.4120
  32       -2.4102
  33       -2.3975
  34       -2.3536
  35       -2.3298
  36       -2.3283
  37       -2.2637
  38       -2.2552
  39       -2.2477
  40       -2.2342
  41       -2.1697
  42       -2.1680
  43       -2.1550
  44       -2.1303
  45       -2.0966
  46       -2.0824
  47       -2.0422
  48       -2.0389
  49       -2.0347
  50       -2.0229
  51       -2.0026
  52       -1.9824
  53       -1.9339
  54       -1.9196
  55       -1.8594
  56       -1.8580
  57       -1.8081
  58       -1.8010
  59       -1.8005
  60       -1.7981
  61       -1.7961
  62       -1.7745
  63       -1.7672
  64       -1.7494
  65       -1.7406
  66       -1.7353
  67       -1.7321
  68       -1.7114
  69       -1.6811
  70       -1.6176
  71       -1.6170
  72       -1.6109
  73       -1.5998
  74       -1.5996
  75       -1.5927
  76       -1.5789
  77       -1.5757
  78       -1.5432
  79       -1.5387
  80       -1.5332
  81       -1.5107
  82       -1.5046
  83       -1.4340
  84       -1.4186
  85       -1.3993
  86       -1.3854
  87       -1.3575
  88       -1.3463
  89       -1.3417
  90       -1.3000
  91       -1.2624
  92       -1.2377
  93       -1.1959
  94       -1.1855
  95       -1.1826
  96       -1.1789
  97       -1.1757
  98       -1.1654
  99       -1.1519
 100       -1.1480
 101       -1.1455
 102       -1.1141
 103       -1.0628
 104       -1.0027
 105       -1.0000
 106       -0.9801
 107       -0.9659
 108       -0.9593
 109       -0.9015
 110       -0.8493
 111       -0.8140
 112       -0.7857
 113       -0.7721
 114       -0.7696
 115       -0.7642
 116       -0.7420
 117       -0.7145
 118       -0.7109
 119       -0.7088
 120       -0.6809
 121       -0.6544
 122       -0.5871
 123       -0.5828
 124       -0.5812
 125       -0.5811
 126       -0.5696
 127       -0.5694
 128       -0.5555
 129       -0.5463
 130       -0.5238
 131       -0.5037
 132       -0.4803
 133       -0.4519
 134       -0.4501
 135       -0.3872
 136       -0.3845
 137       -0.3844
 138       -0.3676
 139       -0.3664
 140       -0.3661
 141       -0.3605
 142       -0.3592
 143       -0.3573
 144       -0.3421
 145       -0.3338
 146       -0.2681
 147       -0.2471
 148       -0.2360
 149       -0.1874
 150       -0.1797
 151       -0.1702
 152       -0.1198
 153       -0.1046
 154       -0.1018
 155       -0.1000
 156       -0.0528
 157       -0.0520
 158       -0.0354
 159       -0.0330
 160       -0.0072
 161        0.0540
 162        0.0570
 163        0.0612
 164        0.0625
 165        0.2186
 166        0.4263
 167        0.6807
 168        0.8276
 169        1.0065
 170        1.2669
 171        1.3468
 172        1.5143
 173        1.8470
 174        1.9306
 175        2.1765
 176        3.0456
 177        3.1321
 178        3.2191
 179        3.4390
 180        3.5021
 181        3.6340
 182        3.7223
 183        4.3142
 184        4.5497
 185        4.9239
 186        5.2686
 187        5.7004
 188        6.0445
 189        6.2624
 190        6.3519
 191        6.5291
 192        6.8723
 193        6.9279
 194        7.4761
 195        7.4839
 196        7.5430
 197        7.7570
 198        8.0354
 199        8.1278
 200        8.1406
 201        8.6154
 202        8.7132
 203        9.0031
 204        9.0050
 205        9.1999
 206        9.2760
 207        9.7554
 208        9.8225
 209        9.9087
 210       10.0062
 211       10.0704
 212       10.8574
 
  0.4375000E+00  0.1875000E+00  0.6250000E-01  0.9375000E-01
   1       -3.8037
   2       -3.5296
   3       -2.9021
   4       -2.8931
   5       -2.8844
   6       -2.8558
   7       -2.8540
   8       -2.8228
   9       -2.7964
  10       -2.7902
  11       -2.7803
  12       -2.7751
  13       -2.7688
  14       -2.7557
  15       -2.7381
  16       -2.7301
  17       -2.7272
  18       -2.7145
  19       -2.6919
  20       -2.6527
  21       -2.6368
  22       -2.6179
  23       -2.5757
  24       -2.5718
  25       -2.5489
  26       -2.5248
  27       -2.5197
  28       -2.4744
  29       -2.4712
  30       -2.4582
  31       -2.4433
  32       -2.3616
  33       -2.3459
  34       -2.3248
  35       -2.3200
  36       -2.3177
  37       -2.2436
  38       -2.2174
  39       -2.2077
  40       -2.2042
  41       -2.1945
  42       -2.1515
  43       -2.1493
  44       -2.1424
  45       -2.1050
  46       -2.0885
  47       -2.0827
  48       -2.0789
  49       -2.0424
  50       -2.0424
  51       -2.0293
  52       -1.9689
  53       -1.9355
  54       -1.9333
  55       -1.9032
  56       -1.8844
  57       -1.8823
  58       -1.8579
  59       -1.8403
  60       -1.8398
  61       -1.7791
  62       -1.7742
  63       -1.7524
  64       -1.7113
  65       -1.7019
  66       -1.6881
  67       -1.6864
  68       -1.6692
  69       -1.6590
  70       -1.6577
  71       -1.6213
  72       -1.6106
  73       -1.5994
  74       -1.5669
  75       -1.5566
  76       -1.5457
  77       -1.5287
  78       -1.5213
  79       -1.5183
  80       -1.5142
  81       -1.5078
  82       -1.5075
  83       -1.4906
  84       -1.4741
  85       -1.4561
  86       -1.4474
  87       -1.4268
  88       -1.4229
  89       -1.4195
  90       -1.3922
  91       -1.3580
  92       -1.3399
  93       -1.1642
  94       -1.1561
  95       -1.1550
  96       -1.1367
  97       -1.0311
  98       -1.0111
  99       -1.0060
 100       -1.0005
 101       -1.0004
 102       -0.9655
 103       -0.9366
 104       -0.9352
 105       -0.9121
 106       -0.9109
 107       -0.9031
 108       -0.8929
 109       -0.8741
 110       -0.8568
 111       -0.8388
 112       -0.8242
 113       -0.8110
 114       -0.7857
 115       -0.7790
 116       -0.7603
 117       -0.7515
 118       -0.7152
 119       -0.7011
 120       -0.6958
 121       -0.6925
 122       -0.6614
 123       -0.6469
 124       -0.6361
 125       -0.6337
 126       -0.6171
 127       -0.5976
 128       -0.5512
 129       -0.5361
 130       -0.5170
 131       -0.4783
 132       -0.4594
 133       -0.4327
 134       -0.4323
 135       -0.4152
 136       -0.4009
 137       -0.3864
 138       -0.3449
 139       -0.3433
 140       -0.3062
 141       -0.2975
 142       -0.2901
 143       -0.2884
 144       -0.2728
 145       -0.2520
 146       -0.2520
 147       -0.2502
 148       -0.2493
 149       -0.2114
 150       -0.1848
 151       -0.1705
 152       -0.1651
 153       -0.1605
 154       -0.1602
 155       -0.1546
 156       -0.1502
 157       -0.1448
 158       -0.1439
 159       -0.0859
 160        0.0547
 161        0.0569
 162        0.0581
 163        0.0594
 164        0.1023
 165        0.1105
 166        0.4469
 167        0.5521
 168        0.9285
 169        1.0618
 170        1.2896
 171        1.3574
 172        1.4788
 173        1.7670
 174        1.9092
 175        2.0137
 176        2.5931
 177        3.1198
 178        3.1909
 179        3.6663
 180        3.6811
 181        3.9236
 182        4.5325
 183        4.7857
 184        4.9852
 185        5.1202
 186        5.4130
 187        5.4919
 188        5.7128
 189        5.7247
 190        5.9956
 191        6.2677
 192        6.5687
 193        6.6397
 194        7.0936
 195        7.2980
 196        7.8251
 197        7.8394
 198        8.0942
 199        8.1869
 200        8.1876
 201        8.4109
 202        8.5153
 203        8.7705
 204        8.7743
 205        8.9967
 206        9.3042
 207        9.3209
 208        9.6354
 209       10.0343
 210       10.0894
 211       10.2025
 212       10.4043
 
  0.3125000E+00  0.3125000E+00  0.6250000E-01  0.4687500E-01
   1       -3.8768
   2       -3.1103
   3       -3.1103
   4       -2.9539
   5       -2.9315
   6       -2.9045
   7       -2.9010
   8       -2.9010
   9       -2.8181
  10       -2.8181
  11       -2.8115
  12       -2.8115
  13       -2.7372
  14       -2.6490
  15       -2.6471
  16       -2.6471
  17       -2.6318
  18       -2.6318
  19       -2.6298
  20       -2.6298
  21       -2.5912
  22       -2.5882
  23       -2.5877
  24       -2.5877
  25       -2.5647
  26       -2.5647
  27       -2.5332
  28       -2.5332
  29       -2.4924
  30       -2.4393
  31       -2.4393
  32       -2.4251
  33       -2.4251
  34       -2.4192
  35       -2.4192
  36       -2.3178
  37       -2.3178
  38       -2.3081
  39       -2.3081
  40       -2.3045
  41       -2.3045
  42       -2.1562
  43       -2.1562
  44       -2.1479
  45       -2.1479
  46       -2.0998
  47       -2.0214
  48       -2.0214
  49       -2.0128
  50       -2.0128
  51       -2.0071
  52       -2.0034
  53       -2.0034
  54       -1.9855
  55       -1.9464
  56       -1.8598
  57       -1.8598
  58       -1.7888
  59       -1.7540
  60       -1.7540
  61       -1.7359
  62       -1.7058
  63       -1.7058
  64       -1.6885
  65       -1.6885
  66       -1.6754
  67       -1.6420
  68       -1.6420
  69       -1.5767
  70       -1.5677
  71       -1.5378
  72       -1.5315
  73       -1.5212
  74       -1.5212
  75       -1.4929
  76       -1.4877
  77       -1.4619
  78       -1.4619
  79       -1.4552
  80       -1.4552
  81       -1.4509
  82       -1.4226
  83       -1.4091
  84       -1.4091
  85       -1.4073
  86       -1.4073
  87       -1.3386
  88       -1.3386
  89       -1.3351
  90       -1.3351
  91       -1.3001
  92       -1.3001
  93       -1.2645
  94       -1.2645
  95       -1.2294
  96       -1.2294
  97       -1.2175
  98       -1.1980
  99       -1.1888
 100       -1.1888
 101       -1.1147
 102       -1.1147
 103       -1.0849
 104       -1.0788
 105       -1.0788
 106       -1.0545
 107       -0.9700
 108       -0.9700
 109       -0.9287
 110       -0.9287
 111       -0.8682
 112       -0.8348
 113       -0.8338
 114       -0.8338
 115       -0.7475
 116       -0.7475
 117       -0.7308
 118       -0.7119
 119       -0.6536
 120       -0.6536
 121       -0.6204
 122       -0.6204
 123       -0.5717
 124       -0.5326
 125       -0.5326
 126       -0.5323
 127       -0.5323
 128       -0.5158
 129       -0.5158
 130       -0.5127
 131       -0.5127
 132       -0.4858
 133       -0.4858
 134       -0.4719
 135       -0.4356
 136       -0.4356
 137       -0.3855
 138       -0.3855
 139       -0.3490
 140       -0.3250
 141       -0.3162
 142       -0.2702
 143       -0.2702
 144       -0.2681
 145       -0.2681
 146       -0.2641
 147       -0.2641
 148       -0.2534
 149       -0.1881
 150       -0.1881
 151       -0.1554
 152       -0.1209
 153       -0.0968
 154       -0.0968
 155       -0.0897
 156       -0.0846
 157       -0.0846
 158       -0.0325
 159       -0.0325
 160       -0.0302
 161       -0.0302
 162       -0.0145
 163       -0.0145
 164        0.0179
 165        0.0997
 166        0.3713
 167        0.8262
 168        0.8262
 169        1.1481
 170        1.3306
 171        1.3306
 172        1.3857
 173        1.3857
 174        1.8449
 175        2.6257
 176        2.6257
 177        3.7545
 178        3.7545
 179        3.7989
 180        3.7989
 181        3.8160
 182        3.8160
 183        4.3741
 184        4.3741
 185        5.1551
 186        5.1551
 187        5.5845
 188        5.6338
 189        6.3076
 190        6.3076
 191        6.4504
 192        6.4504
 193        7.1248
 194        7.1248
 195        7.2202
 196        7.2202
 197        7.6724
 198        7.6724
 199        8.1287
 200        8.1313
 201        8.1313
 202        8.2329
 203        8.2329
 204        8.4413
 205        8.7163
 206        9.2878
 207        9.7975
 208        9.8117
 209       10.3502
 210       10.4516
 211       10.5942
 212       10.8152
 
  0.4375000E+00  0.3125000E+00  0.6250000E-01  0.9375000E-01
   1       -3.6681
   2       -3.4056
   3       -2.9574
   4       -2.8858
   5       -2.8592
   6       -2.8300
   7       -2.8199
   8       -2.7971
   9       -2.7836
  10       -2.7765
  11       -2.7577
  12       -2.7534
  13       -2.7259
  14       -2.7241
  15       -2.7140
  16       -2.7058
  17       -2.7005
  18       -2.6704
  19       -2.6673
  20       -2.6610
  21       -2.6600
  22       -2.6139
  23       -2.6083
  24       -2.6040
  25       -2.6010
  26       -2.5794
  27       -2.5756
  28       -2.5723
  29       -2.5623
  30       -2.5418
  31       -2.4701
  32       -2.4506
  33       -2.4498
  34       -2.4345
  35       -2.3843
  36       -2.3714
  37       -2.3665
  38       -2.3513
  39       -2.3274
  40       -2.3053
  41       -2.2851
  42       -2.2752
  43       -2.2014
  44       -2.1839
  45       -2.1456
  46       -2.1086
  47       -2.0801
  48       -2.0719
  49       -1.9987
  50       -1.9841
  51       -1.9738
  52       -1.9684
  53       -1.9296
  54       -1.9232
  55       -1.9212
  56       -1.9153
  57       -1.8428
  58       -1.8229
  59       -1.7705
  60       -1.7460
  61       -1.7396
  62       -1.6715
  63       -1.6707
  64       -1.6389
  65       -1.6197
  66       -1.5995
  67       -1.5817
  68       -1.5664
  69       -1.5661
  70       -1.5395
  71       -1.5239
  72       -1.5205
  73       -1.5071
  74       -1.4869
  75       -1.4857
  76       -1.4833
  77       -1.4648
  78       -1.4543
  79       -1.4510
  80       -1.4459
  81       -1.4395
  82       -1.4371
  83       -1.4331
  84       -1.4155
  85       -1.4016
  86       -1.3728
  87       -1.3652
  88       -1.3611
  89       -1.2909
  90       -1.2867
  91       -1.2826
  92       -1.2761
  93       -1.2640
  94       -1.2500
  95       -1.2494
  96       -1.2339
  97       -1.1760
  98       -1.1643
  99       -1.1441
 100       -1.1279
 101       -1.1183
 102       -1.0880
 103       -1.0489
 104       -1.0174
 105       -1.0162
 106       -0.9903
 107       -0.9549
 108       -0.9517
 109       -0.9514
 110       -0.9435
 111       -0.9398
 112       -0.9367
 113       -0.9191
 114       -0.9136
 115       -0.9043
 116       -0.8151
 117       -0.7922
 118       -0.7582
 119       -0.7538
 120       -0.6899
 121       -0.6848
 122       -0.6792
 123       -0.6289
 124       -0.6124
 125       -0.5755
 126       -0.5713
 127       -0.5376
 128       -0.5307
 129       -0.5095
 130       -0.4509
 131       -0.4040
 132       -0.4017
 133       -0.3929
 134       -0.3759
 135       -0.3718
 136       -0.3629
 137       -0.3595
 138       -0.3253
 139       -0.3111
 140       -0.2889
 141       -0.2828
 142       -0.2562
 143       -0.2442
 144       -0.2394
 145       -0.2388
 146       -0.2245
 147       -0.1934
 148       -0.1899
 149       -0.1885
 150       -0.1831
 151       -0.1828
 152       -0.1637
 153       -0.1495
 154       -0.1370
 155       -0.1351
 156       -0.1316
 157       -0.1299
 158       -0.1280
 159       -0.1235
 160       -0.1033
 161       -0.0266
 162       -0.0253
 163       -0.0215
 164       -0.0104
 165        0.1254
 166        0.4479
 167        0.6383
 168        0.8478
 169        0.9353
 170        0.9825
 171        1.4653
 172        1.6106
 173        1.7215
 174        2.0833
 175        2.1556
 176        2.9054
 177        3.4064
 178        3.8846
 179        3.9231
 180        4.1658
 181        4.2433
 182        4.2575
 183        4.3946
 184        4.6267
 185        4.6396
 186        5.1792
 187        5.5197
 188        6.0097
 189        6.0179
 190        6.3922
 191        6.4070
 192        6.5394
 193        6.7032
 194        6.8837
 195        6.9830
 196        7.2371
 197        7.2726
 198        7.3803
 199        7.4694
 200        7.4914
 201        7.8154
 202        7.9304
 203        8.7744
 204        8.8697
 205        9.2236
 206        9.4722
 207        9.6967
 208        9.7109
 209        9.9045
 210        9.9742
 211       10.2433
 212       10.8973
 
  0.4375000E+00  0.4375000E+00  0.6250000E-01  0.4687500E-01
   1       -3.4726
   2       -3.2290
   3       -3.2290
   4       -3.0126
   5       -2.8406
   6       -2.8047
   7       -2.7800
   8       -2.7655
   9       -2.7655
  10       -2.7249
  11       -2.7204
  12       -2.7204
  13       -2.7179
  14       -2.7179
  15       -2.7039
  16       -2.7039
  17       -2.6646
  18       -2.6552
  19       -2.6494
  20       -2.6494
  21       -2.6302
  22       -2.6302
  23       -2.6035
  24       -2.6035
  25       -2.5921
  26       -2.5921
  27       -2.5591
  28       -2.5591
  29       -2.5168
  30       -2.5168
  31       -2.5117
  32       -2.5117
  33       -2.4907
  34       -2.4907
  35       -2.4869
  36       -2.4862
  37       -2.4862
  38       -2.4223
  39       -2.4223
  40       -2.3934
  41       -2.3934
  42       -2.3445
  43       -2.3445
  44       -2.2063
  45       -2.1240
  46       -2.1240
  47       -2.0537
  48       -2.0537
  49       -2.0503
  50       -2.0503
  51       -1.9889
  52       -1.9889
  53       -1.9416
  54       -1.9222
  55       -1.9222
  56       -1.8682
  57       -1.7776
  58       -1.7296
  59       -1.7282
  60       -1.7282
  61       -1.6564
  62       -1.6418
  63       -1.6418
  64       -1.6286
  65       -1.5577
  66       -1.5077
  67       -1.4681
  68       -1.4658
  69       -1.4553
  70       -1.4300
  71       -1.4300
  72       -1.4238
  73       -1.4186
  74       -1.4186
  75       -1.4156
  76       -1.4156
  77       -1.4154
  78       -1.4154
  79       -1.4003
  80       -1.3944
  81       -1.3944
  82       -1.3449
  83       -1.3353
  84       -1.3353
  85       -1.3343
  86       -1.3132
  87       -1.3132
  88       -1.3065
  89       -1.3065
  90       -1.2882
  91       -1.2882
  92       -1.2727
  93       -1.2727
  94       -1.2572
  95       -1.2572
  96       -1.2464
  97       -1.1947
  98       -1.1867
  99       -1.1867
 100       -1.1624
 101       -1.1364
 102       -1.1364
 103       -1.1146
 104       -1.1146
 105       -1.1059
 106       -1.1059
 107       -1.0665
 108       -1.0665
 109       -1.0644
 110       -1.0513
 111       -1.0513
 112       -1.0182
 113       -1.0182
 114       -1.0161
 115       -0.9754
 116       -0.9754
 117       -0.9441
 118       -0.9050
 119       -0.9050
 120       -0.8446
 121       -0.6658
 122       -0.6236
 123       -0.5807
 124       -0.5807
 125       -0.5185
 126       -0.5185
 127       -0.4855
 128       -0.4667
 129       -0.4667
 130       -0.4137
 131       -0.4137
 132       -0.3940
 133       -0.3940
 134       -0.3673
 135       -0.3109
 136       -0.3109
 137       -0.2931
 138       -0.2931
 139       -0.2775
 140       -0.2686
 141       -0.2686
 142       -0.2298
 143       -0.2298
 144       -0.2118
 145       -0.1864
 146       -0.1864
 147       -0.1863
 148       -0.1830
 149       -0.1460
 150       -0.1460
 151       -0.1426
 152       -0.1426
 153       -0.1408
 154       -0.1408
 155       -0.1278
 156       -0.1278
 157       -0.1278
 158       -0.1260
 159       -0.1260
 160       -0.1202
 161       -0.1202
 162       -0.1123
 163       -0.1123
 164       -0.0707
 165        0.2373
 166        0.4913
 167        0.4913
 168        0.6412
 169        0.8174
 170        1.0981
 171        1.0981
 172        1.3037
 173        2.4782
 174        2.4782
 175        2.9234
 176        2.9234
 177        3.3052
 178        3.3052
 179        3.7616
 180        3.7616
 181        4.6289
 182        4.6289
 183        4.7059
 184        4.7059
 185        5.0966
 186        5.0966
 187        5.5260
 188        5.5260
 189        6.4249
 190        6.4747
 191        6.4747
 192        6.6167
 193        6.6167
 194        6.7577
 195        6.7577
 196        6.9199
 197        6.9199
 198        7.0010
 199        7.0010
 200        7.1489
 201        7.4023
 202        7.9631
 203        7.9631
 204        8.6928
 205        9.6263
 206        9.6772
 207        9.7433
 208        9.7591
 209        9.8976
 210       10.3944
 211       10.9943
 212       11.1940
 
  0.1875000E+00  0.1875000E+00  0.1875000E+00  0.1562500E-01
   1       -4.0956
   2       -3.0363
   3       -3.0047
   4       -3.0047
   5       -3.0047
   6       -2.9445
   7       -2.9445
   8       -2.9445
   9       -2.8891
  10       -2.8891
  11       -2.8891
  12       -2.8809
  13       -2.8809
  14       -2.8809
  15       -2.6135
  16       -2.6135
  17       -2.6135
  18       -2.4975
  19       -2.4975
  20       -2.4975
  21       -2.4774
  22       -2.4774
  23       -2.4774
  24       -2.4774
  25       -2.4774
  26       -2.4774
  27       -2.4615
  28       -2.4615
  29       -2.4615
  30       -2.3840
  31       -2.3840
  32       -2.3840
  33       -2.3388
  34       -2.3388
  35       -2.3388
  36       -2.3388
  37       -2.3388
  38       -2.3388
  39       -2.2254
  40       -2.2254
  41       -2.2254
  42       -2.2254
  43       -2.2254
  44       -2.2254
  45       -2.1288
  46       -2.1288
  47       -2.1288
  48       -1.9131
  49       -1.9131
  50       -1.9131
  51       -1.9113
  52       -1.9113
  53       -1.9113
  54       -1.9113
  55       -1.9113
  56       -1.9113
  57       -1.7894
  58       -1.7894
  59       -1.7894
  60       -1.7744
  61       -1.7744
  62       -1.7744
  63       -1.7288
  64       -1.6643
  65       -1.6643
  66       -1.6643
  67       -1.6643
  68       -1.6643
  69       -1.6643
  70       -1.6550
  71       -1.6550
  72       -1.6157
  73       -1.6157
  74       -1.5766
  75       -1.5766
  76       -1.5766
  77       -1.5227
  78       -1.5227
  79       -1.5227
  80       -1.5227
  81       -1.5227
  82       -1.5227
  83       -1.4621
  84       -1.4621
  85       -1.4621
  86       -1.4198
  87       -1.4198
  88       -1.4198
  89       -1.3645
  90       -1.3645
  91       -1.3645
  92       -1.2830
  93       -1.2830
  94       -1.2830
  95       -1.2081
  96       -1.2081
  97       -1.2081
  98       -1.0569
  99       -1.0569
 100       -1.0569
 101       -0.9939
 102       -0.9939
 103       -0.9939
 104       -0.9939
 105       -0.9939
 106       -0.9939
 107       -0.9905
 108       -0.9905
 109       -0.9905
 110       -0.8372
 111       -0.8372
 112       -0.8372
 113       -0.7899
 114       -0.7899
 115       -0.7896
 116       -0.7896
 117       -0.7896
 118       -0.7401
 119       -0.7401
 120       -0.7401
 121       -0.6866
 122       -0.6866
 123       -0.6866
 124       -0.6866
 125       -0.6866
 126       -0.6866
 127       -0.5016
 128       -0.5016
 129       -0.5016
 130       -0.4985
 131       -0.4985
 132       -0.4985
 133       -0.4702
 134       -0.4702
 135       -0.4702
 136       -0.4702
 137       -0.4702
 138       -0.4702
 139       -0.4077
 140       -0.4077
 141       -0.4077
 142       -0.2479
 143       -0.2479
 144       -0.2479
 145       -0.2181
 146       -0.2181
 147       -0.2181
 148       -0.1838
 149       -0.1838
 150       -0.1838
 151       -0.1829
 152       -0.1829
 153       -0.0595
 154       -0.0595
 155       -0.0595
 156        0.0185
 157        0.0185
 158        0.0185
 159        0.0185
 160        0.0185
 161        0.0185
 162        0.0577
 163        0.0577
 164        0.0577
 165        0.5007
 166        0.5007
 167        0.5007
 168        0.7972
 169        0.7972
 170        0.7972
 171        1.2875
 172        2.4532
 173        2.4532
 174        2.4532
 175        2.4532
 176        2.4532
 177        2.4532
 178        3.0499
 179        3.0499
 180        3.0499
 181        4.2378
 182        4.2378
 183        4.2378
 184        4.3915
 185        4.3915
 186        4.3915
 187        6.4946
 188        6.4946
 189        6.4946
 190        6.7309
 191        6.7309
 192        6.7309
 193        6.7309
 194        6.7309
 195        6.7309
 196        7.9864
 197        8.5467
 198        8.5467
 199        8.5467
 200        8.5467
 201        8.5467
 202        8.5469
 203        8.5635
 204        8.5635
 205        8.5636
 206        9.9124
 207        9.9312
 208       10.1167
 209       10.3126
 210       10.3331
 211       10.3714
 212       10.5304
 
  0.3125000E+00  0.1875000E+00  0.1875000E+00  0.4687500E-01
   1       -3.9497
   2       -3.1719
   3       -2.9996
   4       -2.9490
   5       -2.9462
   6       -2.9462
   7       -2.8809
   8       -2.8809
   9       -2.8544
  10       -2.8426
  11       -2.8158
  12       -2.8158
  13       -2.8063
  14       -2.8063
  15       -2.6926
  16       -2.6743
  17       -2.6097
  18       -2.6097
  19       -2.5895
  20       -2.5895
  21       -2.5737
  22       -2.5680
  23       -2.5680
  24       -2.5126
  25       -2.5126
  26       -2.4855
  27       -2.4738
  28       -2.4738
  29       -2.4230
  30       -2.4230
  31       -2.4228
  32       -2.4228
  33       -2.4036
  34       -2.4036
  35       -2.3916
  36       -2.3916
  37       -2.3543
  38       -2.3543
  39       -2.3130
  40       -2.3130
  41       -2.2096
  42       -2.2096
  43       -2.1691
  44       -2.1691
  45       -2.0641
  46       -2.0641
  47       -2.0181
  48       -2.0124
  49       -2.0124
  50       -1.9473
  51       -1.9373
  52       -1.9373
  53       -1.9067
  54       -1.9067
  55       -1.8870
  56       -1.8870
  57       -1.8305
  58       -1.8035
  59       -1.8035
  60       -1.7979
  61       -1.7979
  62       -1.7635
  63       -1.7239
  64       -1.7239
  65       -1.6940
  66       -1.6940
  67       -1.6831
  68       -1.6393
  69       -1.6283
  70       -1.5780
  71       -1.5752
  72       -1.5752
  73       -1.5732
  74       -1.5167
  75       -1.5167
  76       -1.5158
  77       -1.5158
  78       -1.5010
  79       -1.4882
  80       -1.4882
  81       -1.4792
  82       -1.4792
  83       -1.4499
  84       -1.4499
  85       -1.4397
  86       -1.4397
  87       -1.3998
  88       -1.3817
  89       -1.3258
  90       -1.2730
  91       -1.2730
  92       -1.2640
  93       -1.2463
  94       -1.2463
  95       -1.2351
  96       -1.2351
  97       -1.1925
  98       -1.1860
  99       -1.1860
 100       -1.1725
 101       -1.1143
 102       -1.1143
 103       -0.9784
 104       -0.9784
 105       -0.9364
 106       -0.9363
 107       -0.8983
 108       -0.8848
 109       -0.8848
 110       -0.8481
 111       -0.8481
 112       -0.8369
 113       -0.8368
 114       -0.8368
 115       -0.7830
 116       -0.7575
 117       -0.7339
 118       -0.7339
 119       -0.6971
 120       -0.6971
 121       -0.6862
 122       -0.6782
 123       -0.6782
 124       -0.6778
 125       -0.6778
 126       -0.6754
 127       -0.6445
 128       -0.5801
 129       -0.5790
 130       -0.5790
 131       -0.4164
 132       -0.4164
 133       -0.4103
 134       -0.4103
 135       -0.4019
 136       -0.4019
 137       -0.3449
 138       -0.3449
 139       -0.3297
 140       -0.3297
 141       -0.3246
 142       -0.3246
 143       -0.3078
 144       -0.2873
 145       -0.2814
 146       -0.2804
 147       -0.2743
 148       -0.2653
 149       -0.2653
 150       -0.2389
 151       -0.2389
 152       -0.1674
 153       -0.0818
 154       -0.0689
 155       -0.0689
 156       -0.0492
 157       -0.0492
 158       -0.0469
 159       -0.0469
 160        0.0212
 161        0.0216
 162        0.0216
 163        0.0465
 164        0.0465
 165        0.4078
 166        0.4078
 167        0.7756
 168        0.7756
 169        0.7783
 170        0.9415
 171        1.1669
 172        1.9674
 173        1.9674
 174        2.5177
 175        2.5177
 176        2.8997
 177        2.8997
 178        3.1802
 179        3.1802
 180        3.6027
 181        3.6606
 182        4.2849
 183        4.7058
 184        4.7058
 185        4.9614
 186        4.9614
 187        5.7910
 188        5.7910
 189        6.1593
 190        6.1593
 191        6.2810
 192        6.9185
 193        6.9185
 194        6.9968
 195        6.9968
 196        7.5937
 197        7.5937
 198        7.6258
 199        8.0761
 200        8.0761
 201        8.6666
 202        8.7447
 203        8.7452
 204        9.1651
 205        9.1677
 206        9.3417
 207        9.3450
 208        9.8230
 209        9.8435
 210        9.9488
 211       10.3222
 212       10.7381
 
  0.4375000E+00  0.1875000E+00  0.1875000E+00  0.4687500E-01
   1       -3.7379
   2       -3.4713
   3       -2.9272
   4       -2.8726
   5       -2.8582
   6       -2.8582
   7       -2.8186
   8       -2.7865
   9       -2.7865
  10       -2.7839
  11       -2.7729
  12       -2.7434
  13       -2.7434
  14       -2.7413
  15       -2.7337
  16       -2.7337
  17       -2.6902
  18       -2.6902
  19       -2.6812
  20       -2.6631
  21       -2.6631
  22       -2.6479
  23       -2.6479
  24       -2.6134
  25       -2.5488
  26       -2.5488
  27       -2.5427
  28       -2.5427
  29       -2.4776
  30       -2.4776
  31       -2.4659
  32       -2.4659
  33       -2.4499
  34       -2.4499
  35       -2.3588
  36       -2.3588
  37       -2.3161
  38       -2.3161
  39       -2.2150
  40       -2.2150
  41       -2.1783
  42       -2.1783
  43       -2.1128
  44       -2.1128
  45       -2.0915
  46       -2.0915
  47       -2.0551
  48       -2.0551
  49       -2.0061
  50       -2.0061
  51       -1.9712
  52       -1.9712
  53       -1.9298
  54       -1.9161
  55       -1.8856
  56       -1.8699
  57       -1.8699
  58       -1.8581
  59       -1.8581
  60       -1.8289
  61       -1.8271
  62       -1.8271
  63       -1.6777
  64       -1.6777
  65       -1.6472
  66       -1.6362
  67       -1.6326
  68       -1.6326
  69       -1.5887
  70       -1.5887
  71       -1.5756
  72       -1.5210
  73       -1.5210
  74       -1.5105
  75       -1.5101
  76       -1.5087
  77       -1.5087
  78       -1.5017
  79       -1.5017
  80       -1.5007
  81       -1.5007
  82       -1.4986
  83       -1.4357
  84       -1.4357
  85       -1.4332
  86       -1.4271
  87       -1.4049
  88       -1.3981
  89       -1.3981
  90       -1.3612
  91       -1.3612
  92       -1.2930
  93       -1.2613
  94       -1.2613
  95       -1.2508
  96       -1.2508
  97       -1.0901
  98       -1.0901
  99       -1.0633
 100       -0.9550
 101       -0.9550
 102       -0.9329
 103       -0.8944
 104       -0.8944
 105       -0.8937
 106       -0.8894
 107       -0.8894
 108       -0.8885
 109       -0.8885
 110       -0.8670
 111       -0.8655
 112       -0.8639
 113       -0.8639
 114       -0.8032
 115       -0.8032
 116       -0.7935
 117       -0.7935
 118       -0.7920
 119       -0.7920
 120       -0.7303
 121       -0.7303
 122       -0.7203
 123       -0.7203
 124       -0.7105
 125       -0.6661
 126       -0.6661
 127       -0.6506
 128       -0.5880
 129       -0.5388
 130       -0.5296
 131       -0.5074
 132       -0.4596
 133       -0.4596
 134       -0.4177
 135       -0.4019
 136       -0.3858
 137       -0.3506
 138       -0.3506
 139       -0.3460
 140       -0.3460
 141       -0.2800
 142       -0.2800
 143       -0.2333
 144       -0.2333
 145       -0.2306
 146       -0.2306
 147       -0.2120
 148       -0.2086
 149       -0.2086
 150       -0.1950
 151       -0.1950
 152       -0.1358
 153       -0.1358
 154       -0.1341
 155       -0.1333
 156       -0.1333
 157       -0.1190
 158       -0.1190
 159       -0.0940
 160       -0.0302
 161        0.0269
 162        0.0269
 163        0.0353
 164        0.0353
 165        0.0804
 166        0.0804
 167        0.7653
 168        0.7932
 169        1.1258
 170        1.1258
 171        1.5255
 172        1.5255
 173        1.9283
 174        2.6159
 175        2.6159
 176        2.7464
 177        2.7464
 178        2.7543
 179        3.9868
 180        3.9868
 181        4.1060
 182        4.2839
 183        4.8628
 184        4.8628
 185        5.1259
 186        5.1259
 187        5.6186
 188        5.6186
 189        5.7523
 190        5.7523
 191        6.3661
 192        6.5935
 193        6.5935
 194        6.8466
 195        7.2920
 196        7.2920
 197        7.6440
 198        7.6440
 199        7.6634
 200        7.6634
 201        8.4535
 202        8.4535
 203        9.0291
 204        9.0308
 205        9.3909
 206        9.4042
 207        9.4277
 208        9.7274
 209        9.7491
 210        9.9813
 211       10.2462
 212       10.5296
 
  0.3125000E+00  0.3125000E+00  0.1875000E+00  0.4687500E-01
   1       -3.8105
   2       -3.0813
   3       -3.0813
   4       -2.9795
   5       -2.9069
   6       -2.8942
   7       -2.8942
   8       -2.8358
   9       -2.8040
  10       -2.7923
  11       -2.7923
  12       -2.7576
  13       -2.7576
  14       -2.7185
  15       -2.7185
  16       -2.7115
  17       -2.6862
  18       -2.6611
  19       -2.6611
  20       -2.6131
  21       -2.6131
  22       -2.6085
  23       -2.5626
  24       -2.5626
  25       -2.5458
  26       -2.5458
  27       -2.5023
  28       -2.4848
  29       -2.4848
  30       -2.4721
  31       -2.4721
  32       -2.4614
  33       -2.4614
  34       -2.4414
  35       -2.4414
  36       -2.4174
  37       -2.4174
  38       -2.3516
  39       -2.3516
  40       -2.2991
  41       -2.2991
  42       -2.2211
  43       -2.1626
  44       -2.1626
  45       -2.0555
  46       -2.0555
  47       -1.9832
  48       -1.9832
  49       -1.9796
  50       -1.9796
  51       -1.9731
  52       -1.9723
  53       -1.9723
  54       -1.9395
  55       -1.8640
  56       -1.8640
  57       -1.8592
  58       -1.8592
  59       -1.8168
  60       -1.8047
  61       -1.7748
  62       -1.6509
  63       -1.6509
  64       -1.6452
  65       -1.6452
  66       -1.6266
  67       -1.5967
  68       -1.5572
  69       -1.5470
  70       -1.5470
  71       -1.5416
  72       -1.5306
  73       -1.5306
  74       -1.4992
  75       -1.4992
  76       -1.4794
  77       -1.4628
  78       -1.4325
  79       -1.4325
  80       -1.4314
  81       -1.4296
  82       -1.4216
  83       -1.4216
  84       -1.4161
  85       -1.4161
  86       -1.3409
  87       -1.3409
  88       -1.3328
  89       -1.3328
  90       -1.3318
  91       -1.3318
  92       -1.3262
  93       -1.2973
  94       -1.2912
  95       -1.2912
  96       -1.2754
  97       -1.2666
  98       -1.2666
  99       -1.0916
 100       -1.0916
 101       -1.0875
 102       -1.0875
 103       -1.0241
 104       -1.0241
 105       -0.9998
 106       -0.9998
 107       -0.9612
 108       -0.9219
 109       -0.9106
 110       -0.8521
 111       -0.8434
 112       -0.8434
 113       -0.8428
 114       -0.8395
 115       -0.8395
 116       -0.8124
 117       -0.8124
 118       -0.7759
 119       -0.7759
 120       -0.7539
 121       -0.6899
 122       -0.6899
 123       -0.6854
 124       -0.6854
 125       -0.6419
 126       -0.6419
 127       -0.5897
 128       -0.5897
 129       -0.5349
 130       -0.5349
 131       -0.5218
 132       -0.5119
 133       -0.5119
 134       -0.4926
 135       -0.4488
 136       -0.4406
 137       -0.3686
 138       -0.3236
 139       -0.3236
 140       -0.2988
 141       -0.2988
 142       -0.2670
 143       -0.2669
 144       -0.2669
 145       -0.2470
 146       -0.2399
 147       -0.2399
 148       -0.2334
 149       -0.2334
 150       -0.1667
 151       -0.1530
 152       -0.1530
 153       -0.0748
 154       -0.0748
 155       -0.0697
 156       -0.0697
 157       -0.0528
 158       -0.0403
 159       -0.0403
 160       -0.0371
 161       -0.0371
 162        0.0170
 163        0.0170
 164        0.0226
 165        0.0742
 166        0.3745
 167        0.3745
 168        0.5212
 169        0.9743
 170        1.4492
 171        1.4492
 172        2.0458
 173        2.0458
 174        2.6038
 175        2.6822
 176        2.6822
 177        3.2728
 178        3.2728
 179        3.6545
 180        3.6545
 181        3.9005
 182        3.9005
 183        4.9926
 184        4.9926
 185        4.9966
 186        5.2559
 187        5.2559
 188        5.6663
 189        5.9534
 190        5.9534
 191        6.3765
 192        6.3765
 193        6.6189
 194        6.6189
 195        7.1783
 196        7.1783
 197        7.5838
 198        7.6058
 199        7.7850
 200        7.7850
 201        8.2340
 202        8.2340
 203        8.8509
 204        8.8510
 205        9.3672
 206        9.3843
 207        9.3848
 208        9.9623
 209       10.0319
 210       10.1140
 211       10.5422
 212       10.7489
 
  0.4375000E+00  0.3125000E+00  0.1875000E+00  0.9375000E-01
   1       -3.6096
   2       -3.3591
   3       -2.9592
   4       -2.9264
   5       -2.8393
   6       -2.8372
   7       -2.8240
   8       -2.8216
   9       -2.8095
  10       -2.7840
  11       -2.7643
  12       -2.7553
  13       -2.7435
  14       -2.7379
  15       -2.7049
  16       -2.6971
  17       -2.6885
  18       -2.6837
  19       -2.6671
  20       -2.6406
  21       -2.6033
  22       -2.6021
  23       -2.5977
  24       -2.5938
  25       -2.5877
  26       -2.5862
  27       -2.5802
  28       -2.5797
  29       -2.5610
  30       -2.5188
  31       -2.5061
  32       -2.5009
  33       -2.4769
  34       -2.4613
  35       -2.4543
  36       -2.4455
  37       -2.4256
  38       -2.4183
  39       -2.3412
  40       -2.2843
  41       -2.1930
  42       -2.1875
  43       -2.1846
  44       -2.1352
  45       -2.1002
  46       -2.0727
  47       -2.0705
  48       -2.0705
  49       -2.0343
  50       -1.9700
  51       -1.9457
  52       -1.9269
  53       -1.9255
  54       -1.9120
  55       -1.9042
  56       -1.8871
  57       -1.8536
  58       -1.8352
  59       -1.8177
  60       -1.8174
  61       -1.7763
  62       -1.6512
  63       -1.6134
  64       -1.6127
  65       -1.5530
  66       -1.5459
  67       -1.5382
  68       -1.5293
  69       -1.5287
  70       -1.5189
  71       -1.5059
  72       -1.4951
  73       -1.4925
  74       -1.4895
  75       -1.4718
  76       -1.4672
  77       -1.4472
  78       -1.4445
  79       -1.4408
  80       -1.4376
  81       -1.4311
  82       -1.4101
  83       -1.4040
  84       -1.3886
  85       -1.3721
  86       -1.3613
  87       -1.3548
  88       -1.3460
  89       -1.3457
  90       -1.3411
  91       -1.3372
  92       -1.3306
  93       -1.3298
  94       -1.3037
  95       -1.2422
  96       -1.2142
  97       -1.1800
  98       -1.1678
  99       -1.1225
 100       -1.0603
 101       -1.0601
 102       -1.0519
 103       -1.0247
 104       -1.0223
 105       -1.0074
 106       -1.0037
 107       -1.0011
 108       -0.9894
 109       -0.9284
 110       -0.9075
 111       -0.9031
 112       -0.8822
 113       -0.8786
 114       -0.8592
 115       -0.8422
 116       -0.8220
 117       -0.8175
 118       -0.7796
 119       -0.7572
 120       -0.7421
 121       -0.7275
 122       -0.7188
 123       -0.7057
 124       -0.7040
 125       -0.6888
 126       -0.6526
 127       -0.6296
 128       -0.6291
 129       -0.6171
 130       -0.5478
 131       -0.5404
 132       -0.5361
 133       -0.5171
 134       -0.4799
 135       -0.4492
 136       -0.4215
 137       -0.3984
 138       -0.3882
 139       -0.3500
 140       -0.2393
 141       -0.2386
 142       -0.2030
 143       -0.1996
 144       -0.1946
 145       -0.1911
 146       -0.1841
 147       -0.1729
 148       -0.1625
 149       -0.1618
 150       -0.1611
 151       -0.1501
 152       -0.1449
 153       -0.1169
 154       -0.1160
 155       -0.1128
 156       -0.1115
 157       -0.1019
 158       -0.0892
 159       -0.0818
 160       -0.0774
 161       -0.0254
 162       -0.0250
 163       -0.0218
 164       -0.0031
 165       -0.0019
 166        0.0409
 167        0.3391
 168        0.3457
 169        1.2657
 170        1.6274
 171        1.8105
 172        2.1738
 173        2.2143
 174        2.2250
 175        2.3590
 176        3.0441
 177        3.4007
 178        3.4797
 179        3.5427
 180        4.1045
 181        4.2942
 182        4.3452
 183        4.3719
 184        4.7529
 185        4.8638
 186        5.0031
 187        5.3908
 188        5.7105
 189        5.8588
 190        6.0870
 191        6.4078
 192        6.4080
 193        6.5500
 194        6.6540
 195        6.8487
 196        6.9930
 197        7.1685
 198        7.2100
 199        7.3727
 200        7.9714
 201        8.0648
 202        8.3245
 203        8.4231
 204        8.9115
 205        9.1355
 206        9.5721
 207        9.6868
 208       10.0566
 209       10.1562
 210       10.4316
 211       10.5002
 212       10.6354
 
  0.4375000E+00  0.4375000E+00  0.1875000E+00  0.4687500E-01
   1       -3.4265
   2       -3.2022
   3       -3.2022
   4       -3.0157
   5       -2.8980
   6       -2.8407
   7       -2.8407
   8       -2.8219
   9       -2.7866
  10       -2.7453
  11       -2.7453
  12       -2.7228
  13       -2.7062
  14       -2.7062
  15       -2.6735
  16       -2.6735
  17       -2.6615
  18       -2.6615
  19       -2.6471
  20       -2.6418
  21       -2.6380
  22       -2.6380
  23       -2.6171
  24       -2.6171
  25       -2.5758
  26       -2.5758
  27       -2.5642
  28       -2.5642
  29       -2.5355
  30       -2.5355
  31       -2.5283
  32       -2.5283
  33       -2.4802
  34       -2.4802
  35       -2.4622
  36       -2.4622
  37       -2.4609
  38       -2.4250
  39       -2.4250
  40       -2.3214
  41       -2.3214
  42       -2.3206
  43       -2.3206
  44       -2.1892
  45       -2.0809
  46       -2.0809
  47       -2.0253
  48       -2.0253
  49       -2.0229
  50       -2.0229
  51       -1.9741
  52       -1.9741
  53       -1.9340
  54       -1.8585
  55       -1.8585
  56       -1.8476
  57       -1.8476
  58       -1.8458
  59       -1.8243
  60       -1.8187
  61       -1.5988
  62       -1.5884
  63       -1.5884
  64       -1.5827
  65       -1.5086
  66       -1.4960
  67       -1.4783
  68       -1.4646
  69       -1.4552
  70       -1.4552
  71       -1.4381
  72       -1.4381
  73       -1.4273
  74       -1.4225
  75       -1.4225
  76       -1.4221
  77       -1.4221
  78       -1.4220
  79       -1.4085
  80       -1.4085
  81       -1.4035
  82       -1.3937
  83       -1.3666
  84       -1.3666
  85       -1.3290
  86       -1.3290
  87       -1.3142
  88       -1.2965
  89       -1.2965
  90       -1.2550
  91       -1.2550
  92       -1.2512
  93       -1.2512
  94       -1.2332
  95       -1.2100
  96       -1.2000
  97       -1.2000
  98       -1.1895
  99       -1.1895
 100       -1.1422
 101       -1.1348
 102       -1.1348
 103       -1.0993
 104       -1.0993
 105       -1.0844
 106       -1.0844
 107       -1.0780
 108       -1.0780
 109       -1.0648
 110       -1.0648
 111       -0.9717
 112       -0.9717
 113       -0.9575
 114       -0.9383
 115       -0.9206
 116       -0.9206
 117       -0.9143
 118       -0.9143
 119       -0.9009
 120       -0.8855
 121       -0.7363
 122       -0.6466
 123       -0.6395
 124       -0.6395
 125       -0.6331
 126       -0.6331
 127       -0.5820
 128       -0.5820
 129       -0.5490
 130       -0.5428
 131       -0.5428
 132       -0.5371
 133       -0.5371
 134       -0.4673
 135       -0.4673
 136       -0.4341
 137       -0.4341
 138       -0.3941
 139       -0.3845
 140       -0.3156
 141       -0.2334
 142       -0.1540
 143       -0.1540
 144       -0.1442
 145       -0.1224
 146       -0.1224
 147       -0.1124
 148       -0.1124
 149       -0.1087
 150       -0.1087
 151       -0.1076
 152       -0.1076
 153       -0.1056
 154       -0.1056
 155       -0.1054
 156       -0.0920
 157       -0.0920
 158       -0.0852
 159       -0.0852
 160       -0.0830
 161       -0.0830
 162       -0.0676
 163       -0.0494
 164       -0.0494
 165       -0.0458
 166        0.0030
 167        0.0030
 168        0.0619
 169        1.4905
 170        1.7964
 171        1.7964
 172        2.0403
 173        2.5840
 174        2.5840
 175        3.0104
 176        3.0104
 177        3.4231
 178        3.4231
 179        3.8625
 180        3.8625
 181        4.2544
 182        4.2544
 183        4.3828
 184        4.3828
 185        5.1639
 186        5.1639
 187        5.2022
 188        5.2022
 189        5.7545
 190        6.1895
 191        6.1895
 192        6.5613
 193        6.6278
 194        6.6278
 195        6.8438
 196        6.8438
 197        7.2168
 198        7.2168
 199        7.2975
 200        7.5555
 201        7.5555
 202        8.0659
 203        8.0659
 204        8.8236
 205        9.0667
 206        9.8900
 207        9.9445
 208       10.4091
 209       10.4947
 210       10.5927
 211       10.6961
 212       10.7274
 
  0.3125000E+00  0.3125000E+00  0.3125000E+00  0.1562500E-01
   1       -3.6814
   2       -3.0277
   3       -3.0277
   4       -3.0277
   5       -2.9782
   6       -2.8609
   7       -2.8609
   8       -2.8609
   9       -2.7970
  10       -2.7970
  11       -2.7970
  12       -2.7538
  13       -2.7538
  14       -2.7538
  15       -2.6631
  16       -2.6631
  17       -2.6631
  18       -2.6593
  19       -2.6593
  20       -2.6593
  21       -2.5819
  22       -2.5819
  23       -2.5819
  24       -2.5819
  25       -2.5819
  26       -2.5819
  27       -2.5319
  28       -2.5319
  29       -2.5319
  30       -2.5254
  31       -2.5254
  32       -2.5254
  33       -2.5254
  34       -2.5254
  35       -2.5254
  36       -2.3522
  37       -2.3522
  38       -2.3522
  39       -2.2589
  40       -2.2589
  41       -2.2589
  42       -2.2589
  43       -2.2589
  44       -2.2589
  45       -1.9934
  46       -1.9934
  47       -1.9934
  48       -1.9827
  49       -1.9827
  50       -1.9827
  51       -1.9827
  52       -1.9827
  53       -1.9827
  54       -1.8772
  55       -1.8772
  56       -1.8772
  57       -1.8757
  58       -1.8757
  59       -1.8757
  60       -1.7622
  61       -1.6322
  62       -1.6322
  63       -1.6322
  64       -1.5909
  65       -1.5909
  66       -1.5349
  67       -1.5349
  68       -1.5272
  69       -1.5272
  70       -1.5272
  71       -1.5272
  72       -1.5272
  73       -1.5272
  74       -1.4446
  75       -1.4446
  76       -1.4446
  77       -1.4246
  78       -1.4246
  79       -1.4246
  80       -1.3810
  81       -1.3810
  82       -1.3810
  83       -1.3729
  84       -1.3729
  85       -1.3729
  86       -1.3412
  87       -1.3412
  88       -1.3412
  89       -1.3303
  90       -1.3303
  91       -1.3303
  92       -1.3303
  93       -1.3303
  94       -1.3303
  95       -1.3209
  96       -1.3209
  97       -1.3209
  98       -1.0960
  99       -1.0960
 100       -1.0960
 101       -1.0237
 102       -1.0237
 103       -1.0237
 104       -0.9872
 105       -0.9872
 106       -0.9872
 107       -0.9755
 108       -0.9755
 109       -0.9755
 110       -0.9755
 111       -0.9755
 112       -0.9755
 113       -0.8308
 114       -0.8308
 115       -0.8308
 116       -0.7941
 117       -0.7941
 118       -0.7768
 119       -0.7768
 120       -0.7768
 121       -0.7338
 122       -0.7338
 123       -0.7338
 124       -0.6897
 125       -0.6897
 126       -0.6897
 127       -0.6897
 128       -0.6897
 129       -0.6897
 130       -0.6177
 131       -0.6177
 132       -0.6177
 133       -0.5481
 134       -0.5481
 135       -0.5481
 136       -0.4588
 137       -0.4588
 138       -0.4588
 139       -0.3601
 140       -0.3601
 141       -0.1895
 142       -0.1895
 143       -0.1895
 144       -0.1790
 145       -0.1790
 146       -0.1790
 147       -0.1790
 148       -0.1790
 149       -0.1790
 150       -0.0931
 151       -0.0931
 152       -0.0931
 153       -0.0553
 154       -0.0553
 155       -0.0553
 156       -0.0553
 157       -0.0553
 158       -0.0553
 159       -0.0462
 160       -0.0462
 161       -0.0462
 162        0.0018
 163        0.0203
 164        0.0203
 165        0.0203
 166        0.0246
 167        0.0246
 168        0.0246
 169        1.6751
 170        1.6751
 171        1.6751
 172        2.7947
 173        2.7947
 174        2.7947
 175        2.7947
 176        2.7947
 177        2.7947
 178        3.4170
 179        3.4170
 180        3.4170
 181        4.1710
 182        4.1710
 183        4.1710
 184        5.4454
 185        5.4454
 186        5.4454
 187        5.4454
 188        5.4454
 189        5.4454
 190        5.6050
 191        5.6050
 192        5.6050
 193        6.8049
 194        6.8049
 195        6.8049
 196        7.1545
 197        7.1545
 198        7.1545
 199        8.4326
 200        8.4326
 201        8.4326
 202        8.4326
 203        8.4326
 204        8.4327
 205        9.5256
 206        9.5256
 207        9.5257
 208        9.5257
 209        9.5273
 210        9.5475
 211       10.1066
 212       10.5884
 
  0.4375000E+00  0.3125000E+00  0.3125000E+00  0.4687500E-01
   1       -3.4970
   2       -3.2713
   3       -2.9574
   4       -2.9574
   5       -2.9476
   6       -2.8869
   7       -2.8783
   8       -2.8783
   9       -2.7998
  10       -2.7969
  11       -2.7969
  12       -2.7311
  13       -2.7028
  14       -2.7028
  15       -2.6961
  16       -2.6961
  17       -2.6675
  18       -2.6376
  19       -2.6376
  20       -2.6195
  21       -2.6195
  22       -2.5892
  23       -2.5892
  24       -2.5889
  25       -2.5835
  26       -2.5835
  27       -2.5801
  28       -2.5665
  29       -2.5665
  30       -2.5494
  31       -2.5494
  32       -2.5345
  33       -2.5345
  34       -2.5278
  35       -2.5278
  36       -2.4757
  37       -2.3947
  38       -2.3947
  39       -2.2140
  40       -2.2140
  41       -2.1927
  42       -2.1927
  43       -2.1562
  44       -2.1562
  45       -2.0988
  46       -2.0988
  47       -2.0760
  48       -2.0760
  49       -2.0595
  50       -2.0595
  51       -1.9825
  52       -1.9393
  53       -1.9327
  54       -1.9327
  55       -1.8981
  56       -1.8981
  57       -1.8186
  58       -1.7755
  59       -1.7516
  60       -1.7516
  61       -1.6526
  62       -1.6526
  63       -1.5708
  64       -1.5701
  65       -1.5595
  66       -1.5034
  67       -1.4992
  68       -1.4992
  69       -1.4755
  70       -1.4755
  71       -1.4593
  72       -1.4593
  73       -1.4522
  74       -1.4483
  75       -1.4355
  76       -1.4355
  77       -1.4309
  78       -1.4309
  79       -1.4062
  80       -1.4062
  81       -1.4051
  82       -1.4051
  83       -1.4019
  84       -1.4019
  85       -1.3753
  86       -1.3753
  87       -1.3371
  88       -1.3371
  89       -1.3311
  90       -1.3311
  91       -1.2992
  92       -1.2992
  93       -1.2658
  94       -1.2643
  95       -1.2643
  96       -1.2335
  97       -1.1467
  98       -1.1412
  99       -1.1412
 100       -1.1172
 101       -1.1172
 102       -1.1148
 103       -1.0884
 104       -1.0884
 105       -1.0230
 106       -0.9354
 107       -0.9354
 108       -0.9275
 109       -0.9275
 110       -0.9157
 111       -0.8960
 112       -0.8960
 113       -0.8643
 114       -0.8643
 115       -0.8378
 116       -0.8378
 117       -0.8364
 118       -0.8348
 119       -0.8102
 120       -0.8102
 121       -0.7656
 122       -0.7656
 123       -0.7651
 124       -0.7651
 125       -0.7522
 126       -0.7256
 127       -0.7167
 128       -0.7167
 129       -0.6991
 130       -0.6420
 131       -0.6307
 132       -0.6226
 133       -0.6039
 134       -0.6039
 135       -0.5725
 136       -0.5313
 137       -0.5313
 138       -0.4899
 139       -0.4489
 140       -0.4489
 141       -0.2446
 142       -0.2446
 143       -0.1350
 144       -0.1350
 145       -0.1241
 146       -0.1241
 147       -0.1201
 148       -0.1193
 149       -0.1184
 150       -0.1184
 151       -0.0944
 152       -0.0944
 153       -0.0890
 154       -0.0890
 155       -0.0882
 156       -0.0882
 157       -0.0795
 158       -0.0795
 159       -0.0694
 160       -0.0508
 161       -0.0508
 162       -0.0456
 163       -0.0361
 164       -0.0280
 165       -0.0280
 166        0.0009
 167        0.0009
 168        0.0019
 169        1.9871
 170        1.9871
 171        2.3645
 172        2.3645
 173        2.4574
 174        2.9610
 175        2.9610
 176        3.1739
 177        3.1739
 178        3.3004
 179        3.6207
 180        3.6207
 181        4.2666
 182        4.5109
 183        4.5109
 184        4.5356
 185        4.5356
 186        4.9673
 187        4.9673
 188        5.0878
 189        5.6939
 190        5.6939
 191        5.8889
 192        5.8889
 193        6.5857
 194        6.7929
 195        6.8804
 196        6.8804
 197        7.5622
 198        7.5622
 199        7.8410
 200        7.8410
 201        8.6386
 202        8.6387
 203        8.7202
 204        8.7202
 205        9.0876
 206        9.0879
 207        9.1284
 208        9.1294
 209        9.8588
 210        9.9027
 211       10.2740
 212       11.0184
 
  0.4375000E+00  0.4375000E+00  0.3125000E+00  0.4687500E-01
   1       -3.3394
   2       -3.1521
   3       -3.1521
   4       -3.0158
   5       -2.9468
   6       -2.9464
   7       -2.9231
   8       -2.9231
   9       -2.7544
  10       -2.7448
  11       -2.7448
  12       -2.6887
  13       -2.6887
  14       -2.6827
  15       -2.6827
  16       -2.6761
  17       -2.6602
  18       -2.6602
  19       -2.6494
  20       -2.6413
  21       -2.6413
  22       -2.6366
  23       -2.6347
  24       -2.6347
  25       -2.6193
  26       -2.6193
  27       -2.5896
  28       -2.5896
  29       -2.5882
  30       -2.5882
  31       -2.5771
  32       -2.5771
  33       -2.4530
  34       -2.4530
  35       -2.4076
  36       -2.3446
  37       -2.3446
  38       -2.3155
  39       -2.3155
  40       -2.2734
  41       -2.2734
  42       -2.2080
  43       -2.2080
  44       -2.1525
  45       -2.1027
  46       -2.1027
  47       -2.0836
  48       -2.0279
  49       -2.0279
  50       -2.0260
  51       -2.0260
  52       -1.9775
  53       -1.9775
  54       -1.9720
  55       -1.9720
  56       -1.9171
  57       -1.7389
  58       -1.7334
  59       -1.7334
  60       -1.6706
  61       -1.5778
  62       -1.5545
  63       -1.5506
  64       -1.5506
  65       -1.5279
  66       -1.4899
  67       -1.4868
  68       -1.4868
  69       -1.4807
  70       -1.4579
  71       -1.4579
  72       -1.4529
  73       -1.4519
  74       -1.4519
  75       -1.4511
  76       -1.4290
  77       -1.4260
  78       -1.3749
  79       -1.3749
  80       -1.3663
  81       -1.3663
  82       -1.3584
  83       -1.3584
  84       -1.3168
  85       -1.3168
  86       -1.3107
  87       -1.2995
  88       -1.2995
  89       -1.2702
  90       -1.2570
  91       -1.2570
  92       -1.2353
  93       -1.2207
  94       -1.2207
  95       -1.2106
  96       -1.1983
  97       -1.1983
  98       -1.1492
  99       -1.1492
 100       -1.1444
 101       -1.1444
 102       -1.1108
 103       -1.1108
 104       -1.0913
 105       -1.0913
 106       -1.0447
 107       -1.0447
 108       -1.0251
 109       -1.0188
 110       -1.0188
 111       -0.9647
 112       -0.9647
 113       -0.9625
 114       -0.9117
 115       -0.9117
 116       -0.8900
 117       -0.8455
 118       -0.8242
 119       -0.8239
 120       -0.8155
 121       -0.8155
 122       -0.8109
 123       -0.8109
 124       -0.7648
 125       -0.7648
 126       -0.7359
 127       -0.7359
 128       -0.6969
 129       -0.6969
 130       -0.6866
 131       -0.6514
 132       -0.6400
 133       -0.6400
 134       -0.6052
 135       -0.6052
 136       -0.5854
 137       -0.5854
 138       -0.5635
 139       -0.4988
 140       -0.4453
 141       -0.4346
 142       -0.3975
 143       -0.3218
 144       -0.3218
 145       -0.0907
 146       -0.0840
 147       -0.0840
 148       -0.0713
 149       -0.0713
 150       -0.0689
 151       -0.0689
 152       -0.0687
 153       -0.0687
 154       -0.0556
 155       -0.0556
 156       -0.0539
 157       -0.0539
 158       -0.0520
 159       -0.0520
 160       -0.0486
 161       -0.0411
 162       -0.0411
 163       -0.0380
 164       -0.0380
 165       -0.0339
 166       -0.0186
 167       -0.0087
 168       -0.0087
 169        2.2449
 170        2.5731
 171        2.5731
 172        2.7864
 173        2.7864
 174        2.8459
 175        3.1789
 176        3.1789
 177        3.6455
 178        3.6455
 179        3.8177
 180        3.8177
 181        4.0483
 182        4.0483
 183        4.0547
 184        4.0547
 185        4.7340
 186        4.7340
 187        4.8664
 188        4.9696
 189        4.9696
 190        5.2616
 191        5.2616
 192        5.6031
 193        7.0905
 194        7.0905
 195        7.4254
 196        7.4254
 197        7.4863
 198        7.8437
 199        7.8437
 200        8.2055
 201        8.2056
 202        8.2670
 203        8.2672
 204        8.5681
 205        9.0432
 206        9.3765
 207        9.3876
 208        9.4341
 209        9.4535
 210        9.8234
 211        9.9579
 212       10.5063
 
  0.4375000E+00  0.4375000E+00  0.4375000E+00  0.1562500E-01
   1       -3.2210
   2       -3.0847
   3       -3.0847
   4       -3.0847
   5       -3.0063
   6       -3.0063
   7       -3.0063
   8       -2.9836
   9       -2.7152
  10       -2.7152
  11       -2.7152
  12       -2.6772
  13       -2.6772
  14       -2.6772
  15       -2.6581
  16       -2.6581
  17       -2.6581
  18       -2.6581
  19       -2.6581
  20       -2.6581
  21       -2.6455
  22       -2.6455
  23       -2.6455
  24       -2.6418
  25       -2.6418
  26       -2.6418
  27       -2.6418
  28       -2.6418
  29       -2.6418
  30       -2.6334
  31       -2.6334
  32       -2.6334
  33       -2.3259
  34       -2.3259
  35       -2.3259
  36       -2.2165
  37       -2.2165
  38       -2.2165
  39       -2.1989
  40       -2.1989
  41       -2.1989
  42       -2.1989
  43       -2.1989
  44       -2.1989
  45       -2.0984
  46       -2.0984
  47       -2.0984
  48       -2.0984
  49       -2.0984
  50       -2.0984
  51       -2.0934
  52       -2.0934
  53       -2.0934
  54       -2.0127
  55       -2.0127
  56       -2.0127
  57       -1.6281
  58       -1.5706
  59       -1.5706
  60       -1.5706
  61       -1.5245
  62       -1.5245
  63       -1.5245
  64       -1.5235
  65       -1.5235
  66       -1.4969
  67       -1.4969
  68       -1.4969
  69       -1.4935
  70       -1.4935
  71       -1.4823
  72       -1.4823
  73       -1.4823
  74       -1.4564
  75       -1.4564
  76       -1.4564
  77       -1.3244
  78       -1.3244
  79       -1.3244
  80       -1.2991
  81       -1.2991
  82       -1.2991
  83       -1.2991
  84       -1.2991
  85       -1.2991
  86       -1.2766
  87       -1.2766
  88       -1.2766
  89       -1.2612
  90       -1.2612
  91       -1.2612
  92       -1.2204
  93       -1.2204
  94       -1.2204
  95       -1.2204
  96       -1.2204
  97       -1.2204
  98       -1.1876
  99       -1.1876
 100       -1.1876
 101       -1.0936
 102       -1.0936
 103       -1.0936
 104       -1.0670
 105       -1.0670
 106       -1.0670
 107       -1.0427
 108       -0.9724
 109       -0.9724
 110       -0.9724
 111       -0.9724
 112       -0.9724
 113       -0.9724
 114       -0.9691
 115       -0.9691
 116       -0.9691
 117       -0.8998
 118       -0.8998
 119       -0.8998
 120       -0.8509
 121       -0.8509
 122       -0.8509
 123       -0.8509
 124       -0.8509
 125       -0.8509
 126       -0.7725
 127       -0.7725
 128       -0.7725
 129       -0.7256
 130       -0.7256
 131       -0.7149
 132       -0.7149
 133       -0.7149
 134       -0.6953
 135       -0.6953
 136       -0.6953
 137       -0.6146
 138       -0.6146
 139       -0.6146
 140       -0.5631
 141       -0.5631
 142       -0.5131
 143       -0.5131
 144       -0.5131
 145       -0.0484
 146       -0.0484
 147       -0.0484
 148       -0.0306
 149       -0.0306
 150       -0.0306
 151       -0.0306
 152       -0.0306
 153       -0.0306
 154       -0.0304
 155       -0.0304
 156       -0.0304
 157       -0.0304
 158       -0.0304
 159       -0.0304
 160       -0.0279
 161       -0.0279
 162       -0.0279
 163       -0.0152
 164       -0.0152
 165       -0.0152
 166       -0.0059
 167       -0.0059
 168       -0.0059
 169        3.0700
 170        3.0700
 171        3.0700
 172        3.4185
 173        3.4185
 174        3.4185
 175        3.4185
 176        3.4185
 177        3.4185
 178        3.7149
 179        3.7149
 180        3.7149
 181        3.9518
 182        3.9518
 183        3.9518
 184        4.3212
 185        4.3212
 186        4.3212
 187        4.3212
 188        4.3212
 189        4.3212
 190        4.6392
 191        4.6392
 192        4.6392
 193        7.7688
 194        7.7688
 195        7.7689
 196        8.1323
 197        8.1327
 198        8.1337
 199        8.5587
 200        8.5587
 201        8.5588
 202        8.5608
 203        8.5623
 204        8.5915
 205        8.9315
 206        8.9315
 207        8.9332
 208        8.9416
 209        8.9745
 210        9.0773
 211        9.3925
 212        9.5388
