   32   32    1    1
  0.1865664E+02  0.8420305E-09  0.8420305E-09  0.8420305E-09  0.5000000E-15
  1.000000000000000E-004
  CAR 
 No title                                
  352    1  212
 
  0.2500000E+00  0.2500000E+00  0.2500000E+00  0.1000000E+01
   1       -3.7981
   2       -2.6301
   3       -2.6269
   4       -2.6238
   5       -1.9492
   6       -1.8603
   7       -1.8580
   8       -1.8557
   9       -1.5657
  10       -1.5654
  11       -1.5651
  12       -1.4185
  13       -1.4182
  14       -1.4181
  15       -1.3410
  16       -1.3388
  17       -1.3364
  18       -1.1317
  19       -1.1311
  20       -1.1305
  21       -0.9949
  22       -0.9939
  23       -0.9915
  24       -0.9915
  25       -0.9891
  26       -0.9882
  27       -0.8932
  28       -0.8909
  29       -0.8886
  30       -0.8463
  31       -0.8444
  32       -0.8433
  33       -0.8432
  34       -0.8422
  35       -0.8403
  36       -0.7190
  37       -0.7177
  38       -0.7164
  39       -0.4574
  40       -0.4558
  41       -0.4546
  42       -0.4546
  43       -0.4534
  44       -0.4519
  45       -0.1392
  46       -0.1374
  47       -0.1357
  48       -0.0801
  49       -0.0782
  50       -0.0764
  51       -0.0060
  52       -0.0039
  53       -0.0029
  54       -0.0029
  55       -0.0020
  56        0.0002
  57        0.1311
  58        0.1336
  59        0.1356
  60        0.1668
  61        0.1673
  62        0.1683
  63        0.1692
  64        0.1692
  65        0.1697
  66        0.1710
  67        0.1719
  68        0.1724
  69        0.2621
  70        0.4561
  71        0.4563
  72        0.5295
  73        0.5297
  74        0.5672
  75        0.5687
  76        0.5707
  77        0.5878
  78        0.5879
  79        0.5902
  80        0.5903
  81        0.5925
  82        0.5930
  83        0.6431
  84        0.6432
  85        0.6435
  86        0.6467
  87        0.6478
  88        0.6492
  89        0.7297
  90        0.7306
  91        0.7315
  92        0.8212
  93        0.8213
  94        0.8219
  95        0.8421
  96        0.8447
  97        0.8477
  98        0.9002
  99        0.9014
 100        0.9023
 101        1.2529
 102        1.2556
 103        1.2580
 104        1.2923
 105        1.2926
 106        1.2949
 107        1.2949
 108        1.2972
 109        1.2975
 110        1.4798
 111        1.4815
 112        1.4831
 113        1.5030
 114        1.5053
 115        1.5078
 116        1.5937
 117        1.5974
 118        1.5990
 119        1.6011
 120        1.6028
 121        1.6066
 122        1.6345
 123        1.6346
 124        1.7637
 125        1.7658
 126        1.7666
 127        1.7667
 128        1.7673
 129        1.7695
 130        1.8783
 131        2.0301
 132        2.0306
 133        2.0335
 134        2.0351
 135        2.0354
 136        2.0368
 137        2.2994
 138        2.3017
 139        2.3024
 140        2.3024
 141        2.3026
 142        2.3051
 143        2.3108
 144        2.3110
 145        2.3113
 146        2.3637
 147        2.3643
 148        2.3649
 149        2.4067
 150        2.4068
 151        2.5613
 152        2.5615
 153        2.5618
 154        2.7297
 155        2.7297
 156        2.7301
 157        2.7521
 158        2.7532
 159        2.7538
 160        2.7539
 161        2.7545
 162        2.7554
 163        2.7777
 164        2.7791
 165        2.7805
 166        2.8629
 167        2.8632
 168        2.8635
 169        2.8671
 170        2.8686
 171        2.8701
 172        4.4459
 173        4.4467
 174        4.4481
 175        4.4482
 176        4.4496
 177        4.4503
 178        5.0222
 179        5.0229
 180        5.0234
 181        5.7770
 182        5.7784
 183        5.7797
 184        6.3991
 185        6.3996
 186        6.4000
 187        7.5301
 188        7.5320
 189        7.5328
 190        7.5329
 191        7.5337
 192        7.5357
 193        7.9468
 194        7.9483
 195        7.9498
 196        9.1780
 197        9.1796
 198        9.1811
 199        9.5926
 200        9.5930
 201        9.5956
 202        9.5956
 203        9.5982
 204        9.5985
 205       10.4781
 206       10.8344
 207       10.8345
 208       10.8345
 209       11.2694
 210       11.2710
 211       11.2720
 212       11.2731
