        4  number of thermod.function
       71  number of points of thermod.function
   Total    
         0.0010        0.1258722E+02
         1.0000        0.1258722E+02
         2.0000        0.1258720E+02
         3.0000        0.1258714E+02
         4.0000        0.1258698E+02
         5.0000        0.1258667E+02
        10.0000        0.1257914E+02
        15.0000        0.1254279E+02
        20.0000        0.1244641E+02
        30.0000        0.1199020E+02
        40.0000        0.1113058E+02
        50.0000        0.9867584E+01
        60.0000        0.8228340E+01
        70.0000        0.6245914E+01
        80.0000        0.3952020E+01
        90.0000        0.1374952E+01
       100.0000       -0.1460662E+01
       125.0000       -0.9548153E+01
       150.0000       -0.1886361E+02
       175.0000       -0.2921865E+02
       200.0000       -0.4047323E+02
       225.0000       -0.5251974E+02
       250.0000       -0.6527315E+02
       273.0000       -0.7757129E+02
       275.0000       -0.7866470E+02
       298.0000       -0.9149957E+02
       300.0000       -0.9263763E+02
       350.0000       -0.1221446E+03
       400.0000       -0.1534908E+03
       450.0000       -0.1864478E+03
       500.0000       -0.2208376E+03
       550.0000       -0.2565175E+03
       600.0000       -0.2933706E+03
       650.0000       -0.3312994E+03
       700.0000       -0.3702214E+03
       750.0000       -0.4100657E+03
       800.0000       -0.4507711E+03
       850.0000       -0.4922838E+03
       900.0000       -0.5345564E+03
       950.0000       -0.5775464E+03
      1000.0000       -0.6212166E+03
      1050.0000       -0.6655326E+03
      1100.0000       -0.7104640E+03
      1150.0000       -0.7559826E+03
      1200.0000       -0.8020631E+03
      1250.0000       -0.8486821E+03
      1300.0000       -0.8958179E+03
      1350.0000       -0.9434506E+03
      1400.0000       -0.9915620E+03
      1450.0000       -0.1040135E+04
      1500.0000       -0.1089154E+04
      1550.0000       -0.1138603E+04
      1600.0000       -0.1188469E+04
      1650.0000       -0.1238739E+04
      1700.0000       -0.1289401E+04
      1750.0000       -0.1340443E+04
      1800.0000       -0.1391854E+04
      1850.0000       -0.1443624E+04
      1900.0000       -0.1495743E+04
      1950.0000       -0.1548203E+04
      2000.0000       -0.1600994E+04
      2100.0000       -0.1707537E+04
      2200.0000       -0.1815312E+04
      2300.0000       -0.1924261E+04
      2400.0000       -0.2034335E+04
      2500.0000       -0.2145486E+04
      2600.0000       -0.2257672E+04
      2700.0000       -0.2370852E+04
      2800.0000       -0.2484989E+04
      2900.0000       -0.2600050E+04
      3000.0000       -0.2716002E+04
       71  number of points of thermod.function
   1Au__:X/D
         0.0010        0.4181541E+01
         1.0000        0.4181541E+01
         2.0000        0.4181539E+01
         3.0000        0.4181520E+01
         4.0000        0.4181470E+01
         5.0000        0.4181370E+01
        10.0000        0.4178880E+01
        15.0000        0.4166774E+01
        20.0000        0.4134605E+01
        30.0000        0.3982125E+01
        40.0000        0.3694680E+01
        50.0000        0.3272388E+01
        60.0000        0.2724419E+01
        70.0000        0.2061874E+01
        80.0000        0.1295380E+01
        90.0000        0.4344055E+00
       100.0000       -0.5128179E+00
       125.0000       -0.3213889E+01
       150.0000       -0.6324455E+01
       175.0000       -0.9781650E+01
       200.0000       -0.1353875E+02
       225.0000       -0.1755988E+02
       250.0000       -0.2181668E+02
       273.0000       -0.2592128E+02
       275.0000       -0.2628621E+02
       298.0000       -0.3056974E+02
       300.0000       -0.3094955E+02
       350.0000       -0.4079664E+02
       400.0000       -0.5125683E+02
       450.0000       -0.6225399E+02
       500.0000       -0.7372876E+02
       550.0000       -0.8563357E+02
       600.0000       -0.9792943E+02
       650.0000       -0.1105839E+03
       700.0000       -0.1235694E+03
       750.0000       -0.1368624E+03
       800.0000       -0.1504424E+03
       850.0000       -0.1642915E+03
       900.0000       -0.1783939E+03
       950.0000       -0.1927355E+03
      1000.0000       -0.2073037E+03
      1050.0000       -0.2220873E+03
      1100.0000       -0.2370760E+03
      1150.0000       -0.2522604E+03
      1200.0000       -0.2676322E+03
      1250.0000       -0.2831833E+03
      1300.0000       -0.2989068E+03
      1350.0000       -0.3147960E+03
      1400.0000       -0.3308446E+03
      1450.0000       -0.3470472E+03
      1500.0000       -0.3633983E+03
      1550.0000       -0.3798929E+03
      1600.0000       -0.3965266E+03
      1650.0000       -0.4132948E+03
      1700.0000       -0.4301936E+03
      1750.0000       -0.4472191E+03
      1800.0000       -0.4643677E+03
      1850.0000       -0.4816360E+03
      1900.0000       -0.4990207E+03
      1950.0000       -0.5165187E+03
      2000.0000       -0.5341273E+03
      2100.0000       -0.5696649E+03
      2200.0000       -0.6056128E+03
      2300.0000       -0.6419525E+03
      2400.0000       -0.6786669E+03
      2500.0000       -0.7157405E+03
      2600.0000       -0.7531588E+03
      2700.0000       -0.7909085E+03
      2800.0000       -0.8289775E+03
      2900.0000       -0.8673543E+03
      3000.0000       -0.9060283E+03
       71  number of points of thermod.function
   1Au__:Y/D
         0.0010        0.4207164E+01
         1.0000        0.4207164E+01
         2.0000        0.4207160E+01
         3.0000        0.4207140E+01
         4.0000        0.4207090E+01
         5.0000        0.4206992E+01
        10.0000        0.4204519E+01
        15.0000        0.4192459E+01
        20.0000        0.4160443E+01
        30.0000        0.4008885E+01
        40.0000        0.3723252E+01
        50.0000        0.3303459E+01
        60.0000        0.2758460E+01
        70.0000        0.2099209E+01
        80.0000        0.1336235E+01
        90.0000        0.4789421E+00
       100.0000       -0.4644808E+00
       125.0000       -0.3155701E+01
       150.0000       -0.6256106E+01
       175.0000       -0.9702957E+01
       200.0000       -0.1344960E+02
       225.0000       -0.1746019E+02
       250.0000       -0.2170639E+02
       273.0000       -0.2580120E+02
       275.0000       -0.2616528E+02
       298.0000       -0.3043900E+02
       300.0000       -0.3081795E+02
       350.0000       -0.4064364E+02
       400.0000       -0.5108237E+02
       450.0000       -0.6205803E+02
       500.0000       -0.7351125E+02
       550.0000       -0.8539452E+02
       600.0000       -0.9766882E+02
       650.0000       -0.1103017E+03
       700.0000       -0.1232656E+03
       750.0000       -0.1365370E+03
       800.0000       -0.1500954E+03
       850.0000       -0.1639229E+03
       900.0000       -0.1780037E+03
       950.0000       -0.1923236E+03
      1000.0000       -0.2068703E+03
      1050.0000       -0.2216323E+03
      1100.0000       -0.2365993E+03
      1150.0000       -0.2517621E+03
      1200.0000       -0.2671122E+03
      1250.0000       -0.2826418E+03
      1300.0000       -0.2983436E+03
      1350.0000       -0.3142111E+03
      1400.0000       -0.3302382E+03
      1450.0000       -0.3464191E+03
      1500.0000       -0.3627485E+03
      1550.0000       -0.3792216E+03
      1600.0000       -0.3958336E+03
      1650.0000       -0.4125801E+03
      1700.0000       -0.4294574E+03
      1750.0000       -0.4464612E+03
      1800.0000       -0.4635882E+03
      1850.0000       -0.4808348E+03
      1900.0000       -0.4981978E+03
      1950.0000       -0.5156743E+03
      2000.0000       -0.5332612E+03
      2100.0000       -0.5687554E+03
      2200.0000       -0.6046600E+03
      2300.0000       -0.6409564E+03
      2400.0000       -0.6776276E+03
      2500.0000       -0.7146580E+03
      2600.0000       -0.7520328E+03
      2700.0000       -0.7897394E+03
      2800.0000       -0.8277650E+03
      2900.0000       -0.8660986E+03
      3000.0000       -0.9047292E+03
       71  number of points of thermod.function
   1Au__:Z/D
         0.0010        0.4198511E+01
         1.0000        0.4198511E+01
         2.0000        0.4198506E+01
         3.0000        0.4198481E+01
         4.0000        0.4198420E+01
         5.0000        0.4198305E+01
        10.0000        0.4195743E+01
        15.0000        0.4183558E+01
        20.0000        0.4151355E+01
        30.0000        0.3999188E+01
        40.0000        0.3712652E+01
        50.0000        0.3291736E+01
        60.0000        0.2745462E+01
        70.0000        0.2084831E+01
        80.0000        0.1320404E+01
        90.0000        0.4616045E+00
       100.0000       -0.4833637E+00
       125.0000       -0.3178563E+01
       150.0000       -0.6283050E+01
       175.0000       -0.9734040E+01
       200.0000       -0.1348487E+02
       225.0000       -0.1749966E+02
       250.0000       -0.2175009E+02
       273.0000       -0.2584880E+02
       275.0000       -0.2621321E+02
       298.0000       -0.3049084E+02
       300.0000       -0.3087014E+02
       350.0000       -0.4070435E+02
       400.0000       -0.5115162E+02
       450.0000       -0.6213583E+02
       500.0000       -0.7359762E+02
       550.0000       -0.8548944E+02
       600.0000       -0.9777235E+02
       650.0000       -0.1104138E+03
       700.0000       -0.1233863E+03
       750.0000       -0.1366663E+03
       800.0000       -0.1502333E+03
       850.0000       -0.1640694E+03
       900.0000       -0.1781587E+03
       950.0000       -0.1924873E+03
      1000.0000       -0.2070425E+03
      1050.0000       -0.2218131E+03
      1100.0000       -0.2367887E+03
      1150.0000       -0.2519601E+03
      1200.0000       -0.2673188E+03
      1250.0000       -0.2828570E+03
      1300.0000       -0.2985674E+03
      1350.0000       -0.3144435E+03
      1400.0000       -0.3304792E+03
      1450.0000       -0.3466687E+03
      1500.0000       -0.3630067E+03
      1550.0000       -0.3794883E+03
      1600.0000       -0.3961089E+03
      1650.0000       -0.4128641E+03
      1700.0000       -0.4297499E+03
      1750.0000       -0.4467623E+03
      1800.0000       -0.4638979E+03
      1850.0000       -0.4811531E+03
      1900.0000       -0.4985247E+03
      1950.0000       -0.5160098E+03
      2000.0000       -0.5336053E+03
      2100.0000       -0.5691168E+03
      2200.0000       -0.6050386E+03
      2300.0000       -0.6413523E+03
      2400.0000       -0.6780406E+03
      2500.0000       -0.7150881E+03
      2600.0000       -0.7524803E+03
      2700.0000       -0.7902040E+03
      2800.0000       -0.8282467E+03
      2900.0000       -0.8665975E+03
      3000.0000       -0.9052454E+03
