   32   32    1    1
  0.1885976E+02  0.8450753E-09  0.8450753E-09  0.8450753E-09  0.5000000E-15
  1.000000000000000E-004
  CAR 
 No title                                
  352    1  212
 
  0.2500000E+00  0.2500000E+00  0.2500000E+00  0.1000000E+01
   1       -3.9471
   2       -3.0603
   3       -3.0222
   4       -3.0203
   5       -3.0184
   6       -2.9879
   7       -2.9877
   8       -2.9875
   9       -2.9106
  10       -2.9105
  11       -2.9104
  12       -2.8499
  13       -2.8495
  14       -2.8490
  15       -2.7235
  16       -2.7222
  17       -2.7212
  18       -2.7066
  19       -2.7055
  20       -2.7041
  21       -2.5971
  22       -2.5956
  23       -2.5950
  24       -2.5949
  25       -2.5944
  26       -2.5930
  27       -2.5397
  28       -2.5384
  29       -2.5371
  30       -2.5141
  31       -2.5136
  32       -2.5121
  33       -2.5121
  34       -2.5108
  35       -2.5103
  36       -2.4903
  37       -2.4894
  38       -2.4886
  39       -2.3431
  40       -2.3422
  41       -2.3413
  42       -2.3413
  43       -2.3404
  44       -2.3396
  45       -2.1105
  46       -2.1091
  47       -2.1077
  48       -2.0472
  49       -2.0459
  50       -2.0448
  51       -2.0338
  52       -2.0325
  53       -2.0318
  54       -2.0318
  55       -2.0312
  56       -2.0296
  57       -1.9304
  58       -1.9302
  59       -1.9299
  60       -1.8630
  61       -1.8174
  62       -1.8163
  63       -1.8151
  64       -1.7411
  65       -1.7409
  66       -1.7309
  67       -1.7308
  68       -1.7294
  69       -1.7293
  70       -1.7280
  71       -1.7279
  72       -1.6946
  73       -1.6945
  74       -1.6085
  75       -1.6083
  76       -1.6083
  77       -1.5470
  78       -1.5464
  79       -1.5459
  80       -1.5398
  81       -1.5391
  82       -1.5382
  83       -1.5381
  84       -1.5368
  85       -1.5364
  86       -1.5159
  87       -1.5151
  88       -1.5142
  89       -1.4887
  90       -1.4886
  91       -1.4885
  92       -1.4827
  93       -1.4812
  94       -1.4796
  95       -1.4342
  96       -1.4335
  97       -1.4330
  98       -1.1890
  99       -1.1873
 100       -1.1858
 101       -1.1804
 102       -1.1785
 103       -1.1770
 104       -1.1257
 105       -1.1257
 106       -1.1242
 107       -1.1242
 108       -1.1227
 109       -1.1226
 110       -0.9678
 111       -0.9658
 112       -0.9645
 113       -0.9600
 114       -0.9585
 115       -0.9569
 116       -0.9558
 117       -0.9554
 118       -0.8958
 119       -0.8948
 120       -0.8939
 121       -0.8884
 122       -0.8868
 123       -0.8852
 124       -0.8319
 125       -0.8304
 126       -0.8300
 127       -0.8300
 128       -0.8297
 129       -0.8281
 130       -0.6947
 131       -0.6937
 132       -0.6926
 133       -0.5573
 134       -0.5571
 135       -0.5568
 136       -0.5040
 137       -0.5038
 138       -0.5037
 139       -0.4929
 140       -0.4913
 141       -0.4911
 142       -0.4911
 143       -0.4908
 144       -0.4894
 145       -0.4725
 146       -0.4722
 147       -0.4720
 148       -0.4434
 149       -0.4433
 150       -0.3478
 151       -0.3478
 152       -0.3477
 153       -0.2450
 154       -0.2449
 155       -0.2447
 156       -0.2218
 157       -0.2211
 158       -0.2208
 159       -0.2207
 160       -0.2204
 161       -0.2197
 162       -0.1594
 163       -0.1594
 164       -0.1594
 165        0.1945
 166        0.1957
 167        0.1970
 168        0.4817
 169        0.8696
 170        0.8710
 171        0.8724
 172        2.3599
 173        2.3606
 174        2.3620
 175        2.3620
 176        2.3635
 177        2.3642
 178        3.0330
 179        3.0333
 180        3.0335
 181        4.0484
 182        4.0491
 183        4.0499
 184        4.6900
 185        4.6912
 186        4.6925
 187        5.7779
 188        5.7795
 189        5.7805
 190        5.7805
 191        5.7815
 192        5.7831
 193        6.4263
 194        6.4271
 195        6.4279
 196        7.2502
 197        7.2508
 198        7.2513
 199        8.1124
 200        8.1132
 201        8.1155
 202        8.1155
 203        8.1178
 204        8.1186
 205        8.6172
 206        9.5146
 207        9.5146
 208        9.5165
 209        9.5165
 210        9.5184
 211        9.5184
 212        9.9755
