   32   32  100    1
  0.1885976E+02  0.8450753E-09  0.8450753E-09  0.8450753E-09  0.5000000E-15
  1.000000000000000E-004
  CAR 
 No title                                
  352    1  212
 
  0.2500000E+00  0.2500000E+00  0.2500000E+00  0.1000000E+01
   1       -3.9471
   2       -3.0602
   3       -3.0203
   4       -3.0203
   5       -3.0203
   6       -2.9877
   7       -2.9877
   8       -2.9877
   9       -2.9105
  10       -2.9105
  11       -2.9105
  12       -2.8495
  13       -2.8495
  14       -2.8495
  15       -2.7222
  16       -2.7222
  17       -2.7222
  18       -2.7055
  19       -2.7055
  20       -2.7055
  21       -2.5950
  22       -2.5950
  23       -2.5950
  24       -2.5950
  25       -2.5950
  26       -2.5950
  27       -2.5384
  28       -2.5384
  29       -2.5384
  30       -2.5122
  31       -2.5122
  32       -2.5122
  33       -2.5122
  34       -2.5122
  35       -2.5122
  36       -2.4895
  37       -2.4895
  38       -2.4895
  39       -2.3413
  40       -2.3413
  41       -2.3413
  42       -2.3413
  43       -2.3413
  44       -2.3413
  45       -2.1091
  46       -2.1091
  47       -2.1091
  48       -2.0459
  49       -2.0459
  50       -2.0459
  51       -2.0318
  52       -2.0318
  53       -2.0318
  54       -2.0318
  55       -2.0318
  56       -2.0318
  57       -1.9302
  58       -1.9302
  59       -1.9302
  60       -1.8629
  61       -1.8162
  62       -1.8162
  63       -1.8162
  64       -1.7409
  65       -1.7409
  66       -1.7294
  67       -1.7294
  68       -1.7294
  69       -1.7294
  70       -1.7294
  71       -1.7294
  72       -1.6946
  73       -1.6946
  74       -1.6083
  75       -1.6083
  76       -1.6083
  77       -1.5463
  78       -1.5463
  79       -1.5463
  80       -1.5381
  81       -1.5381
  82       -1.5381
  83       -1.5381
  84       -1.5381
  85       -1.5381
  86       -1.5151
  87       -1.5151
  88       -1.5151
  89       -1.4886
  90       -1.4886
  91       -1.4886
  92       -1.4812
  93       -1.4812
  94       -1.4812
  95       -1.4336
  96       -1.4336
  97       -1.4336
  98       -1.1872
  99       -1.1872
 100       -1.1872
 101       -1.1787
 102       -1.1787
 103       -1.1787
 104       -1.1242
 105       -1.1242
 106       -1.1242
 107       -1.1242
 108       -1.1242
 109       -1.1242
 110       -0.9657
 111       -0.9657
 112       -0.9657
 113       -0.9586
 114       -0.9586
 115       -0.9586
 116       -0.9559
 117       -0.9559
 118       -0.8948
 119       -0.8948
 120       -0.8948
 121       -0.8869
 122       -0.8869
 123       -0.8869
 124       -0.8301
 125       -0.8301
 126       -0.8301
 127       -0.8301
 128       -0.8301
 129       -0.8301
 130       -0.6937
 131       -0.6937
 132       -0.6937
 133       -0.5571
 134       -0.5571
 135       -0.5571
 136       -0.5038
 137       -0.5038
 138       -0.5038
 139       -0.4911
 140       -0.4911
 141       -0.4911
 142       -0.4911
 143       -0.4911
 144       -0.4911
 145       -0.4723
 146       -0.4723
 147       -0.4723
 148       -0.4435
 149       -0.4435
 150       -0.3478
 151       -0.3478
 152       -0.3478
 153       -0.2449
 154       -0.2449
 155       -0.2449
 156       -0.2208
 157       -0.2208
 158       -0.2208
 159       -0.2208
 160       -0.2208
 161       -0.2208
 162       -0.1594
 163       -0.1594
 164       -0.1594
 165        0.1957
 166        0.1957
 167        0.1957
 168        0.4817
 169        0.8710
 170        0.8710
 171        0.8710
 172        2.3621
 173        2.3621
 174        2.3621
 175        2.3621
 176        2.3621
 177        2.3621
 178        3.0333
 179        3.0333
 180        3.0333
 181        4.0491
 182        4.0491
 183        4.0491
 184        4.6912
 185        4.6912
 186        4.6912
 187        5.7805
 188        5.7805
 189        5.7805
 190        5.7805
 191        5.7805
 192        5.7805
 193        6.4271
 194        6.4271
 195        6.4271
 196        7.2508
 197        7.2508
 198        7.2508
 199        8.1155
 200        8.1155
 201        8.1155
 202        8.1155
 203        8.1155
 204        8.1155
 205        8.6172
 206        9.5165
 207        9.5165
 208        9.5165
 209        9.5165
 210        9.5165
 211        9.5165
 212        9.9753
