   32   32  100    1
  0.2055617E+02  0.8696891E-09  0.8696891E-09  0.8696891E-09  0.5000000E-15
  1.000000000000000E-004
  CAR 
 No title                                
  352   20  212
 
  0.6250000E-01  0.6250000E-01  0.6250000E-01  0.1562500E-01
   1       -4.4514
   2       -3.3667
   3       -3.3667
   4       -3.3667
   5       -3.3602
   6       -3.3512
   7       -3.3512
   8       -3.3512
   9       -3.2904
  10       -3.2904
  11       -3.2904
  12       -3.0247
  13       -3.0247
  14       -3.0247
  15       -2.9554
  16       -2.9554
  17       -2.9554
  18       -2.8326
  19       -2.8326
  20       -2.8326
  21       -2.8175
  22       -2.8175
  23       -2.8175
  24       -2.8175
  25       -2.8175
  26       -2.8175
  27       -2.7284
  28       -2.7284
  29       -2.7284
  30       -2.6420
  31       -2.6420
  32       -2.6420
  33       -2.6166
  34       -2.6166
  35       -2.6166
  36       -2.6056
  37       -2.6056
  38       -2.6056
  39       -2.6056
  40       -2.6056
  41       -2.6056
  42       -2.4911
  43       -2.4911
  44       -2.4911
  45       -2.4911
  46       -2.4911
  47       -2.4911
  48       -2.4277
  49       -2.4277
  50       -2.4277
  51       -2.4255
  52       -2.4255
  53       -2.4255
  54       -2.4255
  55       -2.4255
  56       -2.4255
  57       -2.3854
  58       -2.3854
  59       -2.3854
  60       -2.2739
  61       -2.2739
  62       -2.2739
  63       -2.2739
  64       -2.2739
  65       -2.2739
  66       -2.2417
  67       -2.2417
  68       -2.2417
  69       -2.2305
  70       -2.2305
  71       -2.2291
  72       -2.2232
  73       -2.2232
  74       -2.2232
  75       -2.2179
  76       -2.2179
  77       -2.1038
  78       -2.1038
  79       -2.1038
  80       -2.1038
  81       -2.1038
  82       -2.1038
  83       -2.0831
  84       -2.0831
  85       -2.0831
  86       -2.0460
  87       -2.0460
  88       -2.0460
  89       -1.7727
  90       -1.7727
  91       -1.7727
  92       -1.7247
  93       -1.7247
  94       -1.7247
  95       -1.7162
  96       -1.7162
  97       -1.7162
  98       -1.7136
  99       -1.7136
 100       -1.7136
 101       -1.7136
 102       -1.7136
 103       -1.7136
 104       -1.6644
 105       -1.6644
 106       -1.6644
 107       -1.5670
 108       -1.5670
 109       -1.5670
 110       -1.5283
 111       -1.5283
 112       -1.5283
 113       -1.5211
 114       -1.5211
 115       -1.5211
 116       -1.4873
 117       -1.4873
 118       -1.4490
 119       -1.4490
 120       -1.4490
 121       -1.4490
 122       -1.4490
 123       -1.4490
 124       -1.4379
 125       -1.4379
 126       -1.4379
 127       -1.4379
 128       -1.4379
 129       -1.4379
 130       -1.4045
 131       -1.4045
 132       -1.4045
 133       -1.3821
 134       -1.3821
 135       -1.3821
 136       -1.2377
 137       -1.2377
 138       -1.2377
 139       -1.1813
 140       -1.1813
 141       -1.1813
 142       -1.0384
 143       -1.0384
 144       -1.0384
 145       -0.9534
 146       -0.9534
 147       -0.9534
 148       -0.9470
 149       -0.9470
 150       -0.9470
 151       -0.9236
 152       -0.9236
 153       -0.9121
 154       -0.9121
 155       -0.9121
 156       -0.7912
 157       -0.7912
 158       -0.7912
 159       -0.7741
 160       -0.7741
 161       -0.7741
 162       -0.7741
 163       -0.7741
 164       -0.7741
 165       -0.7722
 166       -0.7722
 167       -0.7722
 168        0.8570
 169        0.8570
 170        0.8570
 171        1.3882
 172        1.3882
 173        1.3882
 174        1.3882
 175        1.3882
 176        1.3882
 177        1.8458
 178        1.9337
 179        1.9337
 180        1.9337
 181        2.1219
 182        2.1219
 183        2.1219
 184        3.7591
 185        3.7591
 186        3.7591
 187        4.7524
 188        4.7524
 189        4.7524
 190        5.0035
 191        6.8083
 192        6.8083
 193        6.8083
 194        6.8083
 195        6.8083
 196        6.8085
 197        7.4123
 198        7.4124
 199        7.4124
 200        7.4124
 201        7.4133
 202        7.4184
 203        7.5445
 204        7.5456
 205        7.5630
 206        8.1795
 207        8.1798
 208        8.1807
 209        8.1828
 210        8.2677
 211        9.3929
 212        9.5285
 
  0.1875000E+00  0.6250000E-01  0.6250000E-01  0.4687500E-01
   1       -4.3811
   2       -3.3413
   3       -3.3379
   4       -3.3350
   5       -3.3350
   6       -3.3204
   7       -3.3204
   8       -3.3118
   9       -3.2715
  10       -3.2601
  11       -3.2601
  12       -3.2201
  13       -2.9845
  14       -2.9845
  15       -2.9821
  16       -2.9331
  17       -2.9191
  18       -2.9191
  19       -2.8759
  20       -2.8759
  21       -2.8093
  22       -2.8093
  23       -2.8003
  24       -2.8003
  25       -2.7913
  26       -2.7913
  27       -2.7833
  28       -2.7540
  29       -2.7540
  30       -2.7483
  31       -2.7101
  32       -2.7101
  33       -2.6836
  34       -2.6836
  35       -2.6746
  36       -2.6746
  37       -2.6339
  38       -2.6339
  39       -2.6243
  40       -2.5989
  41       -2.5989
  42       -2.5936
  43       -2.5936
  44       -2.4895
  45       -2.4895
  46       -2.4892
  47       -2.4892
  48       -2.4395
  49       -2.4395
  50       -2.4375
  51       -2.4375
  52       -2.4363
  53       -2.4363
  54       -2.3885
  55       -2.3751
  56       -2.3751
  57       -2.3546
  58       -2.3546
  59       -2.3399
  60       -2.2888
  61       -2.2888
  62       -2.2707
  63       -2.2707
  64       -2.2615
  65       -2.2520
  66       -2.2520
  67       -2.2493
  68       -2.2284
  69       -2.2155
  70       -2.2039
  71       -2.2039
  72       -2.2001
  73       -2.2001
  74       -2.1995
  75       -2.1995
  76       -2.1978
  77       -2.1963
  78       -2.1941
  79       -2.1457
  80       -2.1457
  81       -2.0914
  82       -2.0914
  83       -2.0380
  84       -2.0380
  85       -1.9772
  86       -1.9772
  87       -1.9391
  88       -1.9184
  89       -1.8581
  90       -1.8489
  91       -1.8489
  92       -1.8288
  93       -1.7986
  94       -1.7921
  95       -1.7870
  96       -1.7870
  97       -1.7407
  98       -1.7407
  99       -1.7203
 100       -1.7203
 101       -1.6721
 102       -1.6721
 103       -1.6665
 104       -1.6665
 105       -1.6420
 106       -1.6420
 107       -1.6251
 108       -1.6251
 109       -1.6062
 110       -1.5703
 111       -1.5703
 112       -1.5373
 113       -1.5373
 114       -1.5092
 115       -1.4768
 116       -1.4622
 117       -1.4622
 118       -1.4542
 119       -1.4542
 120       -1.4473
 121       -1.4473
 122       -1.4279
 123       -1.4112
 124       -1.3953
 125       -1.3953
 126       -1.3891
 127       -1.3491
 128       -1.3491
 129       -1.3329
 130       -1.3329
 131       -1.3207
 132       -1.3207
 133       -1.3074
 134       -1.3008
 135       -1.3008
 136       -1.2922
 137       -1.1878
 138       -1.1878
 139       -1.1577
 140       -1.1577
 141       -1.1244
 142       -1.0430
 143       -1.0320
 144       -1.0320
 145       -0.9781
 146       -0.9781
 147       -0.9638
 148       -0.9611
 149       -0.9606
 150       -0.9272
 151       -0.9253
 152       -0.9253
 153       -0.8830
 154       -0.8830
 155       -0.8483
 156       -0.8483
 157       -0.8279
 158       -0.8129
 159       -0.8129
 160       -0.8123
 161       -0.8123
 162       -0.8052
 163       -0.7741
 164       -0.7741
 165       -0.7741
 166       -0.7741
 167       -0.5103
 168        0.3938
 169        0.3938
 170        0.8766
 171        0.9026
 172        0.9026
 173        1.4174
 174        1.4174
 175        1.5527
 176        1.9683
 177        1.9914
 178        1.9914
 179        2.0117
 180        2.0117
 181        2.2908
 182        2.5439
 183        2.5439
 184        3.2276
 185        3.9148
 186        3.9148
 187        4.7762
 188        5.0353
 189        5.0353
 190        5.4491
 191        5.9779
 192        5.9779
 193        6.2087
 194        6.2087
 195        6.5183
 196        6.5183
 197        6.9298
 198        6.9298
 199        7.5312
 200        7.5333
 201        7.5638
 202        7.5649
 203        7.8023
 204        7.8049
 205        8.1675
 206        8.2076
 207        8.3530
 208        8.3887
 209        8.5041
 210        8.6583
 211        8.6709
 212        8.7751
 
  0.3125000E+00  0.6250000E-01  0.6250000E-01  0.4687500E-01
   1       -4.2427
   2       -3.4972
   3       -3.2922
   4       -3.2844
   5       -3.2739
   6       -3.2739
   7       -3.2592
   8       -3.2592
   9       -3.2430
  10       -3.2343
  11       -3.1996
  12       -3.1996
  13       -3.0545
  14       -3.0264
  15       -2.9731
  16       -2.9731
  17       -2.9457
  18       -2.9106
  19       -2.9106
  20       -2.9106
  21       -2.9106
  22       -2.8896
  23       -2.8559
  24       -2.8559
  25       -2.8509
  26       -2.8509
  27       -2.7717
  28       -2.7717
  29       -2.7574
  30       -2.7574
  31       -2.7416
  32       -2.7416
  33       -2.6985
  34       -2.6985
  35       -2.6729
  36       -2.6729
  37       -2.6700
  38       -2.6700
  39       -2.6465
  40       -2.6465
  41       -2.5856
  42       -2.5856
  43       -2.5246
  44       -2.4877
  45       -2.4877
  46       -2.4794
  47       -2.4794
  48       -2.4698
  49       -2.4698
  50       -2.4667
  51       -2.4667
  52       -2.4363
  53       -2.4363
  54       -2.3740
  55       -2.3550
  56       -2.3550
  57       -2.3438
  58       -2.3438
  59       -2.3107
  60       -2.3107
  61       -2.2957
  62       -2.2925
  63       -2.2881
  64       -2.2797
  65       -2.2797
  66       -2.2773
  67       -2.2773
  68       -2.2691
  69       -2.2691
  70       -2.2654
  71       -2.2654
  72       -2.2351
  73       -2.2173
  74       -2.2173
  75       -2.1788
  76       -2.1612
  77       -2.1612
  78       -2.1552
  79       -2.1552
  80       -2.1543
  81       -2.1535
  82       -2.1441
  83       -1.9856
  84       -1.9856
  85       -1.9563
  86       -1.9291
  87       -1.9291
  88       -1.9172
  89       -1.9076
  90       -1.8995
  91       -1.8995
  92       -1.8954
  93       -1.7880
  94       -1.7880
  95       -1.7466
  96       -1.7366
  97       -1.7366
  98       -1.7095
  99       -1.6911
 100       -1.6911
 101       -1.6762
 102       -1.6762
 103       -1.6751
 104       -1.5946
 105       -1.5946
 106       -1.5798
 107       -1.5798
 108       -1.5603
 109       -1.5603
 110       -1.5501
 111       -1.5481
 112       -1.5481
 113       -1.5421
 114       -1.5421
 115       -1.4672
 116       -1.4672
 117       -1.4563
 118       -1.4489
 119       -1.4489
 120       -1.4396
 121       -1.4396
 122       -1.3485
 123       -1.3485
 124       -1.3430
 125       -1.3152
 126       -1.3063
 127       -1.3063
 128       -1.2610
 129       -1.2536
 130       -1.2399
 131       -1.2399
 132       -1.2295
 133       -1.2295
 134       -1.2162
 135       -1.2162
 136       -1.2098
 137       -1.2007
 138       -1.2007
 139       -1.1798
 140       -1.1625
 141       -1.1625
 142       -1.0778
 143       -1.0713
 144       -1.0713
 145       -1.0680
 146       -1.0228
 147       -1.0186
 148       -1.0186
 149       -0.9897
 150       -0.9704
 151       -0.9704
 152       -0.9678
 153       -0.9367
 154       -0.9367
 155       -0.8987
 156       -0.8852
 157       -0.8852
 158       -0.8844
 159       -0.8844
 160       -0.8664
 161       -0.7743
 162       -0.7743
 163       -0.7742
 164       -0.7742
 165       -0.5766
 166       -0.5766
 167       -0.0087
 168       -0.0087
 169        0.1374
 170        0.4701
 171        0.4701
 172        0.9201
 173        1.3034
 174        1.4772
 175        1.4772
 176        1.8525
 177        1.8525
 178        2.0354
 179        2.3104
 180        2.4674
 181        2.6667
 182        2.6667
 183        3.2209
 184        3.2209
 185        4.2067
 186        4.2067
 187        5.0834
 188        5.0834
 189        5.1053
 190        5.5336
 191        5.5336
 192        5.6279
 193        5.6279
 194        5.6288
 195        5.6288
 196        6.0312
 197        7.1173
 198        7.1178
 199        7.2417
 200        7.6012
 201        7.6026
 202        7.7224
 203        7.7342
 204        7.7895
 205        7.8023
 206        7.8092
 207        7.8831
 208        8.1750
 209        8.3249
 210        8.5329
 211        8.7334
 212        8.8280
 
  0.4375000E+00  0.6250000E-01  0.6250000E-01  0.4687500E-01
   1       -4.0407
   2       -3.7853
   3       -3.2231
   4       -3.2002
   5       -3.1879
   6       -3.1879
   7       -3.1799
   8       -3.1688
   9       -3.1688
  10       -3.1470
  11       -3.1405
  12       -3.1098
  13       -3.1098
  14       -3.1098
  15       -3.0865
  16       -3.0837
  17       -3.0837
  18       -3.0514
  19       -3.0514
  20       -3.0272
  21       -2.9929
  22       -2.9929
  23       -2.8184
  24       -2.8184
  25       -2.7843
  26       -2.7843
  27       -2.7420
  28       -2.7420
  29       -2.7322
  30       -2.7322
  31       -2.7184
  32       -2.7184
  33       -2.7139
  34       -2.7139
  35       -2.6752
  36       -2.6752
  37       -2.6671
  38       -2.6671
  39       -2.6147
  40       -2.6147
  41       -2.6107
  42       -2.6107
  43       -2.5449
  44       -2.5449
  45       -2.5375
  46       -2.5375
  47       -2.4902
  48       -2.4902
  49       -2.4897
  50       -2.4897
  51       -2.4499
  52       -2.4499
  53       -2.4335
  54       -2.3991
  55       -2.3991
  56       -2.3549
  57       -2.3486
  58       -2.3262
  59       -2.3262
  60       -2.3201
  61       -2.3201
  62       -2.3184
  63       -2.3170
  64       -2.3170
  65       -2.2915
  66       -2.2915
  67       -2.2688
  68       -2.2593
  69       -2.2593
  70       -2.2495
  71       -2.2495
  72       -2.2490
  73       -2.2010
  74       -2.2010
  75       -2.1635
  76       -2.1635
  77       -2.1217
  78       -2.0960
  79       -2.0960
  80       -2.0916
  81       -2.0916
  82       -2.0903
  83       -2.0902
  84       -2.0753
  85       -2.0640
  86       -2.0640
  87       -2.0463
  88       -2.0121
  89       -2.0121
  90       -2.0084
  91       -2.0078
  92       -1.9907
  93       -1.6811
  94       -1.6811
  95       -1.6794
  96       -1.6794
  97       -1.6551
  98       -1.6034
  99       -1.5568
 100       -1.5568
 101       -1.5481
 102       -1.5481
 103       -1.5448
 104       -1.5356
 105       -1.5356
 106       -1.5347
 107       -1.5347
 108       -1.5327
 109       -1.5327
 110       -1.4934
 111       -1.4934
 112       -1.4926
 113       -1.4926
 114       -1.4893
 115       -1.4893
 116       -1.4765
 117       -1.4618
 118       -1.4618
 119       -1.4265
 120       -1.4109
 121       -1.4109
 122       -1.3882
 123       -1.3700
 124       -1.3700
 125       -1.3513
 126       -1.3355
 127       -1.3355
 128       -1.2930
 129       -1.2930
 130       -1.2856
 131       -1.2856
 132       -1.2561
 133       -1.2049
 134       -1.2045
 135       -1.2045
 136       -1.1342
 137       -1.1342
 138       -1.1322
 139       -1.1216
 140       -1.1143
 141       -1.1069
 142       -1.1069
 143       -1.1055
 144       -1.0963
 145       -1.0963
 146       -1.0908
 147       -1.0908
 148       -1.0421
 149       -1.0421
 150       -1.0421
 151       -1.0315
 152       -1.0100
 153       -0.9986
 154       -0.9823
 155       -0.9823
 156       -0.9817
 157       -0.9817
 158       -0.9420
 159       -0.7743
 160       -0.7743
 161       -0.7743
 162       -0.7743
 163       -0.6671
 164       -0.6671
 165       -0.3594
 166       -0.3594
 167       -0.2645
 168       -0.2645
 169        0.0832
 170        0.0832
 171        0.8692
 172        0.9964
 173        1.1193
 174        1.5701
 175        1.5701
 176        1.6575
 177        1.6973
 178        1.6973
 179        2.1293
 180        2.2337
 181        3.4116
 182        3.4116
 183        3.9639
 184        3.9639
 185        4.2205
 186        4.2205
 187        4.6065
 188        4.6065
 189        4.7693
 190        4.7693
 191        5.0876
 192        5.0876
 193        5.6743
 194        6.1820
 195        6.1820
 196        6.4022
 197        6.7179
 198        6.9404
 199        6.9405
 200        7.3976
 201        7.4011
 202        7.4973
 203        7.6573
 204        7.6627
 205        7.7315
 206        7.7366
 207        7.7537
 208        7.7988
 209        7.9937
 210        8.1880
 211        8.4487
 212        9.0408
 
  0.1875000E+00  0.1875000E+00  0.6250000E-01  0.4687500E-01
   1       -4.3120
   2       -3.3256
   3       -3.3118
   4       -3.3096
   5       -3.3096
   6       -3.2994
   7       -3.2742
   8       -3.2742
   9       -3.2414
  10       -3.2414
  11       -3.2227
  12       -3.1756
  13       -3.1756
  14       -2.9697
  15       -2.9521
  16       -2.9521
  17       -2.9196
  18       -2.9032
  19       -2.9032
  20       -2.8743
  21       -2.8743
  22       -2.8477
  23       -2.8477
  24       -2.8114
  25       -2.8114
  26       -2.7749
  27       -2.7749
  28       -2.7710
  29       -2.7710
  30       -2.7524
  31       -2.7449
  32       -2.7449
  33       -2.7445
  34       -2.7198
  35       -2.7198
  36       -2.6877
  37       -2.6750
  38       -2.6750
  39       -2.6678
  40       -2.6532
  41       -2.6532
  42       -2.6100
  43       -2.6100
  44       -2.5882
  45       -2.5882
  46       -2.5082
  47       -2.5082
  48       -2.4459
  49       -2.4297
  50       -2.4297
  51       -2.4272
  52       -2.4272
  53       -2.4075
  54       -2.4075
  55       -2.3462
  56       -2.3462
  57       -2.3155
  58       -2.3155
  59       -2.3134
  60       -2.3134
  61       -2.2940
  62       -2.2838
  63       -2.2838
  64       -2.2623
  65       -2.2623
  66       -2.2575
  67       -2.2550
  68       -2.2230
  69       -2.2002
  70       -2.1886
  71       -2.1783
  72       -2.1768
  73       -2.1616
  74       -2.1616
  75       -2.1573
  76       -2.0920
  77       -2.0920
  78       -2.0719
  79       -2.0719
  80       -2.0575
  81       -2.0575
  82       -2.0426
  83       -2.0426
  84       -2.0335
  85       -2.0015
  86       -2.0015
  87       -1.9952
  88       -1.9952
  89       -1.9185
  90       -1.9185
  91       -1.9093
  92       -1.8286
  93       -1.8286
  94       -1.7977
  95       -1.7977
  96       -1.7940
  97       -1.7900
  98       -1.7409
  99       -1.7409
 100       -1.7362
 101       -1.7362
 102       -1.7278
 103       -1.7036
 104       -1.7036
 105       -1.6494
 106       -1.6420
 107       -1.6125
 108       -1.5658
 109       -1.5658
 110       -1.5433
 111       -1.5433
 112       -1.5152
 113       -1.5152
 114       -1.5145
 115       -1.4806
 116       -1.4598
 117       -1.4598
 118       -1.4547
 119       -1.4547
 120       -1.4063
 121       -1.4063
 122       -1.3977
 123       -1.3977
 124       -1.3870
 125       -1.3870
 126       -1.3432
 127       -1.3432
 128       -1.3422
 129       -1.3422
 130       -1.2643
 131       -1.2643
 132       -1.2503
 133       -1.2503
 134       -1.2460
 135       -1.2334
 136       -1.2334
 137       -1.1979
 138       -1.1429
 139       -1.1429
 140       -1.1395
 141       -1.1282
 142       -1.1164
 143       -1.1121
 144       -1.1121
 145       -1.0338
 146       -1.0082
 147       -1.0082
 148       -1.0059
 149       -0.9519
 150       -0.9478
 151       -0.9196
 152       -0.9196
 153       -0.9143
 154       -0.9045
 155       -0.9045
 156       -0.8428
 157       -0.8428
 158       -0.8133
 159       -0.8133
 160       -0.8116
 161       -0.8116
 162       -0.8061
 163       -0.8061
 164       -0.7953
 165       -0.7387
 166       -0.3399
 167       -0.3399
 168       -0.0367
 169        0.4059
 170        0.4059
 171        0.9286
 172        0.9286
 173        1.1458
 174        1.4923
 175        1.4923
 176        1.7063
 177        2.0309
 178        2.0309
 179        2.4486
 180        2.4486
 181        2.5854
 182        2.5854
 183        3.1550
 184        3.3738
 185        3.3738
 186        4.0651
 187        4.7998
 188        4.7998
 189        5.4433
 190        5.4433
 191        5.4887
 192        5.9824
 193        6.0688
 194        6.0688
 195        6.3147
 196        6.3147
 197        6.6285
 198        6.6285
 199        7.0703
 200        7.0707
 201        7.5830
 202        7.6632
 203        7.6698
 204        8.0963
 205        8.1047
 206        8.1588
 207        8.2115
 208        8.2234
 209        8.2911
 210        8.3225
 211        8.8273
 212        9.4455
 
  0.3125000E+00  0.1875000E+00  0.6250000E-01  0.9375000E-01
   1       -4.1759
   2       -3.4461
   3       -3.2827
   4       -3.2636
   5       -3.2605
   6       -3.2490
   7       -3.2485
   8       -3.2086
   9       -3.2046
  10       -3.2012
  11       -3.1814
  12       -3.1521
  13       -3.0923
  14       -3.0278
  15       -2.9931
  16       -2.9834
  17       -2.9714
  18       -2.9460
  19       -2.9436
  20       -2.9279
  21       -2.9068
  22       -2.9027
  23       -2.8688
  24       -2.8659
  25       -2.8621
  26       -2.8416
  27       -2.8379
  28       -2.8361
  29       -2.8026
  30       -2.7995
  31       -2.7970
  32       -2.7930
  33       -2.7639
  34       -2.7497
  35       -2.7385
  36       -2.7262
  37       -2.6795
  38       -2.6746
  39       -2.6583
  40       -2.6563
  41       -2.6023
  42       -2.5954
  43       -2.5852
  44       -2.5827
  45       -2.5423
  46       -2.5266
  47       -2.5139
  48       -2.4975
  49       -2.4906
  50       -2.4666
  51       -2.4581
  52       -2.4434
  53       -2.4143
  54       -2.4062
  55       -2.3308
  56       -2.3275
  57       -2.3206
  58       -2.3131
  59       -2.3129
  60       -2.3030
  61       -2.2933
  62       -2.2927
  63       -2.2860
  64       -2.2633
  65       -2.2589
  66       -2.2450
  67       -2.2351
  68       -2.2221
  69       -2.2206
  70       -2.1690
  71       -2.1520
  72       -2.1432
  73       -2.1375
  74       -2.1374
  75       -2.1304
  76       -2.1265
  77       -2.1217
  78       -2.1077
  79       -2.1040
  80       -2.0636
  81       -2.0585
  82       -2.0533
  83       -2.0097
  84       -2.0044
  85       -1.9748
  86       -1.9701
  87       -1.9569
  88       -1.9262
  89       -1.9197
  90       -1.9108
  91       -1.8604
  92       -1.8348
  93       -1.8029
  94       -1.8003
  95       -1.8001
  96       -1.7884
  97       -1.7843
  98       -1.7733
  99       -1.7652
 100       -1.7587
 101       -1.7576
 102       -1.7535
 103       -1.7074
 104       -1.6645
 105       -1.6607
 106       -1.6473
 107       -1.6244
 108       -1.6243
 109       -1.5818
 110       -1.5483
 111       -1.4893
 112       -1.4866
 113       -1.4751
 114       -1.4676
 115       -1.4629
 116       -1.4623
 117       -1.4295
 118       -1.4204
 119       -1.4149
 120       -1.4032
 121       -1.3792
 122       -1.3301
 123       -1.3271
 124       -1.3222
 125       -1.3211
 126       -1.2964
 127       -1.2931
 128       -1.2849
 129       -1.2845
 130       -1.2595
 131       -1.2518
 132       -1.2275
 133       -1.2183
 134       -1.2165
 135       -1.1694
 136       -1.1510
 137       -1.1505
 138       -1.1484
 139       -1.1475
 140       -1.1462
 141       -1.1449
 142       -1.1418
 143       -1.1383
 144       -1.1285
 145       -1.1083
 146       -1.0697
 147       -1.0557
 148       -1.0468
 149       -0.9976
 150       -0.9926
 151       -0.9482
 152       -0.9423
 153       -0.9394
 154       -0.9384
 155       -0.9252
 156       -0.8989
 157       -0.8982
 158       -0.8849
 159       -0.8827
 160       -0.8625
 161       -0.8134
 162       -0.8109
 163       -0.8076
 164       -0.8068
 165       -0.5155
 166       -0.3969
 167       -0.0677
 168       -0.0012
 169        0.2935
 170        0.4364
 171        0.4961
 172        0.8312
 173        0.9851
 174        1.0409
 175        1.4371
 176        2.1082
 177        2.1606
 178        2.4441
 179        2.6085
 180        2.6619
 181        2.7169
 182        2.7408
 183        3.2704
 184        3.6450
 185        3.8279
 186        4.3481
 187        4.5656
 188        4.8530
 189        4.9291
 190        5.1377
 191        5.1653
 192        5.7106
 193        5.7419
 194        6.0756
 195        6.1984
 196        6.2473
 197        6.5279
 198        6.6096
 199        6.7468
 200        6.7974
 201        7.2184
 202        7.2862
 203        7.5142
 204        7.6171
 205        7.6284
 206        7.7598
 207        8.2835
 208        8.3352
 209        8.3603
 210        8.4052
 211        8.4355
 212        8.7142
 
  0.4375000E+00  0.1875000E+00  0.6250000E-01  0.9375000E-01
   1       -3.9776
   2       -3.7274
   3       -3.2090
   4       -3.1922
   5       -3.1904
   6       -3.1694
   7       -3.1625
   8       -3.1500
   9       -3.1167
  10       -3.1116
  11       -3.1049
  12       -3.1045
  13       -3.0946
  14       -3.0923
  15       -3.0784
  16       -3.0618
  17       -3.0579
  18       -3.0537
  19       -3.0011
  20       -2.9886
  21       -2.9825
  22       -2.9770
  23       -2.9339
  24       -2.9106
  25       -2.8794
  26       -2.8754
  27       -2.8658
  28       -2.8563
  29       -2.8421
  30       -2.8396
  31       -2.8334
  32       -2.7626
  33       -2.7322
  34       -2.7316
  35       -2.7307
  36       -2.7165
  37       -2.6588
  38       -2.6394
  39       -2.6345
  40       -2.6331
  41       -2.6019
  42       -2.5857
  43       -2.5856
  44       -2.5778
  45       -2.5451
  46       -2.5312
  47       -2.5226
  48       -2.5151
  49       -2.5030
  50       -2.4889
  51       -2.4697
  52       -2.4261
  53       -2.4200
  54       -2.3927
  55       -2.3868
  56       -2.3777
  57       -2.3587
  58       -2.3509
  59       -2.3454
  60       -2.3439
  61       -2.2926
  62       -2.2761
  63       -2.2731
  64       -2.2357
  65       -2.2241
  66       -2.2179
  67       -2.2014
  68       -2.1917
  69       -2.1793
  70       -2.1755
  71       -2.1663
  72       -2.1439
  73       -2.1236
  74       -2.1194
  75       -2.1050
  76       -2.1034
  77       -2.0905
  78       -2.0813
  79       -2.0806
  80       -2.0789
  81       -2.0726
  82       -2.0686
  83       -2.0623
  84       -2.0515
  85       -2.0360
  86       -2.0289
  87       -2.0138
  88       -2.0091
  89       -2.0082
  90       -1.9624
  91       -1.9544
  92       -1.9405
  93       -1.7994
  94       -1.7917
  95       -1.7884
  96       -1.7748
  97       -1.6848
  98       -1.6665
  99       -1.6354
 100       -1.6317
 101       -1.6235
 102       -1.6180
 103       -1.6030
 104       -1.5960
 105       -1.5894
 106       -1.5893
 107       -1.5564
 108       -1.5535
 109       -1.5323
 110       -1.5300
 111       -1.5298
 112       -1.5188
 113       -1.5061
 114       -1.4669
 115       -1.4529
 116       -1.4476
 117       -1.4288
 118       -1.4281
 119       -1.4246
 120       -1.4118
 121       -1.4095
 122       -1.3843
 123       -1.3835
 124       -1.3546
 125       -1.3505
 126       -1.3162
 127       -1.3158
 128       -1.2855
 129       -1.2781
 130       -1.2627
 131       -1.2319
 132       -1.2251
 133       -1.2012
 134       -1.1934
 135       -1.1880
 136       -1.1705
 137       -1.1612
 138       -1.1328
 139       -1.1308
 140       -1.0997
 141       -1.0952
 142       -1.0875
 143       -1.0848
 144       -1.0765
 145       -1.0603
 146       -1.0590
 147       -1.0576
 148       -1.0573
 149       -1.0229
 150       -1.0038
 151       -0.9907
 152       -0.9862
 153       -0.9860
 154       -0.9803
 155       -0.9773
 156       -0.9730
 157       -0.9720
 158       -0.9484
 159       -0.9260
 160       -0.8129
 161       -0.8112
 162       -0.8100
 163       -0.8089
 164       -0.6977
 165       -0.6595
 166       -0.3534
 167       -0.2247
 168        0.1132
 169        0.2612
 170        0.4999
 171        0.6215
 172        0.6315
 173        1.0159
 174        1.0810
 175        1.2283
 176        1.7992
 177        2.2173
 178        2.3422
 179        2.7546
 180        2.8147
 181        2.9020
 182        3.4722
 183        3.7081
 184        4.0117
 185        4.0222
 186        4.2915
 187        4.4468
 188        4.5629
 189        4.7382
 190        4.8377
 191        5.2099
 192        5.2594
 193        5.3570
 194        5.7152
 195        5.9269
 196        6.4476
 197        6.5037
 198        6.7646
 199        6.8214
 200        6.8302
 201        7.0493
 202        7.1935
 203        7.3178
 204        7.3726
 205        7.5404
 206        7.6619
 207        7.6758
 208        8.1101
 209        8.3949
 210        8.4639
 211        8.6012
 212        8.8163
 
  0.3125000E+00  0.3125000E+00  0.6250000E-01  0.4687500E-01
   1       -4.0445
   2       -3.3483
   3       -3.3483
   4       -3.2528
   5       -3.2309
   6       -3.2120
   7       -3.2000
   8       -3.2000
   9       -3.1449
  10       -3.1449
  11       -3.1351
  12       -3.1351
  13       -3.0715
  14       -2.9881
  15       -2.9881
  16       -2.9840
  17       -2.9840
  18       -2.9797
  19       -2.9797
  20       -2.9740
  21       -2.9424
  22       -2.9424
  23       -2.9390
  24       -2.9241
  25       -2.9241
  26       -2.9003
  27       -2.8946
  28       -2.8946
  29       -2.8748
  30       -2.8259
  31       -2.8259
  32       -2.8118
  33       -2.8118
  34       -2.8110
  35       -2.8110
  36       -2.7195
  37       -2.7195
  38       -2.7182
  39       -2.7182
  40       -2.7108
  41       -2.7108
  42       -2.5885
  43       -2.5885
  44       -2.5720
  45       -2.5720
  46       -2.5288
  47       -2.4951
  48       -2.4951
  49       -2.4791
  50       -2.4791
  51       -2.4672
  52       -2.4672
  53       -2.4570
  54       -2.4503
  55       -2.4004
  56       -2.3609
  57       -2.3609
  58       -2.3089
  59       -2.2743
  60       -2.2743
  61       -2.2630
  62       -2.2234
  63       -2.2234
  64       -2.2170
  65       -2.2170
  66       -2.2157
  67       -2.1623
  68       -2.1623
  69       -2.1362
  70       -2.1316
  71       -2.1052
  72       -2.0988
  73       -2.0588
  74       -2.0521
  75       -2.0521
  76       -2.0407
  77       -2.0407
  78       -2.0375
  79       -2.0111
  80       -2.0077
  81       -2.0077
  82       -1.9976
  83       -1.9976
  84       -1.9880
  85       -1.9636
  86       -1.9636
  87       -1.9142
  88       -1.9142
  89       -1.9111
  90       -1.9111
  91       -1.9049
  92       -1.9049
  93       -1.8489
  94       -1.8489
  95       -1.8441
  96       -1.8269
  97       -1.8268
  98       -1.8268
  99       -1.8035
 100       -1.8035
 101       -1.7534
 102       -1.7534
 103       -1.7343
 104       -1.7195
 105       -1.7195
 106       -1.7102
 107       -1.6189
 108       -1.6189
 109       -1.5955
 110       -1.5955
 111       -1.5634
 112       -1.5280
 113       -1.5255
 114       -1.5255
 115       -1.4523
 116       -1.4250
 117       -1.4250
 118       -1.3969
 119       -1.3733
 120       -1.3733
 121       -1.3542
 122       -1.3542
 123       -1.2889
 124       -1.2803
 125       -1.2803
 126       -1.2772
 127       -1.2772
 128       -1.2694
 129       -1.2694
 130       -1.2663
 131       -1.2663
 132       -1.2355
 133       -1.2355
 134       -1.2144
 135       -1.2049
 136       -1.2049
 137       -1.1606
 138       -1.1606
 139       -1.1411
 140       -1.1193
 141       -1.1119
 142       -1.0746
 143       -1.0746
 144       -1.0720
 145       -1.0720
 146       -1.0646
 147       -1.0646
 148       -1.0637
 149       -1.0038
 150       -1.0038
 151       -0.9836
 152       -0.9360
 153       -0.9360
 154       -0.9308
 155       -0.9246
 156       -0.9246
 157       -0.8827
 158       -0.8827
 159       -0.8805
 160       -0.8805
 161       -0.8681
 162       -0.8681
 163       -0.8428
 164       -0.8345
 165       -0.7051
 166       -0.3663
 167        0.0223
 168        0.0223
 169        0.4633
 170        0.5555
 171        0.5555
 172        0.5590
 173        0.5590
 174        1.0950
 175        1.6979
 176        1.6979
 177        2.8112
 178        2.8112
 179        2.8677
 180        2.8677
 181        3.0075
 182        3.0075
 183        3.3563
 184        3.3563
 185        4.0772
 186        4.0772
 187        4.4912
 188        4.6166
 189        4.9053
 190        4.9053
 191        5.3023
 192        5.3023
 193        5.8972
 194        5.8972
 195        5.9622
 196        5.9622
 197        6.3108
 198        6.3108
 199        6.7068
 200        6.7884
 201        6.7884
 202        6.8425
 203        6.8425
 204        7.1241
 205        7.2605
 206        7.6341
 207        8.2466
 208        8.3683
 209        8.8329
 210        8.9262
 211        9.0330
 212        9.1753
 
  0.4375000E+00  0.3125000E+00  0.6250000E-01  0.9375000E-01
   1       -3.8541
   2       -3.6151
   3       -3.2134
   4       -3.1940
   5       -3.1723
   6       -3.1483
   7       -3.1337
   8       -3.1146
   9       -3.1058
  10       -3.0893
  11       -3.0887
  12       -3.0584
  13       -3.0582
  14       -3.0571
  15       -3.0565
  16       -3.0463
  17       -3.0421
  18       -3.0136
  19       -3.0096
  20       -2.9952
  21       -2.9912
  22       -2.9675
  23       -2.9667
  24       -2.9527
  25       -2.9521
  26       -2.9437
  27       -2.9372
  28       -2.9353
  29       -2.9314
  30       -2.9117
  31       -2.8456
  32       -2.8291
  33       -2.8243
  34       -2.8237
  35       -2.7812
  36       -2.7699
  37       -2.7639
  38       -2.7510
  39       -2.7340
  40       -2.7012
  41       -2.6964
  42       -2.6819
  43       -2.6179
  44       -2.6128
  45       -2.5777
  46       -2.5542
  47       -2.5264
  48       -2.5073
  49       -2.4741
  50       -2.4591
  51       -2.4476
  52       -2.4451
  53       -2.4162
  54       -2.4081
  55       -2.4040
  56       -2.3877
  57       -2.3517
  58       -2.2899
  59       -2.2702
  60       -2.2687
  61       -2.2648
  62       -2.2112
  63       -2.2112
  64       -2.1787
  65       -2.1251
  66       -2.1247
  67       -2.1212
  68       -2.1148
  69       -2.0971
  70       -2.0902
  71       -2.0816
  72       -2.0755
  73       -2.0721
  74       -2.0610
  75       -2.0441
  76       -2.0354
  77       -2.0321
  78       -2.0294
  79       -2.0188
  80       -2.0167
  81       -2.0167
  82       -2.0111
  83       -2.0061
  84       -1.9882
  85       -1.9877
  86       -1.9610
  87       -1.9578
  88       -1.9430
  89       -1.9040
  90       -1.8870
  91       -1.8842
  92       -1.8822
  93       -1.8729
  94       -1.8678
  95       -1.8658
  96       -1.8317
  97       -1.8028
  98       -1.7810
  99       -1.7544
 100       -1.7315
 101       -1.7279
 102       -1.6820
 103       -1.6816
 104       -1.6761
 105       -1.6755
 106       -1.6512
 107       -1.6245
 108       -1.6215
 109       -1.5999
 110       -1.5986
 111       -1.5952
 112       -1.5824
 113       -1.5815
 114       -1.5762
 115       -1.5738
 116       -1.4778
 117       -1.4711
 118       -1.4624
 119       -1.4493
 120       -1.4137
 121       -1.4019
 122       -1.3881
 123       -1.3528
 124       -1.3487
 125       -1.3115
 126       -1.3097
 127       -1.2829
 128       -1.2797
 129       -1.2656
 130       -1.2098
 131       -1.1816
 132       -1.1752
 133       -1.1675
 134       -1.1538
 135       -1.1420
 136       -1.1419
 137       -1.1377
 138       -1.1117
 139       -1.1017
 140       -1.0878
 141       -1.0799
 142       -1.0619
 143       -1.0501
 144       -1.0486
 145       -1.0456
 146       -1.0358
 147       -1.0126
 148       -1.0094
 149       -1.0091
 150       -1.0040
 151       -1.0017
 152       -0.9760
 153       -0.9671
 154       -0.9658
 155       -0.9627
 156       -0.9612
 157       -0.9609
 158       -0.9570
 159       -0.9485
 160       -0.9390
 161       -0.8776
 162       -0.8772
 163       -0.8736
 164       -0.8655
 165       -0.6187
 166       -0.3281
 167       -0.1262
 168        0.0831
 169        0.1848
 170        0.2174
 171        0.6632
 172        0.8381
 173        0.8931
 174        1.2752
 175        1.2753
 176        2.0556
 177        2.4318
 178        2.9322
 179        3.0339
 180        3.2145
 181        3.2310
 182        3.3740
 183        3.4345
 184        3.5824
 185        3.6235
 186        4.1145
 187        4.4165
 188        4.9172
 189        4.9899
 190        4.9994
 191        5.2114
 192        5.3322
 193        5.4453
 194        5.5250
 195        5.6438
 196        5.9361
 197        5.9835
 198        6.0160
 199        6.1406
 200        6.2769
 201        6.4589
 202        6.6690
 203        7.3273
 204        7.4157
 205        7.6028
 206        7.9814
 207        8.2065
 208        8.2199
 209        8.3430
 210        8.4965
 211        8.5499
 212        9.0417
 
  0.4375000E+00  0.4375000E+00  0.6250000E-01  0.4687500E-01
   1       -3.6764
   2       -3.4560
   3       -3.4560
   4       -3.2633
   5       -3.1540
   6       -3.1289
   7       -3.1053
   8       -3.0880
   9       -3.0880
  10       -3.0600
  11       -3.0600
  12       -3.0517
  13       -3.0517
  14       -3.0503
  15       -3.0399
  16       -3.0399
  17       -3.0075
  18       -3.0055
  19       -2.9995
  20       -2.9995
  21       -2.9832
  22       -2.9832
  23       -2.9611
  24       -2.9611
  25       -2.9486
  26       -2.9486
  27       -2.9188
  28       -2.9188
  29       -2.8875
  30       -2.8875
  31       -2.8866
  32       -2.8866
  33       -2.8677
  34       -2.8677
  35       -2.8631
  36       -2.8631
  37       -2.8587
  38       -2.8033
  39       -2.8033
  40       -2.7868
  41       -2.7868
  42       -2.7384
  43       -2.7384
  44       -2.6211
  45       -2.5652
  46       -2.5652
  47       -2.5115
  48       -2.5115
  49       -2.5074
  50       -2.5074
  51       -2.4610
  52       -2.4610
  53       -2.4267
  54       -2.4132
  55       -2.4132
  56       -2.3707
  57       -2.2757
  58       -2.2549
  59       -2.2502
  60       -2.2502
  61       -2.1989
  62       -2.1862
  63       -2.1862
  64       -2.1651
  65       -2.0739
  66       -2.0499
  67       -2.0456
  68       -2.0448
  69       -2.0335
  70       -2.0104
  71       -2.0104
  72       -2.0005
  73       -1.9975
  74       -1.9975
  75       -1.9916
  76       -1.9892
  77       -1.9892
  78       -1.9740
  79       -1.9740
  80       -1.9727
  81       -1.9727
  82       -1.9488
  83       -1.9383
  84       -1.9142
  85       -1.9142
  86       -1.8836
  87       -1.8836
  88       -1.8834
  89       -1.8834
  90       -1.8718
  91       -1.8718
  92       -1.8702
  93       -1.8702
  94       -1.8660
  95       -1.8519
  96       -1.8519
  97       -1.7965
  98       -1.7936
  99       -1.7936
 100       -1.7731
 101       -1.7731
 102       -1.7508
 103       -1.7505
 104       -1.7505
 105       -1.7149
 106       -1.7149
 107       -1.6966
 108       -1.6966
 109       -1.6802
 110       -1.6797
 111       -1.6797
 112       -1.6758
 113       -1.6758
 114       -1.6653
 115       -1.6461
 116       -1.6461
 117       -1.6233
 118       -1.5670
 119       -1.5670
 120       -1.5117
 121       -1.3916
 122       -1.3605
 123       -1.3230
 124       -1.3230
 125       -1.2691
 126       -1.2691
 127       -1.2469
 128       -1.2245
 129       -1.2245
 130       -1.1831
 131       -1.1831
 132       -1.1681
 133       -1.1681
 134       -1.1342
 135       -1.1012
 136       -1.1012
 137       -1.0900
 138       -1.0900
 139       -1.0828
 140       -1.0707
 141       -1.0707
 142       -1.0385
 143       -1.0385
 144       -1.0293
 145       -1.0074
 146       -1.0067
 147       -1.0067
 148       -1.0064
 149       -0.9749
 150       -0.9749
 151       -0.9719
 152       -0.9719
 153       -0.9690
 154       -0.9690
 155       -0.9616
 156       -0.9599
 157       -0.9599
 158       -0.9570
 159       -0.9570
 160       -0.9544
 161       -0.9544
 162       -0.9475
 163       -0.9475
 164       -0.9142
 165       -0.4910
 166       -0.2510
 167       -0.2510
 168       -0.0765
 169        0.0532
 170        0.3188
 171        0.3188
 172        0.5340
 173        1.6110
 174        1.6110
 175        2.0003
 176        2.0003
 177        2.3942
 178        2.3942
 179        2.7907
 180        2.7907
 181        3.7052
 182        3.7052
 183        3.7106
 184        3.7106
 185        4.1185
 186        4.1185
 187        4.4973
 188        4.4973
 189        5.0920
 190        5.0920
 191        5.2463
 192        5.2463
 193        5.3434
 194        5.4001
 195        5.4001
 196        5.6541
 197        5.6541
 198        5.7785
 199        5.7785
 200        5.9081
 201        6.1921
 202        6.6393
 203        6.6393
 204        7.2617
 205        8.1322
 206        8.1724
 207        8.1849
 208        8.2055
 209        8.3097
 210        8.7168
 211        8.9262
 212        9.5520
 
  0.1875000E+00  0.1875000E+00  0.1875000E+00  0.1562500E-01
   1       -4.2443
   2       -3.3234
   3       -3.2876
   4       -3.2876
   5       -3.2876
   6       -3.2470
   7       -3.2470
   8       -3.2470
   9       -3.2030
  10       -3.2030
  11       -3.2030
  12       -3.1463
  13       -3.1463
  14       -3.1463
  15       -2.9593
  16       -2.9593
  17       -2.9593
  18       -2.8570
  19       -2.8570
  20       -2.8570
  21       -2.8504
  22       -2.8504
  23       -2.8504
  24       -2.8504
  25       -2.8504
  26       -2.8504
  27       -2.8394
  28       -2.8394
  29       -2.8394
  30       -2.7838
  31       -2.7838
  32       -2.7838
  33       -2.7382
  34       -2.7382
  35       -2.7382
  36       -2.7382
  37       -2.7382
  38       -2.7382
  39       -2.6468
  40       -2.6468
  41       -2.6468
  42       -2.6468
  43       -2.6468
  44       -2.6468
  45       -2.5795
  46       -2.5795
  47       -2.5795
  48       -2.3997
  49       -2.3997
  50       -2.3997
  51       -2.3997
  52       -2.3997
  53       -2.3997
  54       -2.3852
  55       -2.3852
  56       -2.3852
  57       -2.2954
  58       -2.2954
  59       -2.2954
  60       -2.2942
  61       -2.2942
  62       -2.2942
  63       -2.2610
  64       -2.2003
  65       -2.2003
  66       -2.1710
  67       -2.1710
  68       -2.1657
  69       -2.1657
  70       -2.1657
  71       -2.1657
  72       -2.1657
  73       -2.1657
  74       -2.1353
  75       -2.1353
  76       -2.1353
  77       -2.0681
  78       -2.0681
  79       -2.0681
  80       -2.0681
  81       -2.0681
  82       -2.0681
  83       -2.0029
  84       -2.0029
  85       -2.0029
  86       -1.9592
  87       -1.9592
  88       -1.9592
  89       -1.9487
  90       -1.9487
  91       -1.9487
  92       -1.8959
  93       -1.8959
  94       -1.8959
  95       -1.8353
  96       -1.8353
  97       -1.8353
  98       -1.7090
  99       -1.7090
 100       -1.7090
 101       -1.6495
 102       -1.6495
 103       -1.6495
 104       -1.6495
 105       -1.6495
 106       -1.6495
 107       -1.6291
 108       -1.6291
 109       -1.6291
 110       -1.5337
 111       -1.5337
 112       -1.5337
 113       -1.5010
 114       -1.5010
 115       -1.4936
 116       -1.4936
 117       -1.4936
 118       -1.4125
 119       -1.4125
 120       -1.4125
 121       -1.4062
 122       -1.4062
 123       -1.4062
 124       -1.4062
 125       -1.4062
 126       -1.4062
 127       -1.2659
 128       -1.2659
 129       -1.2659
 130       -1.2323
 131       -1.2323
 132       -1.2323
 133       -1.2323
 134       -1.2323
 135       -1.2323
 136       -1.2320
 137       -1.2320
 138       -1.2320
 139       -1.1860
 140       -1.1860
 141       -1.1860
 142       -1.0595
 143       -1.0595
 144       -1.0595
 145       -1.0341
 146       -1.0341
 147       -1.0341
 148       -1.0055
 149       -1.0055
 150       -0.9912
 151       -0.9912
 152       -0.9912
 153       -0.9064
 154       -0.9064
 155       -0.9064
 156       -0.8417
 157       -0.8417
 158       -0.8417
 159       -0.8417
 160       -0.8417
 161       -0.8417
 162       -0.8110
 163       -0.8110
 164       -0.8110
 165       -0.2107
 166       -0.2107
 167       -0.2107
 168       -0.0365
 169       -0.0365
 170       -0.0365
 171        0.6660
 172        1.5324
 173        1.5324
 174        1.5324
 175        1.5324
 176        1.5324
 177        1.5324
 178        2.3068
 179        2.3068
 180        2.3068
 181        3.2003
 182        3.2003
 183        3.2003
 184        3.5137
 185        3.5137
 186        3.5137
 187        5.0993
 188        5.0993
 189        5.0993
 190        5.5382
 191        5.5382
 192        5.5382
 193        5.5382
 194        5.5382
 195        5.5382
 196        6.5591
 197        7.1669
 198        7.1669
 199        7.1670
 200        7.1894
 201        7.1894
 202        7.1894
 203        7.1894
 204        7.1895
 205        7.1895
 206        8.2556
 207        8.2579
 208        8.2918
 209        8.8008
 210        8.8318
 211        8.9248
 212        8.9778
 
  0.3125000E+00  0.1875000E+00  0.1875000E+00  0.4687500E-01
   1       -4.1111
   2       -3.4038
   3       -3.2915
   4       -3.2419
   5       -3.2411
   6       -3.2411
   7       -3.1931
   8       -3.1931
   9       -3.1712
  10       -3.1635
  11       -3.1315
  12       -3.1315
  13       -3.0944
  14       -3.0944
  15       -3.0306
  16       -3.0105
  17       -2.9623
  18       -2.9623
  19       -2.9439
  20       -2.9439
  21       -2.9333
  22       -2.9085
  23       -2.9085
  24       -2.8829
  25       -2.8829
  26       -2.8650
  27       -2.8524
  28       -2.8524
  29       -2.8167
  30       -2.8167
  31       -2.8068
  32       -2.8068
  33       -2.7924
  34       -2.7924
  35       -2.7835
  36       -2.7835
  37       -2.7453
  38       -2.7453
  39       -2.7188
  40       -2.7188
  41       -2.6331
  42       -2.6331
  43       -2.5950
  44       -2.5950
  45       -2.5184
  46       -2.5184
  47       -2.4915
  48       -2.4759
  49       -2.4759
  50       -2.4201
  51       -2.3997
  52       -2.3997
  53       -2.3816
  54       -2.3816
  55       -2.3801
  56       -2.3801
  57       -2.3374
  58       -2.3121
  59       -2.3121
  60       -2.2975
  61       -2.2975
  62       -2.2881
  63       -2.2274
  64       -2.2274
  65       -2.2189
  66       -2.1974
  67       -2.1974
  68       -2.1873
  69       -2.1785
  70       -2.1395
  71       -2.1359
  72       -2.1102
  73       -2.1102
  74       -2.0862
  75       -2.0862
  76       -2.0731
  77       -2.0619
  78       -2.0619
  79       -2.0314
  80       -2.0314
  81       -2.0217
  82       -2.0217
  83       -2.0214
  84       -2.0214
  85       -2.0002
  86       -2.0002
  87       -1.9915
  88       -1.9763
  89       -1.9320
  90       -1.8827
  91       -1.8827
  92       -1.8572
  93       -1.8572
  94       -1.8414
  95       -1.8414
  96       -1.8403
  97       -1.8037
  98       -1.7896
  99       -1.7896
 100       -1.7472
 101       -1.7412
 102       -1.7412
 103       -1.6447
 104       -1.6447
 105       -1.6043
 106       -1.6043
 107       -1.5660
 108       -1.5622
 109       -1.5622
 110       -1.5383
 111       -1.5383
 112       -1.5381
 113       -1.5296
 114       -1.5296
 115       -1.4746
 116       -1.4633
 117       -1.4448
 118       -1.4448
 119       -1.4139
 120       -1.4139
 121       -1.4113
 122       -1.3761
 123       -1.3734
 124       -1.3734
 125       -1.3711
 126       -1.3711
 127       -1.3685
 128       -1.3298
 129       -1.3196
 130       -1.3196
 131       -1.1865
 132       -1.1865
 133       -1.1688
 134       -1.1688
 135       -1.1652
 136       -1.1652
 137       -1.1325
 138       -1.1325
 139       -1.1192
 140       -1.1192
 141       -1.1187
 142       -1.1187
 143       -1.1054
 144       -1.0891
 145       -1.0846
 146       -1.0671
 147       -1.0669
 148       -1.0669
 149       -1.0651
 150       -1.0487
 151       -1.0487
 152       -0.9941
 153       -0.9241
 154       -0.9136
 155       -0.9136
 156       -0.8961
 157       -0.8961
 158       -0.8941
 159       -0.8941
 160       -0.8408
 161       -0.8393
 162       -0.8393
 163       -0.8200
 164       -0.8200
 165       -0.4049
 166       -0.4049
 167       -0.0295
 168        0.0228
 169        0.0228
 170        0.3073
 171        0.4261
 172        1.0847
 173        1.0847
 174        1.6139
 175        1.6139
 176        2.1041
 177        2.1041
 178        2.2138
 179        2.2138
 180        2.7421
 181        2.8759
 182        3.2770
 183        3.7750
 184        3.7750
 185        3.8784
 186        3.8784
 187        4.6508
 188        4.6508
 189        4.8756
 190        5.0301
 191        5.0301
 192        5.6139
 193        5.6139
 194        5.7205
 195        5.7205
 196        6.2622
 197        6.2890
 198        6.2890
 199        6.7202
 200        6.7202
 201        7.2097
 202        7.3709
 203        7.3709
 204        7.7430
 205        7.7434
 206        7.8788
 207        7.8814
 208        8.2879
 209        8.3230
 210        8.3530
 211        8.4329
 212        9.1510
 
  0.4375000E+00  0.1875000E+00  0.1875000E+00  0.4687500E-01
   1       -3.9177
   2       -3.6748
   3       -3.2289
   4       -3.1795
   5       -3.1692
   6       -3.1692
   7       -3.1351
   8       -3.1134
   9       -3.1134
  10       -3.1071
  11       -3.1038
  12       -3.0765
  13       -3.0742
  14       -3.0742
  15       -3.0329
  16       -3.0329
  17       -3.0311
  18       -3.0311
  19       -3.0250
  20       -3.0092
  21       -3.0092
  22       -2.9700
  23       -2.9670
  24       -2.9670
  25       -2.9142
  26       -2.9142
  27       -2.9072
  28       -2.9072
  29       -2.8541
  30       -2.8541
  31       -2.8496
  32       -2.8496
  33       -2.8386
  34       -2.8386
  35       -2.7559
  36       -2.7559
  37       -2.7221
  38       -2.7221
  39       -2.6271
  40       -2.6271
  41       -2.6065
  42       -2.6065
  43       -2.5536
  44       -2.5536
  45       -2.5268
  46       -2.5268
  47       -2.4945
  48       -2.4945
  49       -2.4547
  50       -2.4547
  51       -2.4317
  52       -2.4317
  53       -2.4112
  54       -2.4099
  55       -2.3792
  56       -2.3579
  57       -2.3579
  58       -2.3432
  59       -2.3432
  60       -2.3402
  61       -2.3343
  62       -2.3343
  63       -2.1921
  64       -2.1895
  65       -2.1895
  66       -2.1842
  67       -2.1555
  68       -2.1555
  69       -2.1354
  70       -2.1236
  71       -2.1236
  72       -2.0838
  73       -2.0828
  74       -2.0780
  75       -2.0780
  76       -2.0723
  77       -2.0704
  78       -2.0704
  79       -2.0550
  80       -2.0550
  81       -2.0470
  82       -2.0470
  83       -2.0194
  84       -2.0194
  85       -2.0184
  86       -2.0154
  87       -1.9941
  88       -1.9657
  89       -1.9657
  90       -1.9538
  91       -1.9538
  92       -1.9023
  93       -1.8763
  94       -1.8763
  95       -1.8695
  96       -1.8695
  97       -1.6992
  98       -1.6992
  99       -1.6772
 100       -1.6079
 101       -1.6046
 102       -1.6046
 103       -1.5819
 104       -1.5724
 105       -1.5724
 106       -1.5712
 107       -1.5712
 108       -1.5495
 109       -1.5495
 110       -1.5366
 111       -1.5366
 112       -1.5185
 113       -1.5016
 114       -1.5016
 115       -1.4894
 116       -1.4894
 117       -1.4853
 118       -1.4853
 119       -1.4853
 120       -1.4395
 121       -1.4395
 122       -1.4362
 123       -1.4204
 124       -1.4204
 125       -1.3873
 126       -1.3727
 127       -1.3727
 128       -1.3092
 129       -1.2921
 130       -1.2655
 131       -1.2357
 132       -1.2237
 133       -1.2237
 134       -1.1816
 135       -1.1750
 136       -1.1679
 137       -1.1363
 138       -1.1363
 139       -1.1290
 140       -1.1290
 141       -1.0776
 142       -1.0776
 143       -1.0435
 144       -1.0435
 145       -1.0427
 146       -1.0427
 147       -1.0283
 148       -1.0230
 149       -1.0230
 150       -0.9660
 151       -0.9660
 152       -0.9659
 153       -0.9646
 154       -0.9646
 155       -0.9635
 156       -0.9635
 157       -0.9526
 158       -0.9526
 159       -0.9344
 160       -0.8826
 161       -0.8352
 162       -0.8352
 163       -0.8287
 164       -0.8287
 165       -0.7105
 166       -0.7105
 167        0.0018
 168        0.0953
 169        0.3273
 170        0.3273
 171        0.6833
 172        0.6833
 173        1.1480
 174        1.7384
 175        1.7384
 176        1.9049
 177        1.9049
 178        1.9309
 179        2.9668
 180        2.9668
 181        3.2550
 182        3.3386
 183        3.7835
 184        3.7835
 185        4.1310
 186        4.1310
 187        4.5561
 188        4.5561
 189        4.6199
 190        4.6199
 191        4.9701
 192        5.4208
 193        5.4208
 194        5.4838
 195        5.9942
 196        5.9942
 197        6.2717
 198        6.2717
 199        6.3262
 200        6.3262
 201        7.0336
 202        7.0336
 203        7.6266
 204        7.6270
 205        7.9331
 206        7.9535
 207        7.9685
 208        8.1849
 209        8.1884
 210        8.3243
 211        8.3602
 212        8.9612
 
  0.3125000E+00  0.3125000E+00  0.1875000E+00  0.4687500E-01
   1       -3.9841
   2       -3.3249
   3       -3.3249
   4       -3.2733
   5       -3.2109
   6       -3.1988
   7       -3.1988
   8       -3.1549
   9       -3.1190
  10       -3.1190
  11       -3.0936
  12       -3.0898
  13       -3.0898
  14       -3.0496
  15       -3.0432
  16       -3.0432
  17       -3.0073
  18       -3.0073
  19       -2.9991
  20       -2.9691
  21       -2.9691
  22       -2.9614
  23       -2.9247
  24       -2.9247
  25       -2.9105
  26       -2.9105
  27       -2.8826
  28       -2.8659
  29       -2.8659
  30       -2.8456
  31       -2.8456
  32       -2.8418
  33       -2.8418
  34       -2.8268
  35       -2.8268
  36       -2.8065
  37       -2.8065
  38       -2.7491
  39       -2.7491
  40       -2.7024
  41       -2.7024
  42       -2.6335
  43       -2.5899
  44       -2.5899
  45       -2.5023
  46       -2.5023
  47       -2.4539
  48       -2.4539
  49       -2.4484
  50       -2.4484
  51       -2.4418
  52       -2.4418
  53       -2.4261
  54       -2.4011
  55       -2.3629
  56       -2.3629
  57       -2.3525
  58       -2.3525
  59       -2.3161
  60       -2.3066
  61       -2.2947
  62       -2.1906
  63       -2.1906
  64       -2.1770
  65       -2.1651
  66       -2.1651
  67       -2.1529
  68       -2.1229
  69       -2.1090
  70       -2.0777
  71       -2.0777
  72       -2.0729
  73       -2.0729
  74       -2.0544
  75       -2.0421
  76       -2.0399
  77       -2.0399
  78       -2.0169
  79       -2.0169
  80       -2.0076
  81       -2.0076
  82       -1.9996
  83       -1.9996
  84       -1.9889
  85       -1.9822
  86       -1.9445
  87       -1.9445
  88       -1.9325
  89       -1.9120
  90       -1.9120
  91       -1.9085
  92       -1.9007
  93       -1.9007
  94       -1.8597
  95       -1.8572
  96       -1.8572
  97       -1.8391
  98       -1.8391
  99       -1.7373
 100       -1.7373
 101       -1.7258
 102       -1.7258
 103       -1.6745
 104       -1.6745
 105       -1.6388
 106       -1.6388
 107       -1.6332
 108       -1.6027
 109       -1.5899
 110       -1.5426
 111       -1.5216
 112       -1.5216
 113       -1.5083
 114       -1.5038
 115       -1.5038
 116       -1.4991
 117       -1.4991
 118       -1.4782
 119       -1.4782
 120       -1.4708
 121       -1.4093
 122       -1.4093
 123       -1.4043
 124       -1.4043
 125       -1.3708
 126       -1.3708
 127       -1.3268
 128       -1.3268
 129       -1.2872
 130       -1.2872
 131       -1.2537
 132       -1.2529
 133       -1.2529
 134       -1.2220
 135       -1.1948
 136       -1.1897
 137       -1.1538
 138       -1.1124
 139       -1.1124
 140       -1.0942
 141       -1.0942
 142       -1.0725
 143       -1.0679
 144       -1.0679
 145       -1.0572
 146       -1.0506
 147       -1.0506
 148       -1.0433
 149       -1.0433
 150       -0.9935
 151       -0.9806
 152       -0.9806
 153       -0.9169
 154       -0.9169
 155       -0.9143
 156       -0.9143
 157       -0.9011
 158       -0.8892
 159       -0.8892
 160       -0.8864
 161       -0.8864
 162       -0.8440
 163       -0.8440
 164       -0.8394
 165       -0.7225
 166       -0.4148
 167       -0.4148
 168       -0.0978
 169        0.2041
 170        0.6642
 171        0.6642
 172        1.1760
 173        1.1760
 174        1.7569
 175        1.7569
 176        1.7887
 177        2.3178
 178        2.3178
 179        2.8092
 180        2.8092
 181        2.9898
 182        2.9898
 183        3.9507
 184        3.9507
 185        4.0202
 186        4.1685
 187        4.1685
 188        4.5436
 189        4.8112
 190        4.8112
 191        5.2243
 192        5.2243
 193        5.2415
 194        5.2415
 195        5.8372
 196        5.8372
 197        6.2140
 198        6.2670
 199        6.4611
 200        6.4611
 201        6.8953
 202        6.8953
 203        7.4278
 204        7.4286
 205        7.8759
 206        7.9667
 207        7.9860
 208        8.2881
 209        8.5416
 210        8.6388
 211        9.0335
 212        9.1201
 
  0.4375000E+00  0.3125000E+00  0.1875000E+00  0.9375000E-01
   1       -3.8011
   2       -3.5739
   3       -3.2265
   4       -3.2207
   5       -3.1545
   6       -3.1499
   7       -3.1419
   8       -3.1300
   9       -3.1069
  10       -3.0944
  11       -3.0854
  12       -3.0762
  13       -3.0728
  14       -3.0685
  15       -3.0456
  16       -3.0370
  17       -3.0326
  18       -3.0264
  19       -3.0124
  20       -2.9903
  21       -2.9597
  22       -2.9590
  23       -2.9581
  24       -2.9524
  25       -2.9445
  26       -2.9432
  27       -2.9430
  28       -2.9388
  29       -2.9303
  30       -2.8911
  31       -2.8797
  32       -2.8731
  33       -2.8597
  34       -2.8459
  35       -2.8378
  36       -2.8248
  37       -2.8134
  38       -2.8082
  39       -2.7354
  40       -2.6919
  41       -2.6125
  42       -2.6086
  43       -2.6066
  44       -2.5693
  45       -2.5368
  46       -2.5220
  47       -2.5095
  48       -2.5074
  49       -2.4835
  50       -2.4405
  51       -2.4253
  52       -2.4091
  53       -2.3964
  54       -2.3935
  55       -2.3914
  56       -2.3819
  57       -2.3375
  58       -2.3365
  59       -2.3274
  60       -2.3244
  61       -2.2553
  62       -2.1767
  63       -2.1659
  64       -2.1645
  65       -2.1172
  66       -2.0850
  67       -2.0839
  68       -2.0804
  69       -2.0771
  70       -2.0686
  71       -2.0672
  72       -2.0672
  73       -2.0650
  74       -2.0373
  75       -2.0243
  76       -2.0229
  77       -2.0228
  78       -2.0213
  79       -2.0188
  80       -2.0116
  81       -1.9972
  82       -1.9809
  83       -1.9718
  84       -1.9640
  85       -1.9515
  86       -1.9487
  87       -1.9447
  88       -1.9439
  89       -1.9439
  90       -1.9404
  91       -1.9328
  92       -1.9324
  93       -1.9162
  94       -1.8866
  95       -1.8373
  96       -1.8368
  97       -1.7848
  98       -1.7658
  99       -1.7419
 100       -1.7079
 101       -1.6904
 102       -1.6827
 103       -1.6674
 104       -1.6533
 105       -1.6462
 106       -1.6403
 107       -1.6315
 108       -1.6005
 109       -1.5993
 110       -1.5872
 111       -1.5839
 112       -1.5728
 113       -1.5623
 114       -1.5415
 115       -1.5309
 116       -1.5179
 117       -1.4942
 118       -1.4647
 119       -1.4603
 120       -1.4406
 121       -1.4307
 122       -1.4304
 123       -1.4295
 124       -1.4179
 125       -1.3674
 126       -1.3663
 127       -1.3641
 128       -1.3575
 129       -1.3416
 130       -1.2934
 131       -1.2895
 132       -1.2721
 133       -1.2651
 134       -1.2383
 135       -1.2170
 136       -1.1909
 137       -1.1646
 138       -1.1599
 139       -1.1320
 140       -1.0462
 141       -1.0179
 142       -1.0161
 143       -1.0140
 144       -1.0030
 145       -0.9965
 146       -0.9875
 147       -0.9874
 148       -0.9871
 149       -0.9861
 150       -0.9766
 151       -0.9731
 152       -0.9697
 153       -0.9511
 154       -0.9504
 155       -0.9470
 156       -0.9465
 157       -0.9400
 158       -0.9294
 159       -0.9236
 160       -0.9203
 161       -0.8783
 162       -0.8772
 163       -0.8744
 164       -0.8600
 165       -0.8588
 166       -0.7290
 167       -0.4074
 168       -0.3305
 169        0.4656
 170        0.7926
 171        0.9768
 172        1.3210
 173        1.3440
 174        1.3878
 175        1.5250
 176        2.1729
 177        2.4661
 178        2.5034
 179        2.6430
 180        3.0907
 181        3.3130
 182        3.3247
 183        3.4881
 184        3.7231
 185        3.9139
 186        3.9255
 187        4.3579
 188        4.6552
 189        4.7655
 190        4.9918
 191        5.0198
 192        5.1740
 193        5.2611
 194        5.4934
 195        5.5023
 196        5.6594
 197        5.8434
 198        5.8699
 199        6.0728
 200        6.5870
 201        6.7129
 202        6.9081
 203        7.0374
 204        7.5142
 205        7.6819
 206        8.0535
 207        8.2389
 208        8.5683
 209        8.6175
 210        8.6606
 211        8.9487
 212        9.1271
 
  0.4375000E+00  0.4375000E+00  0.1875000E+00  0.4687500E-01
   1       -3.6354
   2       -3.4343
   3       -3.4343
   4       -3.2713
   5       -3.1997
   6       -3.1472
   7       -3.1472
   8       -3.1257
   9       -3.1142
  10       -3.0781
  11       -3.0781
  12       -3.0593
  13       -3.0485
  14       -3.0485
  15       -3.0194
  16       -3.0194
  17       -3.0075
  18       -3.0075
  19       -3.0009
  20       -2.9907
  21       -2.9895
  22       -2.9895
  23       -2.9731
  24       -2.9731
  25       -2.9388
  26       -2.9388
  27       -2.9250
  28       -2.9250
  29       -2.9066
  30       -2.9066
  31       -2.8991
  32       -2.8991
  33       -2.8606
  34       -2.8606
  35       -2.8382
  36       -2.8382
  37       -2.8368
  38       -2.8085
  39       -2.8085
  40       -2.7202
  41       -2.7202
  42       -2.7191
  43       -2.7191
  44       -2.6073
  45       -2.5255
  46       -2.5255
  47       -2.4853
  48       -2.4853
  49       -2.4804
  50       -2.4804
  51       -2.4461
  52       -2.4461
  53       -2.4022
  54       -2.3527
  55       -2.3527
  56       -2.3400
  57       -2.3400
  58       -2.3366
  59       -2.3288
  60       -2.3221
  61       -2.1540
  62       -2.1445
  63       -2.1445
  64       -2.1301
  65       -2.0811
  66       -2.0580
  67       -2.0415
  68       -2.0366
  69       -2.0366
  70       -2.0178
  71       -2.0167
  72       -2.0167
  73       -2.0120
  74       -2.0120
  75       -2.0006
  76       -1.9953
  77       -1.9885
  78       -1.9802
  79       -1.9802
  80       -1.9762
  81       -1.9647
  82       -1.9647
  83       -1.9351
  84       -1.9351
  85       -1.9208
  86       -1.9084
  87       -1.9084
  88       -1.8754
  89       -1.8754
  90       -1.8651
  91       -1.8651
  92       -1.8218
  93       -1.8218
  94       -1.8138
  95       -1.8085
  96       -1.8023
  97       -1.8023
  98       -1.7952
  99       -1.7952
 100       -1.7805
 101       -1.7446
 102       -1.7446
 103       -1.7413
 104       -1.7413
 105       -1.7090
 106       -1.7090
 107       -1.7065
 108       -1.7065
 109       -1.7043
 110       -1.7043
 111       -1.6369
 112       -1.6369
 113       -1.6170
 114       -1.5958
 115       -1.5958
 116       -1.5882
 117       -1.5779
 118       -1.5779
 119       -1.5688
 120       -1.5443
 121       -1.4489
 122       -1.3797
 123       -1.3703
 124       -1.3703
 125       -1.3598
 126       -1.3598
 127       -1.3195
 128       -1.3195
 129       -1.2981
 130       -1.2898
 131       -1.2898
 132       -1.2830
 133       -1.2830
 134       -1.2272
 135       -1.2272
 136       -1.1973
 137       -1.1973
 138       -1.1692
 139       -1.1566
 140       -1.1129
 141       -0.9794
 142       -0.9794
 143       -0.9736
 144       -0.9561
 145       -0.9561
 146       -0.9476
 147       -0.9476
 148       -0.9443
 149       -0.9443
 150       -0.9438
 151       -0.9438
 152       -0.9438
 153       -0.9423
 154       -0.9423
 155       -0.9401
 156       -0.9318
 157       -0.9318
 158       -0.9260
 159       -0.9260
 160       -0.9233
 161       -0.9233
 162       -0.9132
 163       -0.8969
 164       -0.8969
 165       -0.8945
 166       -0.7262
 167       -0.7262
 168       -0.6172
 169        0.6798
 170        0.9669
 171        0.9669
 172        1.2110
 173        1.7060
 174        1.7060
 175        2.0817
 176        2.0817
 177        2.4972
 178        2.4972
 179        2.8819
 180        2.8819
 181        3.2582
 182        3.2582
 183        3.4297
 184        3.4297
 185        4.1074
 186        4.1074
 187        4.2156
 188        4.2156
 189        4.6739
 190        5.0593
 191        5.0593
 192        5.2627
 193        5.2627
 194        5.4139
 195        5.4908
 196        5.4908
 197        5.8872
 198        5.8872
 199        6.0000
 200        6.2027
 201        6.2027
 202        6.7408
 203        6.7408
 204        7.4360
 205        7.6160
 206        8.3914
 207        8.4044
 208        8.8927
 209        8.9759
 210        9.0384
 211        9.0827
 212        9.2462
 
  0.3125000E+00  0.3125000E+00  0.3125000E+00  0.1562500E-01
   1       -3.8666
   2       -3.2824
   3       -3.2824
   4       -3.2824
   5       -3.2704
   6       -3.1737
   7       -3.1737
   8       -3.1737
   9       -3.1037
  10       -3.1037
  11       -3.1037
  12       -3.0868
  13       -3.0868
  14       -3.0868
  15       -3.0100
  16       -3.0100
  17       -3.0100
  18       -3.0051
  19       -3.0051
  20       -3.0051
  21       -2.9440
  22       -2.9440
  23       -2.9440
  24       -2.9440
  25       -2.9440
  26       -2.9440
  27       -2.9059
  28       -2.9059
  29       -2.9059
  30       -2.8959
  31       -2.8959
  32       -2.8959
  33       -2.8959
  34       -2.8959
  35       -2.8959
  36       -2.7452
  37       -2.7452
  38       -2.7452
  39       -2.6688
  40       -2.6688
  41       -2.6688
  42       -2.6688
  43       -2.6688
  44       -2.6688
  45       -2.4487
  46       -2.4487
  47       -2.4487
  48       -2.4472
  49       -2.4472
  50       -2.4472
  51       -2.4472
  52       -2.4472
  53       -2.4472
  54       -2.3700
  55       -2.3700
  56       -2.3700
  57       -2.3585
  58       -2.3585
  59       -2.3585
  60       -2.2791
  61       -2.1704
  62       -2.1704
  63       -2.1704
  64       -2.1484
  65       -2.1484
  66       -2.1045
  67       -2.1045
  68       -2.0661
  69       -2.0661
  70       -2.0661
  71       -2.0661
  72       -2.0661
  73       -2.0661
  74       -2.0250
  75       -2.0250
  76       -2.0250
  77       -2.0127
  78       -2.0127
  79       -2.0127
  80       -1.9774
  81       -1.9774
  82       -1.9774
  83       -1.9682
  84       -1.9682
  85       -1.9682
  86       -1.9122
  87       -1.9122
  88       -1.9122
  89       -1.9092
  90       -1.9092
  91       -1.9092
  92       -1.9092
  93       -1.9092
  94       -1.9092
  95       -1.8553
  96       -1.8553
  97       -1.8553
  98       -1.7118
  99       -1.7118
 100       -1.7118
 101       -1.6822
 102       -1.6822
 103       -1.6822
 104       -1.6365
 105       -1.6365
 106       -1.6365
 107       -1.6365
 108       -1.6365
 109       -1.6365
 110       -1.6179
 111       -1.6179
 112       -1.6179
 113       -1.5271
 114       -1.5271
 115       -1.5271
 116       -1.5029
 117       -1.5029
 118       -1.4851
 119       -1.4851
 120       -1.4851
 121       -1.4228
 122       -1.4228
 123       -1.4228
 124       -1.4082
 125       -1.4082
 126       -1.4082
 127       -1.4082
 128       -1.4082
 129       -1.4082
 130       -1.3294
 131       -1.3294
 132       -1.3294
 133       -1.3027
 134       -1.3027
 135       -1.3027
 136       -1.2262
 137       -1.2262
 138       -1.2262
 139       -1.1483
 140       -1.1483
 141       -1.0102
 142       -1.0102
 143       -1.0102
 144       -0.9993
 145       -0.9993
 146       -0.9993
 147       -0.9993
 148       -0.9993
 149       -0.9993
 150       -0.9339
 151       -0.9339
 152       -0.9339
 153       -0.9015
 154       -0.9015
 155       -0.9015
 156       -0.9015
 157       -0.9015
 158       -0.9015
 159       -0.8957
 160       -0.8957
 161       -0.8957
 162       -0.8417
 163       -0.8417
 164       -0.8417
 165       -0.7546
 166       -0.7546
 167       -0.7546
 168       -0.5578
 169        0.8639
 170        0.8639
 171        0.8639
 172        1.8746
 173        1.8746
 174        1.8746
 175        1.8746
 176        1.8746
 177        1.8746
 178        2.5383
 179        2.5383
 180        2.5383
 181        3.2193
 182        3.2193
 183        3.2193
 184        4.3432
 185        4.3432
 186        4.3432
 187        4.3432
 188        4.3432
 189        4.3432
 190        4.5629
 191        4.5629
 192        4.5629
 193        5.4565
 194        5.4565
 195        5.4565
 196        5.7869
 197        5.7869
 198        5.7869
 199        7.0766
 200        7.0766
 201        7.0766
 202        7.0766
 203        7.0766
 204        7.0769
 205        8.0665
 206        8.0665
 207        8.0665
 208        8.0674
 209        8.0763
 210        8.1649
 211        8.8453
 212        9.7222
 
  0.4375000E+00  0.3125000E+00  0.3125000E+00  0.4687500E-01
   1       -3.6995
   2       -3.4968
   3       -3.2419
   4       -3.2274
   5       -3.2274
   6       -3.1863
   7       -3.1663
   8       -3.1663
   9       -3.1239
  10       -3.1218
  11       -3.1218
  12       -3.0673
  13       -3.0444
  14       -3.0444
  15       -3.0385
  16       -3.0385
  17       -3.0155
  18       -2.9896
  19       -2.9896
  20       -2.9744
  21       -2.9744
  22       -2.9515
  23       -2.9494
  24       -2.9494
  25       -2.9475
  26       -2.9475
  27       -2.9379
  28       -2.9344
  29       -2.9344
  30       -2.9176
  31       -2.9176
  32       -2.8995
  33       -2.8995
  34       -2.8993
  35       -2.8993
  36       -2.8496
  37       -2.7821
  38       -2.7821
  39       -2.6306
  40       -2.6306
  41       -2.6145
  42       -2.6145
  43       -2.5818
  44       -2.5818
  45       -2.5389
  46       -2.5389
  47       -2.5184
  48       -2.5184
  49       -2.5013
  50       -2.5013
  51       -2.4462
  52       -2.4169
  53       -2.4102
  54       -2.4102
  55       -2.3853
  56       -2.3853
  57       -2.3162
  58       -2.2850
  59       -2.2445
  60       -2.2445
  61       -2.1740
  62       -2.1740
  63       -2.1313
  64       -2.1306
  65       -2.1229
  66       -2.0771
  67       -2.0749
  68       -2.0732
  69       -2.0328
  70       -2.0312
  71       -2.0296
  72       -2.0296
  73       -2.0264
  74       -2.0264
  75       -2.0162
  76       -2.0162
  77       -1.9974
  78       -1.9974
  79       -1.9894
  80       -1.9894
  81       -1.9700
  82       -1.9700
  83       -1.9552
  84       -1.9552
  85       -1.9443
  86       -1.9443
  87       -1.9115
  88       -1.9115
  89       -1.9086
  90       -1.9086
  91       -1.9057
  92       -1.9057
  93       -1.8803
  94       -1.8514
  95       -1.8514
  96       -1.8217
  97       -1.7828
  98       -1.7485
  99       -1.7485
 100       -1.7447
 101       -1.7447
 102       -1.7229
 103       -1.7115
 104       -1.7115
 105       -1.6063
 106       -1.6063
 107       -1.6036
 108       -1.6036
 109       -1.5859
 110       -1.5772
 111       -1.5772
 112       -1.5665
 113       -1.5474
 114       -1.5474
 115       -1.5339
 116       -1.5274
 117       -1.5076
 118       -1.5076
 119       -1.5070
 120       -1.5070
 121       -1.4693
 122       -1.4693
 123       -1.4685
 124       -1.4685
 125       -1.4472
 126       -1.4361
 127       -1.4202
 128       -1.4192
 129       -1.4192
 130       -1.3791
 131       -1.3668
 132       -1.3393
 133       -1.3393
 134       -1.3178
 135       -1.2821
 136       -1.2821
 137       -1.2814
 138       -1.2530
 139       -1.2031
 140       -1.2031
 141       -1.0111
 142       -1.0111
 143       -0.9662
 144       -0.9662
 145       -0.9561
 146       -0.9561
 147       -0.9539
 148       -0.9518
 149       -0.9518
 150       -0.9330
 151       -0.9330
 152       -0.9295
 153       -0.9295
 154       -0.9283
 155       -0.9283
 156       -0.9209
 157       -0.9209
 158       -0.9140
 159       -0.8991
 160       -0.8991
 161       -0.8878
 162       -0.8800
 163       -0.8800
 164       -0.8572
 165       -0.8572
 166       -0.8570
 167       -0.7918
 168       -0.7872
 169        1.1413
 170        1.1413
 171        1.4813
 172        1.4813
 173        1.5988
 174        2.0488
 175        2.0488
 176        2.2743
 177        2.2743
 178        2.3924
 179        2.6425
 180        2.6425
 181        3.3314
 182        3.4704
 183        3.4704
 184        3.5341
 185        3.5341
 186        3.9139
 187        3.9139
 188        4.1161
 189        4.5839
 190        4.5839
 191        4.8217
 192        4.8217
 193        5.2185
 194        5.4378
 195        5.5438
 196        5.5438
 197        6.2469
 198        6.2469
 199        6.4596
 200        6.4596
 201        7.2250
 202        7.2250
 203        7.3357
 204        7.3358
 205        7.6679
 206        7.6701
 207        7.7295
 208        7.7319
 209        8.3999
 210        8.4245
 211        8.7720
 212        9.4905
 
  0.4375000E+00  0.4375000E+00  0.3125000E+00  0.4687500E-01
   1       -3.5586
   2       -3.3939
   3       -3.3939
   4       -3.2789
   5       -3.2376
   6       -3.2257
   7       -3.2121
   8       -3.2121
   9       -3.0881
  10       -3.0793
  11       -3.0793
  12       -3.0330
  13       -3.0330
  14       -3.0294
  15       -3.0294
  16       -3.0219
  17       -3.0097
  18       -3.0097
  19       -2.9997
  20       -2.9929
  21       -2.9929
  22       -2.9922
  23       -2.9885
  24       -2.9885
  25       -2.9756
  26       -2.9756
  27       -2.9525
  28       -2.9525
  29       -2.9499
  30       -2.9499
  31       -2.9418
  32       -2.9418
  33       -2.8309
  34       -2.8309
  35       -2.7922
  36       -2.7400
  37       -2.7400
  38       -2.7160
  39       -2.7160
  40       -2.6795
  41       -2.6795
  42       -2.6270
  43       -2.6270
  44       -2.5781
  45       -2.5401
  46       -2.5401
  47       -2.5245
  48       -2.4812
  49       -2.4812
  50       -2.4801
  51       -2.4801
  52       -2.4411
  53       -2.4411
  54       -2.4400
  55       -2.4400
  56       -2.3964
  57       -2.2452
  58       -2.2349
  59       -2.2349
  60       -2.1825
  61       -2.1201
  62       -2.1187
  63       -2.1134
  64       -2.1134
  65       -2.0972
  66       -2.0674
  67       -2.0636
  68       -2.0636
  69       -2.0560
  70       -2.0405
  71       -2.0405
  72       -2.0361
  73       -2.0353
  74       -2.0253
  75       -2.0253
  76       -1.9841
  77       -1.9624
  78       -1.9428
  79       -1.9428
  80       -1.9328
  81       -1.9328
  82       -1.9301
  83       -1.9301
  84       -1.8969
  85       -1.8969
  86       -1.8860
  87       -1.8792
  88       -1.8792
  89       -1.8508
  90       -1.8508
  91       -1.8489
  92       -1.8357
  93       -1.8282
  94       -1.8009
  95       -1.8009
  96       -1.7745
  97       -1.7745
  98       -1.7555
  99       -1.7555
 100       -1.7550
 101       -1.7550
 102       -1.7351
 103       -1.7351
 104       -1.7272
 105       -1.7272
 106       -1.6983
 107       -1.6983
 108       -1.6848
 109       -1.6735
 110       -1.6735
 111       -1.6096
 112       -1.6096
 113       -1.6058
 114       -1.5884
 115       -1.5884
 116       -1.5377
 117       -1.5258
 118       -1.5241
 119       -1.5138
 120       -1.5138
 121       -1.5052
 122       -1.5052
 123       -1.4803
 124       -1.4703
 125       -1.4703
 126       -1.4479
 127       -1.4479
 128       -1.4134
 129       -1.4134
 130       -1.4132
 131       -1.3810
 132       -1.3692
 133       -1.3692
 134       -1.3338
 135       -1.3338
 136       -1.3271
 137       -1.3271
 138       -1.2679
 139       -1.2617
 140       -1.2089
 141       -1.2002
 142       -1.0779
 143       -1.0676
 144       -1.0676
 145       -0.9308
 146       -0.9255
 147       -0.9255
 148       -0.9145
 149       -0.9145
 150       -0.9130
 151       -0.9130
 152       -0.9129
 153       -0.9129
 154       -0.9029
 155       -0.9029
 156       -0.9016
 157       -0.9016
 158       -0.8996
 159       -0.8996
 160       -0.8980
 161       -0.8905
 162       -0.8905
 163       -0.8887
 164       -0.8887
 165       -0.8860
 166       -0.8729
 167       -0.8652
 168       -0.8652
 169        1.3802
 170        1.6852
 171        1.6852
 172        1.8884
 173        1.8884
 174        1.9516
 175        2.2400
 176        2.2400
 177        2.6934
 178        2.6934
 179        2.8406
 180        2.8406
 181        3.0570
 182        3.0570
 183        3.0820
 184        3.0820
 185        3.6895
 186        3.6895
 187        3.8256
 188        3.9406
 189        3.9406
 190        4.1813
 191        4.1813
 192        4.5049
 193        5.7608
 194        5.7608
 195        6.0746
 196        6.0746
 197        6.1744
 198        6.5014
 199        6.5014
 200        6.8296
 201        6.8296
 202        6.9230
 203        6.9230
 204        7.1572
 205        7.6506
 206        7.9268
 207        7.9354
 208        8.0064
 209        8.0337
 210        8.3677
 211        8.4796
 212        8.7577
 
  0.4375000E+00  0.4375000E+00  0.4375000E+00  0.1562500E-01
   1       -3.4558
   2       -3.3400
   3       -3.3400
   4       -3.3400
   5       -3.2779
   6       -3.2779
   7       -3.2779
   8       -3.2643
   9       -3.0559
  10       -3.0559
  11       -3.0559
  12       -3.0241
  13       -3.0241
  14       -3.0241
  15       -3.0091
  16       -3.0091
  17       -3.0091
  18       -3.0091
  19       -3.0091
  20       -3.0091
  21       -2.9980
  22       -2.9980
  23       -2.9980
  24       -2.9948
  25       -2.9948
  26       -2.9948
  27       -2.9948
  28       -2.9948
  29       -2.9948
  30       -2.9890
  31       -2.9890
  32       -2.9890
  33       -2.7242
  34       -2.7242
  35       -2.7242
  36       -2.6338
  37       -2.6338
  38       -2.6338
  39       -2.6186
  40       -2.6186
  41       -2.6186
  42       -2.6186
  43       -2.6186
  44       -2.6186
  45       -2.5374
  46       -2.5374
  47       -2.5374
  48       -2.5374
  49       -2.5374
  50       -2.5374
  51       -2.5318
  52       -2.5318
  53       -2.5318
  54       -2.4694
  55       -2.4694
  56       -2.4694
  57       -2.1310
  58       -2.1044
  59       -2.1044
  60       -2.1044
  61       -2.0940
  62       -2.0940
  63       -2.0908
  64       -2.0908
  65       -2.0908
  66       -2.0725
  67       -2.0725
  68       -2.0725
  69       -2.0701
  70       -2.0701
  71       -2.0606
  72       -2.0606
  73       -2.0606
  74       -1.9980
  75       -1.9980
  76       -1.9980
  77       -1.8796
  78       -1.8796
  79       -1.8796
  80       -1.8796
  81       -1.8796
  82       -1.8796
  83       -1.8579
  84       -1.8579
  85       -1.8579
  86       -1.8479
  87       -1.8479
  88       -1.8479
  89       -1.8358
  90       -1.8358
  91       -1.8358
  92       -1.8164
  93       -1.8164
  94       -1.8164
  95       -1.8164
  96       -1.8164
  97       -1.8164
  98       -1.7866
  99       -1.7866
 100       -1.7866
 101       -1.7400
 102       -1.7400
 103       -1.7400
 104       -1.6896
 105       -1.6896
 106       -1.6896
 107       -1.6390
 108       -1.6390
 109       -1.6390
 110       -1.6390
 111       -1.6390
 112       -1.6390
 113       -1.6384
 114       -1.6384
 115       -1.6384
 116       -1.5827
 117       -1.5827
 118       -1.5827
 119       -1.5510
 120       -1.5408
 121       -1.5408
 122       -1.5408
 123       -1.5408
 124       -1.5408
 125       -1.5408
 126       -1.4791
 127       -1.4791
 128       -1.4791
 129       -1.4456
 130       -1.4456
 131       -1.4288
 132       -1.4288
 133       -1.4288
 134       -1.4199
 135       -1.4199
 136       -1.4199
 137       -1.3556
 138       -1.3556
 139       -1.3556
 140       -1.3129
 141       -1.3129
 142       -1.2607
 143       -1.2607
 144       -1.2607
 145       -0.8971
 146       -0.8971
 147       -0.8971
 148       -0.8827
 149       -0.8827
 150       -0.8827
 151       -0.8827
 152       -0.8827
 153       -0.8827
 154       -0.8827
 155       -0.8827
 156       -0.8827
 157       -0.8827
 158       -0.8827
 159       -0.8827
 160       -0.8809
 161       -0.8809
 162       -0.8809
 163       -0.8709
 164       -0.8709
 165       -0.8709
 166       -0.8631
 167       -0.8631
 168       -0.8631
 169        2.1462
 170        2.1462
 171        2.1462
 172        2.4670
 173        2.4670
 174        2.4670
 175        2.4670
 176        2.4670
 177        2.4670
 178        2.7522
 179        2.7522
 180        2.7522
 181        2.9675
 182        2.9675
 183        2.9675
 184        3.3040
 185        3.3040
 186        3.3040
 187        3.3040
 188        3.3040
 189        3.3040
 190        3.6071
 191        3.6071
 192        3.6071
 193        6.4300
 194        6.4300
 195        6.4303
 196        6.7598
 197        6.7598
 198        6.7658
 199        7.1853
 200        7.1853
 201        7.1857
 202        7.1869
 203        7.1935
 204        7.2104
 205        7.5218
 206        7.5218
 207        7.5227
 208        7.5336
 209        7.6077
 210        7.7544
 211        7.9796
 212        8.1488
