   32   32    1    1
  0.1725935E+02  0.8204614E-09  0.8204614E-09  0.8204614E-09  0.5000000E-15
  1.000000000000000E-004
  CAR 
 No title                                
  352    1  212
 
  0.2500000E+00  0.2500000E+00  0.2500000E+00  0.1000000E+01
   1       -3.7932
   2       -2.8210
   3       -2.7971
   4       -2.7949
   5       -2.7928
   6       -2.7485
   7       -2.7482
   8       -2.7480
   9       -2.6497
  10       -2.6496
  11       -2.6494
  12       -2.5834
  13       -2.5828
  14       -2.5823
  15       -2.4490
  16       -2.4476
  17       -2.4463
  18       -2.4231
  19       -2.4217
  20       -2.4200
  21       -2.2977
  22       -2.2958
  23       -2.2950
  24       -2.2950
  25       -2.2943
  26       -2.2926
  27       -2.2220
  28       -2.2205
  29       -2.2189
  30       -2.1991
  31       -2.1984
  32       -2.1967
  33       -2.1967
  34       -2.1952
  35       -2.1946
  36       -2.1761
  37       -2.1751
  38       -2.1741
  39       -2.0055
  40       -2.0044
  41       -2.0033
  42       -2.0033
  43       -2.0023
  44       -2.0012
  45       -1.7241
  46       -1.7225
  47       -1.7209
  48       -1.6660
  49       -1.6644
  50       -1.6631
  51       -1.6409
  52       -1.6393
  53       -1.6385
  54       -1.6385
  55       -1.6377
  56       -1.6359
  57       -1.5098
  58       -1.5096
  59       -1.5092
  60       -1.4256
  61       -1.3858
  62       -1.3843
  63       -1.3829
  64       -1.3029
  65       -1.3029
  66       -1.3011
  67       -1.3010
  68       -1.2995
  69       -1.2994
  70       -1.2837
  71       -1.2836
  72       -1.2243
  73       -1.2242
  74       -1.1303
  75       -1.1302
  76       -1.1301
  77       -1.0726
  78       -1.0720
  79       -1.0707
  80       -1.0705
  81       -1.0693
  82       -1.0686
  83       -1.0583
  84       -1.0577
  85       -1.0569
  86       -1.0523
  87       -1.0512
  88       -1.0502
  89       -1.0361
  90       -1.0344
  91       -1.0326
  92       -0.9890
  93       -0.9888
  94       -0.9886
  95       -0.9240
  96       -0.9232
  97       -0.9225
  98       -0.6613
  99       -0.6594
 100       -0.6572
 101       -0.6410
 102       -0.6390
 103       -0.6371
 104       -0.5739
 105       -0.5739
 106       -0.5721
 107       -0.5721
 108       -0.5703
 109       -0.5703
 110       -0.3794
 111       -0.3768
 112       -0.3753
 113       -0.3718
 114       -0.3702
 115       -0.3675
 116       -0.3571
 117       -0.3571
 118       -0.3321
 119       -0.3308
 120       -0.3297
 121       -0.3149
 122       -0.3130
 123       -0.3111
 124       -0.2278
 125       -0.2260
 126       -0.2255
 127       -0.2255
 128       -0.2250
 129       -0.2232
 130       -0.0534
 131       -0.0521
 132       -0.0508
 133        0.0820
 134        0.0822
 135        0.0825
 136        0.1670
 137        0.1673
 138        0.1674
 139        0.1743
 140        0.1763
 141        0.1764
 142        0.1765
 143        0.1768
 144        0.1785
 145        0.2040
 146        0.2045
 147        0.2048
 148        0.2344
 149        0.2345
 150        0.3475
 151        0.3476
 152        0.3477
 153        0.4717
 154        0.4718
 155        0.4720
 156        0.4963
 157        0.4971
 158        0.4975
 159        0.4975
 160        0.4979
 161        0.4988
 162        0.5746
 163        0.5746
 164        0.5746
 165        0.8882
 166        0.8896
 167        0.8910
 168        0.9848
 169        1.5242
 170        1.5257
 171        1.5272
 172        3.1488
 173        3.1493
 174        3.1510
 175        3.1510
 176        3.1526
 177        3.1532
 178        3.7285
 179        3.7286
 180        3.7286
 181        4.8280
 182        4.8287
 183        4.8294
 184        5.5920
 185        5.5934
 186        5.5947
 187        6.7465
 188        6.7480
 189        6.7491
 190        6.7492
 191        6.7503
 192        6.7518
 193        7.5961
 194        7.5969
 195        7.5976
 196        8.3916
 197        8.3920
 198        8.3923
 199        9.2466
 200        9.2477
 201        9.2504
 202        9.2504
 203        9.2531
 204        9.2541
 205        9.8614
 206       10.7616
 207       10.7616
 208       10.7638
 209       10.7638
 210       10.7659
 211       10.7659
 212       11.3677
