 Fermi:  0.0
 DOS:Total
0.0598	0.0000
0.0838	0.0058
0.1077	0.0058
0.1316	0.0230
0.1556	0.0058
0.1795	0.0173
0.2034	0.0000
0.2274	0.0288
0.2513	0.0115
0.2752	0.0403
0.2992	0.0288
0.3231	0.0288
0.3471	0.0576
0.3710	0.0461
0.3949	0.0230
0.4189	0.0288
0.4428	0.0576
0.4667	0.0576
0.4907	0.0346
0.5146	0.0230
0.5385	0.0346
0.5625	0.0922
0.5864	0.1383
0.6103	0.1498
0.6343	0.0864
0.6582	0.1383
0.6821	0.0980
0.7061	0.1210
0.7300	0.1613
0.7539	0.1729
0.7779	0.2190
0.8018	0.2420
0.8257	0.2420
0.8497	0.2247
0.8736	0.2362
0.8975	0.3169
0.9215	0.2881
0.9454	0.3112
0.9693	0.3630
0.9933	0.4033
1.0172	0.3745
1.0412	0.3918
1.0651	0.4437
1.0890	0.4322
1.1130	0.4091
1.1369	0.4783
1.1608	0.5762
1.1848	0.5704
1.2087	0.6857
1.2326	0.6857
1.2566	1.0545
1.2805	1.2504
1.3044	0.8816
1.3284	0.8297
1.3523	0.6050
1.3762	0.7260
1.4002	0.7318
1.4241	0.8009
1.4480	0.6511
1.4720	0.6338
1.4959	0.5993
1.5198	0.6453
1.5438	0.5820
1.5677	0.6511
1.5916	0.6742
1.6156	0.6165
1.6395	0.6281
1.6635	0.3803
1.6874	0.3457
1.7113	0.3688
1.7353	0.3169
1.7592	0.3054
1.7831	0.3803
1.8071	0.2881
1.8310	0.4264
1.8549	0.3803
1.8789	0.2708
1.9028	0.2939
1.9267	0.2996
1.9507	0.3112
1.9746	0.3112
1.9985	0.3515
2.0225	0.2651
2.0464	0.2478
2.0703	0.2766
2.0943	0.2996
2.1182	0.2478
2.1421	0.2247
2.1661	0.1959
2.1900	0.2017
2.2139	0.2305
2.2379	0.1959
2.2618	0.1959
2.2857	0.1441
2.3097	0.0980
2.3336	0.1786
2.3576	0.1729
2.3815	0.2478
2.4054	0.2593
2.4294	0.3572
2.4533	0.4494
2.4772	0.4667
2.5012	0.6050
2.5251	0.5589
2.5490	0.5301
2.5730	0.6050
2.5969	0.5647
2.6208	0.6108
2.6448	0.6799
2.6687	0.7030
2.6926	0.6626
2.7166	0.5359
2.7405	0.4667
2.7644	0.5071
2.7884	0.3400
2.8123	0.2939
2.8362	0.3515
2.8602	0.2478
2.8841	0.2190
2.9080	0.2074
2.9320	0.1901
2.9559	0.1786
2.9798	0.1729
3.0038	0.1325
3.0277	0.0864
3.0517	0.0807
3.0756	0.0519
3.0995	0.0403
3.1235	0.0000
 DOS:Au	2
0.0598	0.0000	0.0000	0.0000
0.0838	0.0019	0.0003	0.0036
0.1077	0.0001	0.0049	0.0007
0.1316	0.0093	0.0028	0.0110
0.1556	0.0025	0.0031	0.0002
0.1795	0.0057	0.0026	0.0090
0.2034	0.0000	0.0000	0.0000
0.2274	0.0108	0.0113	0.0068
0.2513	0.0038	0.0077	0.0000
0.2752	0.0142	0.0125	0.0136
0.2992	0.0094	0.0053	0.0141
0.3231	0.0111	0.0116	0.0061
0.3471	0.0190	0.0216	0.0170
0.3710	0.0148	0.0187	0.0125
0.3949	0.0031	0.0116	0.0084
0.4189	0.0126	0.0102	0.0060
0.4428	0.0200	0.0190	0.0186
0.4667	0.0182	0.0198	0.0196
0.4907	0.0129	0.0099	0.0117
0.5146	0.0098	0.0065	0.0068
0.5385	0.0021	0.0187	0.0138
0.5625	0.0270	0.0305	0.0347
0.5864	0.0458	0.0367	0.0558
0.6103	0.0611	0.0412	0.0475
0.6343	0.0321	0.0308	0.0235
0.6582	0.0300	0.0488	0.0595
0.6821	0.0299	0.0312	0.0369
0.7061	0.0428	0.0512	0.0269
0.7300	0.0470	0.0588	0.0555
0.7539	0.0750	0.0473	0.0506
0.7779	0.0792	0.0666	0.0731
0.8018	0.0796	0.0736	0.0888
0.8257	0.0843	0.0811	0.0766
0.8497	0.0715	0.0695	0.0837
0.8736	0.0876	0.0690	0.0797
0.8975	0.1062	0.1118	0.0989
0.9215	0.0973	0.0928	0.0980
0.9454	0.1117	0.0848	0.1147
0.9693	0.1121	0.1297	0.1212
0.9933	0.1381	0.1331	0.1321
1.0172	0.1244	0.1258	0.1244
1.0412	0.1230	0.1464	0.1224
1.0651	0.1476	0.1557	0.1403
1.0890	0.1389	0.1354	0.1578
1.1130	0.1547	0.1261	0.1283
1.1369	0.1497	0.1797	0.1488
1.1608	0.1774	0.1850	0.2138
1.1848	0.1840	0.2014	0.1850
1.2087	0.2005	0.2383	0.2469
1.2326	0.1993	0.2423	0.2441
1.2566	0.3242	0.3898	0.3405
1.2805	0.4398	0.4246	0.3860
1.3044	0.2777	0.3045	0.2994
1.3284	0.3188	0.2354	0.2756
1.3523	0.1942	0.2199	0.1909
1.3762	0.2348	0.2724	0.2188
1.4002	0.2424	0.2194	0.2700
1.4241	0.2592	0.2727	0.2690
1.4480	0.2327	0.2089	0.2095
1.4720	0.2269	0.1886	0.2183
1.4959	0.2138	0.1847	0.2008
1.5198	0.2358	0.1962	0.2134
1.5438	0.2136	0.1702	0.1982
1.5677	0.2153	0.2424	0.1934
1.5916	0.2429	0.1871	0.2442
1.6156	0.2096	0.1961	0.2108
1.6395	0.2116	0.2399	0.1766
1.6635	0.1271	0.1046	0.1486
1.6874	0.1333	0.0991	0.1133
1.7113	0.1190	0.1167	0.1331
1.7353	0.1408	0.0986	0.0775
1.7592	0.1042	0.1198	0.0815
1.7831	0.1419	0.1177	0.1207
1.8071	0.0768	0.0966	0.1146
1.8310	0.1508	0.1664	0.1091
1.8549	0.1404	0.1275	0.1124
1.8789	0.0873	0.0899	0.0935
1.9028	0.1033	0.0928	0.0978
1.9267	0.1056	0.0815	0.1126
1.9507	0.1076	0.0862	0.1173
1.9746	0.1187	0.0943	0.0982
1.9985	0.1006	0.0916	0.1593
2.0225	0.0838	0.0892	0.0920
2.0464	0.0668	0.0920	0.0890
2.0703	0.0899	0.1092	0.0774
2.0943	0.1056	0.0944	0.0996
2.1182	0.0873	0.0881	0.0723
2.1421	0.0688	0.0780	0.0779
2.1661	0.0731	0.0639	0.0589
2.1900	0.0423	0.0704	0.0890
2.2139	0.0753	0.0873	0.0679
2.2379	0.0679	0.0760	0.0520
2.2618	0.0759	0.0637	0.0564
2.2857	0.0458	0.0651	0.0331
2.3097	0.0222	0.0336	0.0422
2.3336	0.0511	0.0487	0.0789
2.3576	0.0461	0.0510	0.0757
2.3815	0.0714	0.0720	0.1043
2.4054	0.0948	0.0844	0.0801
2.4294	0.0972	0.1217	0.1384
2.4533	0.1560	0.1402	0.1533
2.4772	0.1719	0.1504	0.1445
2.5012	0.2210	0.1901	0.1940
2.5251	0.1973	0.2029	0.1587
2.5490	0.1648	0.1825	0.1828
2.5730	0.1652	0.2143	0.2255
2.5969	0.1785	0.2137	0.1725
2.6208	0.2330	0.1834	0.1943
2.6448	0.2317	0.2432	0.2050
2.6687	0.2346	0.2093	0.2590
2.6926	0.1988	0.2591	0.2047
2.7166	0.1561	0.1830	0.1968
2.7405	0.1568	0.1563	0.1536
2.7644	0.1676	0.1909	0.1486
2.7884	0.1083	0.0917	0.1400
2.8123	0.0923	0.0899	0.1117
2.8362	0.1139	0.1140	0.1236
2.8602	0.0744	0.0901	0.0832
2.8841	0.0753	0.0784	0.0653
2.9080	0.0625	0.0752	0.0697
2.9320	0.0533	0.0666	0.0702
2.9559	0.0709	0.0485	0.0593
2.9798	0.0442	0.0727	0.0560
3.0038	0.0537	0.0310	0.0478
3.0277	0.0267	0.0383	0.0214
3.0517	0.0286	0.0350	0.0170
3.0756	0.0210	0.0154	0.0154
3.0995	0.0135	0.0134	0.0135
3.1235	0.0000	0.0000	0.0000
