   1  32   1   0  0.1202155E+02  0.1000000E-03
  CAR 
 unknown system                          
   0   0   0
   1   1
 256 256 256
 256
  0.1000000E-09
  0.6250000E-11
   0
  0.5000000E-15  0.7272832E-09  0.7272832E-09  0.7272832E-09
  0.0000000E+00  0.0000000E+00
  0.000
  0.000
  0.000
  0.000
  0.000
  0.000
  0.000
  0.000
  0.000
  0.000
  0.000
  0.000
  0.000
  0.000
  0.000
  0.000
  0.000
  0.000
  0.000
  0.000
  0.000
  0.000
  0.000
  0.000
  0.000
  0.000
  0.000
  0.000
  0.000
  0.000
  0.000
  0.000
  0.000
  0.000
  0.000
  0.000
  0.000
  0.000
  0.000
  0.000
  0.597
 26.732
  0.000
  0.000
  0.000
  0.000
  0.000
  0.000
  0.000
  0.000
  0.000
  0.000
  0.000
  0.000
  0.000
  0.000
  0.000
  0.074
  6.798
  0.000
  0.000
  0.000
  0.000
  0.000
  0.000
  0.000
  0.000
  0.000
  0.000
  0.000
  0.000
 18.395
  0.000
  0.000
  0.000
  0.000
  0.000
  0.000
  0.000
  0.000
  0.000
  0.000
  6.908
  0.000
  0.000
  0.000
  0.000
  0.000
  0.000
  0.000
  0.000
 10.998
  0.229
  0.000
  0.000
  0.000
  0.000
  0.000
  0.000
  0.000
  3.104
  0.000
  0.000
  0.000
  0.000
  0.000
  0.000
  0.000
 15.644
  0.327
  0.000
  0.000
  0.000
  0.000
  0.000
  0.000
  0.000
  0.000
  0.000
  0.000
  0.000
  0.000
  0.000
  9.249
  0.000
  0.000
  0.000
  0.000
  0.000
  0.117
  5.407
  0.000
  0.000
  0.000
  0.000
  0.000
  5.047
  0.000
  0.000
  0.000
  0.000
  0.000
  4.631
  0.000
  0.000
  0.000
  0.000
  0.000
 12.793
  0.000
  0.000
  0.000
  0.000
  0.000
  0.000
  0.000
  0.000
  0.000
  0.000
  7.393
  0.000
  0.000
  0.000
  0.000
  0.000
  0.000
  0.000
  0.000
  0.000
  6.547
  0.000
  0.000
  0.000
  0.000
  3.860
  0.000
  0.000
  0.000
  0.000
  8.756
  0.000
  0.000
  0.000
  2.735
  0.058
  0.000
  0.000
  0.000
  5.293
  0.000
  0.000
  0.000
  2.459
  0.078
  0.000
  0.000
  0.000
  4.822
  0.000
  0.000
  0.000
  0.000
  0.000
  0.000
  0.000
  7.794
  0.000
  0.000
  0.000
  2.120
  0.022
  0.000
  0.000
  8.188
  0.064
  0.000
  0.000
  3.976
  0.000
  0.000
  0.000
  1.917
  0.000
  0.000
  0.000
  0.000
  0.000
  0.000
  0.188
  6.956
  0.000
  0.000
  0.000
  0.000
  0.000
  0.000
  6.725
  0.000
  0.000
  3.211
  0.068
  0.000
  0.000
  3.172
  0.000
  0.000
  2.289
  0.032
  0.000
  0.031
  7.462
  0.000
  0.000
  1.463
  0.000
  0.000
