   32   32  100    1
  0.1904508E+02  0.8478343E-09  0.8478343E-09  0.8478343E-09  0.5000000E-15
  1.000000000000000E-004
  CAR 
 al100                                   
   96    4   68
 
  0.0000000E+00  0.0000000E+00  0.0000000E+00  0.3703704E-01
   1       -3.5984
   2       -1.5521
   3       -1.5521
   4       -1.5521
   5       -1.5521
   6       -1.5521
   7       -1.5521
   8        0.4681
   9        0.4681
  10        0.4681
  11        0.4681
  12        0.4681
  13        0.4681
  14        0.4681
  15        0.4681
  16        0.4681
  17        0.4681
  18        0.4681
  19        0.4681
  20        2.3829
  21        2.3829
  22        2.3829
  23        2.3829
  24        2.5471
  25        2.5471
  26        2.5471
  27        2.5471
  28        4.0040
  29        4.0040
  30        4.0040
  31        4.9681
  32        4.9681
  33        4.9681
  34        5.9180
  35        5.9180
  36        5.9180
  37        5.9180
  38        5.9180
  39        5.9180
  40        5.9180
  41        5.9180
  42        5.9180
  43        5.9180
  44        5.9180
  45        5.9180
  46        6.9396
  47        6.9396
  48        6.9396
  49        6.9396
  50        6.9396
  51        6.9396
  52        6.9881
  53        6.9881
  54        6.9881
  55        6.9881
  56        6.9881
  57        6.9881
  58        7.8328
  59        7.8328
  60        7.8328
  61        7.8328
  62        7.8328
  63        7.8328
  64        7.8328
  65        7.8328
  66        7.8328
  67        7.8328
  68        7.8328
 
  0.3333333E+00 -0.4286558E-24 -0.1499501E-23  0.2222222E+00
   1       -3.3697
   2       -2.6857
   3       -1.3265
   4       -1.3265
   5       -1.3265
   6       -1.3265
   7       -0.6513
   8       -0.6513
   9       -0.6513
  10       -0.6513
  11        0.0207
  12        0.6907
  13        0.6907
  14        0.6907
  15        0.6907
  16        1.3565
  17        1.3565
  18        1.3565
  19        1.3565
  20        2.0113
  21        2.0214
  22        2.0214
  23        2.0214
  24        2.0214
  25        3.9855
  26        3.9855
  27        3.9855
  28        3.9855
  29        4.0024
  30        4.0024
  31        4.0024
  32        4.0024
  33        4.2165
  34        4.2165
  35        4.8542
  36        4.8542
  37        5.1929
  38        5.1929
  39        5.8629
  40        5.8629
  41        5.9408
  42        5.9408
  43        5.9408
  44        5.9408
  45        6.1307
  46        6.1307
  47        6.1307
  48        6.1307
  49        6.7689
  50        6.7689
  51        6.7689
  52        6.7689
  53        7.1828
  54        7.1828
  55        7.1828
  56        7.1828
  57        7.3630
  58        7.4089
  59        7.4089
  60        7.8349
  61        7.8349
  62        7.8349
  63        7.8349
  64        8.4623
  65        8.4623
  66        9.2902
  67        9.2998
  68        9.3088
 
  0.3333333E+00  0.3333333E+00  0.4962704E-24  0.4444444E+00
   1       -3.1414
   2       -2.4584
   3       -2.4584
   4       -1.7784
   5       -1.1011
   6       -1.1011
   7       -0.4269
   8       -0.4269
   9       -0.4269
  10       -0.4269
  11        0.2442
  12        0.2442
  13        0.2442
  14        0.2442
  15        0.9128
  16        0.9128
  17        2.2317
  18        2.2317
  19        2.2416
  20        2.2416
  21        2.2416
  22        2.2416
  23        2.8343
  24        2.8343
  25        2.8914
  26        2.8914
  27        2.9735
  28        2.9735
  29        3.5600
  30        4.1656
  31        4.1656
  32        4.2423
  33        4.2423
  34        4.4290
  35        4.8580
  36        4.8580
  37        4.8580
  38        4.8580
  39        5.0668
  40        5.0668
  41        5.4169
  42        5.5039
  43        5.5039
  44        5.5228
  45        5.5228
  46        5.7048
  47        6.0866
  48        6.0866
  49        6.7477
  50        7.4266
  51        7.4444
  52        7.4444
  53        7.4444
  54        7.4444
  55        7.5790
  56        7.5790
  57        7.6216
  58        7.6216
  59        8.2237
  60        8.2237
  61        8.2594
  62        8.2594
  63        8.6766
  64        8.6766
  65        9.3152
  66        9.3175
  67        9.3448
  68        9.3459
 
  0.3333333E+00  0.3333333E+00  0.3333333E+00  0.2962963E+00
   1       -2.9135
   2       -2.2315
   3       -2.2315
   4       -2.2315
   5       -1.5525
   6       -1.5525
   7       -1.5525
   8       -0.8764
   9        0.4673
  10        0.4673
  11        0.4673
  12        1.1349
  13        1.1349
  14        1.1349
  15        1.1349
  16        1.1349
  17        1.1349
  18        1.7992
  19        1.7992
  20        1.7992
  21        2.4518
  22        2.4518
  23        2.4518
  24        3.1104
  25        3.1104
  26        3.1104
  27        3.1104
  28        3.1104
  29        3.1104
  30        3.7255
  31        3.7255
  32        3.7255
  33        3.8215
  34        3.8215
  35        3.8215
  36        4.4365
  37        4.4365
  38        4.4365
  39        5.7221
  40        5.7221
  41        5.7221
  42        5.7221
  43        5.7221
  44        5.7221
  45        6.3699
  46        6.3699
  47        6.3699
  48        6.3699
  49        6.3699
  50        6.3699
  51        7.0309
  52        7.6402
  53        7.6402
  54        7.6402
  55        7.7951
  56        7.7951
  57        7.7951
  58        8.2816
  59        8.2816
  60        8.2816
  61        8.4383
  62        8.4383
  63        8.4383
  64        8.4383
  65        8.4383
  66        8.4383
  67        8.9358
  68        8.9365
