   1  32   1   0  0.1202155E+02  0.1000000E-03
  CAR 
 unknown system                          
   0   0   0
   1   1
 256 256 256
 256
  0.1000000E-09
  0.6250000E-11
   0
  0.5000000E-15  0.7272832E-09  0.7272832E-09  0.7272832E-09
  0.0000000E+00  0.0000000E+00
  0.000
  0.000
  0.000
  0.000
  0.000
  0.000
  0.000
  0.000
  0.000
  0.000
  0.000
  0.000
  0.000
  0.000
  0.000
  0.000
  0.000
  0.000
  0.000
  0.000
  0.000
  0.000
  0.000
  0.000
  0.000
  0.000
  0.000
  0.000
  0.000
  0.000
  0.000
  0.000
  0.000
  0.000
  0.000
  0.000
  0.000
  0.000
  0.000
  0.000
  0.000
 27.301
  0.000
  0.000
  0.000
  0.000
  0.000
  0.000
  0.000
  0.000
  0.000
  0.000
  0.000
  0.000
  0.000
  0.000
  0.000
  0.000
  6.870
  0.000
  0.000
  0.000
  0.000
  0.000
  0.000
  0.000
  0.000
  0.000
  0.000
  0.000
  0.000
 18.395
  0.000
  0.000
  0.000
  0.000
  0.000
  0.000
  0.000
  0.000
  0.000
  0.000
  6.908
  0.000
  0.000
  0.000
  0.000
  0.000
  0.000
  0.000
  0.000
 11.232
  0.000
  0.000
  0.000
  0.000
  0.000
  0.000
  0.000
  0.000
  3.104
  0.000
  0.000
  0.000
  0.000
  0.000
  0.000
  0.000
 15.977
  0.000
  0.000
  0.000
  0.000
  0.000
  0.000
  0.000
  0.000
  0.000
  0.000
  0.000
  0.000
  0.000
  0.000
  9.249
  0.000
  0.000
  0.000
  0.000
  0.000
  0.000
  5.522
  0.000
  0.000
  0.000
  0.000
  0.000
  5.047
  0.000
  0.000
  0.000
  0.000
  0.000
  4.631
  0.000
  0.000
  0.000
  0.000
  0.000
 12.793
  0.000
  0.000
  0.000
  0.000
  0.000
  0.000
  0.000
  0.000
  0.000
  0.000
  7.393
  0.000
  0.000
  0.000
  0.000
  0.000
  0.000
  0.000
  0.000
  0.000
  6.547
  0.000
  0.000
  0.000
  0.000
  3.860
  0.000
  0.000
  0.000
  0.000
  8.756
  0.000
  0.000
  0.000
  2.793
  0.000
  0.000
  0.000
  0.000
  5.293
  0.000
  0.000
  0.000
  2.538
  0.000
  0.000
  0.000
  0.000
  4.822
  0.000
  0.000
  0.000
  0.000
  0.000
  0.000
  0.000
  7.794
  0.000
  0.000
  0.000
  2.143
  0.000
  0.000
  0.000
  8.252
  0.000
  0.000
  0.000
  3.976
  0.000
  0.000
  0.000
  1.917
  0.000
  0.000
  0.000
  0.000
  0.000
  0.000
  0.000
  7.142
  0.000
  0.000
  0.000
  0.000
  0.000
  0.000
  6.725
  0.000
  0.000
  3.279
  0.000
  0.000
  0.000
  3.172
  0.000
  0.000
  2.322
  0.000
  0.000
  0.000
  7.493
  0.000
  0.000
  1.463
  0.000
  0.000
