   32   32    1    1
  0.2072461E+02  0.8720581E-09  0.8720581E-09  0.8720581E-09  0.5000000E-15
  1.000000000000000E-004
  CAR 
 al100                                   
   96    6   68
 
  0.0000000E+00  0.0000000E+00  0.0000000E+00  0.3703704E-01
   1       -3.8372
   2       -1.9097
   3       -1.9034
   4       -1.9034
   5       -1.9034
   6       -1.9034
   7       -1.8972
   8       -0.0046
   9        0.0039
  10        0.0039
  11        0.0065
  12        0.0067
  13        0.0068
  14        0.0068
  15        0.0068
  16        0.0070
  17        0.0095
  18        0.0095
  19        0.0181
  20        1.7117
  21        1.7117
  22        1.7118
  23        1.7118
  24        2.0956
  25        2.0957
  26        2.0957
  27        2.0957
  28        3.4393
  29        3.4393
  30        3.4394
  31        4.1611
  32        4.1612
  33        4.1613
  34        5.2512
  35        5.2512
  36        5.2586
  37        5.2586
  38        5.2587
  39        5.2587
  40        5.2587
  41        5.2587
  42        5.2587
  43        5.2587
  44        5.2661
  45        5.2661
  46        5.7742
  47        5.7753
  48        5.7753
  49        5.7753
  50        5.7755
  51        5.7765
  52        6.3405
  53        6.3476
  54        6.3476
  55        6.3476
  56        6.3476
  57        6.3544
  58        7.0691
  59        7.0704
  60        7.0735
  61        7.0761
  62        7.0763
  63        7.0763
  64        7.0765
  65        7.0766
  66        7.0792
  67        7.0801
  68        7.0837
 
  0.3333333E+00  0.0000000E+00  0.0000000E+00  0.7407407E-01
   1       -3.6213
   2       -2.9751
   3       -1.6902
   4       -1.6901
   5       -1.6901
   6       -1.6901
   7       -1.0519
   8       -1.0518
   9       -1.0518
  10       -1.0518
  11       -0.4146
  12        0.2164
  13        0.2164
  14        0.2164
  15        0.2164
  16        0.8412
  17        0.8413
  18        0.8413
  19        0.8413
  20        1.4735
  21        1.4768
  22        1.4768
  23        1.4769
  24        1.4785
  25        3.3391
  26        3.3391
  27        3.3391
  28        3.3392
  29        3.3736
  30        3.3737
  31        3.3737
  32        3.3737
  33        3.6414
  34        3.6414
  35        4.2478
  36        4.2478
  37        4.3704
  38        4.3705
  39        4.9880
  40        4.9880
  41        5.2104
  42        5.2104
  43        5.2104
  44        5.2105
  45        5.4607
  46        5.4607
  47        5.4607
  48        5.4607
  49        6.0667
  50        6.0667
  51        6.0667
  52        6.0667
  53        6.2607
  54        6.2607
  55        6.2607
  56        6.2607
  57        6.5044
  58        6.6739
  59        6.6739
  60        6.8846
  61        6.8846
  62        6.8846
  63        6.8846
  64        7.5135
  65        7.5135
  66        8.3566
  67        8.3567
  68        8.3569
 
  0.0000000E+00  0.3333333E+00  0.0000000E+00  0.1481481E+00
   1       -3.6213
   2       -2.9751
   3       -1.6951
   4       -1.6901
   5       -1.6901
   6       -1.6853
   7       -1.0567
   8       -1.0519
   9       -1.0518
  10       -1.0470
  11       -0.4147
  12        0.2123
  13        0.2146
  14        0.2183
  15        0.2206
  16        0.8372
  17        0.8394
  18        0.8431
  19        0.8454
  20        1.4720
  21        1.4750
  22        1.4768
  23        1.4769
  24        1.4817
  25        3.3343
  26        3.3392
  27        3.3392
  28        3.3440
  29        3.3695
  30        3.3717
  31        3.3755
  32        3.3778
  33        3.6414
  34        3.6415
  35        4.2477
  36        4.2478
  37        4.3704
  38        4.3705
  39        4.9879
  40        4.9881
  41        5.2062
  42        5.2085
  43        5.2123
  44        5.2147
  45        5.4560
  46        5.4607
  47        5.4608
  48        5.4653
  49        6.0621
  50        6.0667
  51        6.0667
  52        6.0714
  53        6.2575
  54        6.2608
  55        6.2608
  56        6.2640
  57        6.5043
  58        6.6739
  59        6.6739
  60        6.8813
  61        6.8847
  62        6.8855
  63        6.8880
  64        7.5135
  65        7.5145
  66        8.4851
  67        8.4862
  68        8.4893
 
  0.3333333E+00  0.3333333E+00 -0.1654361E-23  0.2962963E+00
   1       -3.4057
   2       -2.7623
   3       -2.7584
   4       -2.1177
   5       -1.4772
   6       -1.4772
   7       -0.8428
   8       -0.8411
   9       -0.8390
  10       -0.8373
  11       -0.2085
  12       -0.2064
  13       -0.2042
  14       -0.2005
  15        0.4276
  16        0.4299
  17        1.6776
  18        1.6807
  19        1.6824
  20        1.6827
  21        1.6833
  22        1.6871
  23        2.1402
  24        2.1402
  25        2.3052
  26        2.3091
  27        2.4998
  28        2.4998
  29        2.9299
  30        3.4115
  31        3.4116
  32        3.7000
  33        3.7000
  34        3.8435
  35        4.1845
  36        4.1861
  37        4.1884
  38        4.1900
  39        4.4477
  40        4.4520
  41        4.5742
  42        4.7195
  43        4.7196
  44        4.8101
  45        4.8101
  46        5.0562
  47        5.2928
  48        5.2978
  49        5.8638
  50        6.6328
  51        6.6348
  52        6.6353
  53        6.6360
  54        6.6383
  55        6.7031
  56        6.7051
  57        6.8735
  58        6.8778
  59        7.2358
  60        7.2361
  61        7.4788
  62        7.4825
  63        7.7832
  64        7.7885
  65        8.2761
  66        8.3772
  67        8.3787
  68        8.4381
 
  0.0000000E+00  0.3333333E+00  0.3333333E+00  0.1481481E+00
   1       -3.4057
   2       -2.7604
   3       -2.7603
   4       -2.1177
   5       -1.4802
   6       -1.4742
   7       -0.8450
   8       -0.8411
   9       -0.8390
  10       -0.8351
  11       -0.2097
  12       -0.2045
  13       -0.2034
  14       -0.2021
  15        0.4288
  16        0.4288
  17        1.6767
  18        1.6805
  19        1.6824
  20        1.6833
  21        1.6840
  22        1.6868
  23        2.1402
  24        2.1402
  25        2.3071
  26        2.3071
  27        2.4998
  28        2.4998
  29        2.9298
  30        3.4115
  31        3.4115
  32        3.7000
  33        3.7001
  34        3.8435
  35        4.1823
  36        4.1861
  37        4.1883
  38        4.1922
  39        4.4498
  40        4.4499
  41        4.5742
  42        4.7195
  43        4.7196
  44        4.8070
  45        4.8131
  46        5.0562
  47        5.2953
  48        5.2953
  49        5.8638
  50        6.6311
  51        6.6329
  52        6.6368
  53        6.6376
  54        6.6390
  55        6.7039
  56        6.7040
  57        6.8756
  58        6.8758
  59        7.2359
  60        7.2360
  61        7.4807
  62        7.4807
  63        7.7859
  64        7.7860
  65        8.2837
  66        8.3787
  67        8.3788
  68        8.4378
 
  0.3333333E+00  0.3333333E+00  0.3333333E+00  0.2962963E+00
   1       -3.1903
   2       -2.5487
   3       -2.5459
   4       -2.5432
   5       -1.9070
   6       -1.9042
   7       -1.9015
   8       -1.2655
   9        0.0046
  10        0.0074
  11        0.0101
  12        0.6331
  13        0.6364
  14        0.6381
  15        0.6381
  16        0.6398
  17        0.6431
  18        1.2605
  19        1.2621
  20        1.2637
  21        1.8898
  22        1.8913
  23        1.8929
  24        2.5069
  25        2.5100
  26        2.5118
  27        2.5118
  28        2.5136
  29        2.5167
  30        2.9874
  31        2.9902
  32        2.9930
  33        3.2993
  34        3.3020
  35        3.3046
  36        3.7827
  37        3.7842
  38        3.7858
  39        4.9981
  40        4.9989
  41        5.0008
  42        5.0008
  43        5.0028
  44        5.0035
  45        5.6136
  46        5.6144
  47        5.6164
  48        5.6164
  49        5.6185
  50        5.6192
  51        6.2390
  52        6.7347
  53        6.7355
  54        6.7363
  55        7.0062
  56        7.0086
  57        7.0110
  58        7.4258
  59        7.4285
  60        7.4312
  61        7.5269
  62        7.5270
  63        7.5294
  64        7.5294
  65        7.5317
  66        7.5319
  67        8.0482
  68        8.0488
