   32   32  100    1
  0.2153695E+02  0.8833065E-09  0.8833065E-09  0.8833065E-09  0.5000000E-15
  1.000000000000000E-004
  CAR 
 No title                                
  352   20  212
 
  0.6250000E-01  0.6250000E-01  0.6250000E-01  0.1562500E-01
   1       -4.5047
   2       -2.6866
   3       -2.6866
   4       -2.6866
   5       -2.3916
   6       -2.3718
   7       -2.3718
   8       -2.3718
   9       -2.3452
  10       -2.3452
  11       -2.3452
  12       -2.1293
  13       -2.1293
  14       -2.1293
  15       -1.9339
  16       -1.9339
  17       -1.9339
  18       -1.6450
  19       -1.6450
  20       -1.6450
  21       -1.4921
  22       -1.4921
  23       -1.4921
  24       -1.4921
  25       -1.4921
  26       -1.4921
  27       -1.4261
  28       -1.4261
  29       -1.4261
  30       -1.3623
  31       -1.3623
  32       -1.3623
  33       -1.3517
  34       -1.3517
  35       -1.3517
  36       -1.3517
  37       -1.3517
  38       -1.3517
  39       -1.2290
  40       -1.2290
  41       -1.2290
  42       -0.9562
  43       -0.9562
  44       -0.9562
  45       -0.9562
  46       -0.9562
  47       -0.9562
  48       -0.8907
  49       -0.8907
  50       -0.8907
  51       -0.8710
  52       -0.8710
  53       -0.8710
  54       -0.8710
  55       -0.8710
  56       -0.8710
  57       -0.8154
  58       -0.8154
  59       -0.8154
  60       -0.6856
  61       -0.6856
  62       -0.6856
  63       -0.6856
  64       -0.6856
  65       -0.6856
  66       -0.6197
  67       -0.6197
  68       -0.6197
  69       -0.6197
  70       -0.6197
  71       -0.6197
  72       -0.6042
  73       -0.6042
  74       -0.6042
  75       -0.5915
  76       -0.5915
  77       -0.5915
  78       -0.5765
  79       -0.5765
  80       -0.5744
  81       -0.5672
  82       -0.5672
  83       -0.5672
  84       -0.5592
  85       -0.5592
  86       -0.5504
  87       -0.5504
  88       -0.5504
  89       -0.1012
  90       -0.1012
  91       -0.1012
  92       -0.0216
  93       -0.0216
  94       -0.0216
  95        0.0261
  96        0.0261
  97        0.0261
  98        0.0867
  99        0.0867
 100        0.0867
 101        0.0867
 102        0.0867
 103        0.0867
 104        0.0889
 105        0.0889
 106        0.0889
 107        0.1676
 108        0.1676
 109        0.1676
 110        0.2337
 111        0.2337
 112        0.2337
 113        0.3511
 114        0.3511
 115        0.3511
 116        0.3705
 117        0.3705
 118        0.3705
 119        0.3979
 120        0.3979
 121        0.3979
 122        0.3979
 123        0.3979
 124        0.3979
 125        0.4265
 126        0.4265
 127        0.4330
 128        0.4330
 129        0.4330
 130        0.4831
 131        0.4831
 132        0.4831
 133        0.4831
 134        0.4831
 135        0.4831
 136        0.5613
 137        0.5613
 138        0.5613
 139        0.7682
 140        0.7682
 141        0.7682
 142        0.8464
 143        0.8464
 144        0.8464
 145        1.1446
 146        1.1446
 147        1.1446
 148        1.1752
 149        1.1752
 150        1.1752
 151        1.2068
 152        1.2068
 153        1.2234
 154        1.2234
 155        1.2234
 156        1.3849
 157        1.3849
 158        1.3849
 159        1.4175
 160        1.4175
 161        1.4175
 162        1.4175
 163        1.4175
 164        1.4175
 165        1.4205
 166        1.4205
 167        1.4205
 168        2.2530
 169        2.2530
 170        2.2530
 171        2.6317
 172        2.6317
 173        2.6317
 174        2.6317
 175        2.6317
 176        2.6317
 177        2.8053
 178        3.0327
 179        3.0327
 180        3.0327
 181        3.1823
 182        3.1823
 183        3.1823
 184        4.6723
 185        4.6723
 186        4.6723
 187        5.1614
 188        5.1614
 189        5.1614
 190        5.4926
 191        6.6182
 192        6.6182
 193        6.6182
 194        6.6182
 195        6.6182
 196        6.6182
 197        7.3844
 198        7.3845
 199        7.3846
 200        8.4180
 201        8.4181
 202        8.4183
 203        8.4191
 204        8.4223
 205        8.4297
 206        9.1049
 207        9.1072
 208        9.1121
 209        9.1399
 210        9.2497
 211        9.8148
 212       10.1041
 
  0.1875000E+00  0.6250000E-01  0.6250000E-01  0.4687500E-01
   1       -4.4307
   2       -3.0717
   3       -2.6337
   4       -2.6337
   5       -2.3737
   6       -2.3341
   7       -2.3341
   8       -2.3149
   9       -2.2943
  10       -2.2943
  11       -2.1102
  12       -2.1081
  13       -2.0858
  14       -2.0858
  15       -1.9107
  16       -1.8976
  17       -1.8976
  18       -1.8204
  19       -1.8204
  20       -1.7796
  21       -1.6462
  22       -1.6462
  23       -1.5927
  24       -1.5927
  25       -1.5703
  26       -1.4899
  27       -1.4399
  28       -1.4399
  29       -1.3782
  30       -1.3782
  31       -1.3575
  32       -1.3575
  33       -1.3393
  34       -1.3393
  35       -1.3315
  36       -1.3315
  37       -1.3188
  38       -1.3188
  39       -1.2096
  40       -1.2096
  41       -1.1927
  42       -1.1927
  43       -1.0949
  44       -0.9727
  45       -0.9727
  46       -0.9563
  47       -0.9563
  48       -0.9501
  49       -0.9501
  50       -0.9323
  51       -0.9323
  52       -0.8769
  53       -0.8769
  54       -0.8040
  55       -0.7945
  56       -0.7945
  57       -0.7871
  58       -0.7871
  59       -0.7635
  60       -0.7283
  61       -0.7283
  62       -0.7256
  63       -0.7256
  64       -0.6800
  65       -0.6800
  66       -0.6563
  67       -0.6563
  68       -0.6370
  69       -0.6370
  70       -0.6186
  71       -0.6058
  72       -0.6058
  73       -0.6017
  74       -0.5743
  75       -0.5569
  76       -0.5364
  77       -0.5364
  78       -0.5335
  79       -0.5335
  80       -0.5335
  81       -0.5314
  82       -0.5294
  83       -0.4815
  84       -0.4815
  85       -0.4604
  86       -0.4121
  87       -0.3875
  88       -0.3875
  89       -0.2110
  90       -0.2110
  91       -0.1636
  92       -0.1636
  93       -0.1011
  94       -0.0873
  95       -0.0209
  96       -0.0209
  97       -0.0094
  98       -0.0027
  99        0.0438
 100        0.0438
 101        0.0827
 102        0.1494
 103        0.1494
 104        0.1541
 105        0.1541
 106        0.1619
 107        0.1619
 108        0.1973
 109        0.1973
 110        0.2086
 111        0.2984
 112        0.2984
 113        0.3319
 114        0.3319
 115        0.3346
 116        0.3346
 117        0.3956
 118        0.4017
 119        0.4017
 120        0.4138
 121        0.4138
 122        0.4407
 123        0.4411
 124        0.4411
 125        0.4851
 126        0.4851
 127        0.4974
 128        0.5414
 129        0.5445
 130        0.5445
 131        0.6023
 132        0.6023
 133        0.6261
 134        0.6261
 135        0.6640
 136        0.6714
 137        0.6731
 138        0.6731
 139        0.6930
 140        0.8079
 141        0.8079
 142        0.9100
 143        0.9100
 144        0.9252
 145        0.9787
 146        0.9980
 147        0.9980
 148        1.1165
 149        1.1279
 150        1.1279
 151        1.1528
 152        1.1555
 153        1.2015
 154        1.2031
 155        1.2031
 156        1.2299
 157        1.2299
 158        1.3276
 159        1.3601
 160        1.3601
 161        1.3609
 162        1.3609
 163        1.3715
 164        1.4175
 165        1.4175
 166        1.4176
 167        1.4176
 168        1.9223
 169        1.9223
 170        2.2505
 171        2.2718
 172        2.2718
 173        2.4903
 174        2.6453
 175        2.6453
 176        3.0574
 177        3.0574
 178        3.0626
 179        3.0747
 180        3.0747
 181        3.4279
 182        3.4883
 183        3.4883
 184        3.9833
 185        4.8859
 186        4.8859
 187        5.1710
 188        5.5195
 189        5.5195
 190        6.0192
 191        6.1773
 192        6.1773
 193        6.3292
 194        6.3292
 195        6.6091
 196        6.6091
 197        7.3487
 198        7.3494
 199        7.8486
 200        7.8495
 201        8.2147
 202        8.3634
 203        8.3725
 204        8.4737
 205        8.4934
 206        8.9637
 207        9.2237
 208        9.3233
 209        9.4032
 210        9.4432
 211        9.4695
 212        9.6823
 
  0.3125000E+00  0.6250000E-01  0.6250000E-01  0.4687500E-01
   1       -4.2840
   2       -3.4483
   3       -2.5310
   4       -2.5310
   5       -2.3183
   6       -2.2591
   7       -2.2591
   8       -2.2219
   9       -2.1962
  10       -2.1962
  11       -2.0700
  12       -2.0129
  13       -2.0129
  14       -2.0043
  15       -2.0016
  16       -2.0016
  17       -1.9472
  18       -1.8649
  19       -1.8324
  20       -1.8324
  21       -1.8249
  22       -1.8249
  23       -1.7572
  24       -1.7333
  25       -1.7333
  26       -1.6074
  27       -1.5815
  28       -1.5815
  29       -1.3980
  30       -1.3980
  31       -1.3369
  32       -1.3369
  33       -1.3022
  34       -1.3022
  35       -1.2939
  36       -1.2939
  37       -1.2552
  38       -1.2552
  39       -1.2353
  40       -1.2353
  41       -1.1722
  42       -1.1722
  43       -1.0464
  44       -1.0464
  45       -0.9907
  46       -0.9907
  47       -0.9886
  48       -0.9886
  49       -0.9658
  50       -0.9658
  51       -0.9654
  52       -0.9315
  53       -0.9315
  54       -0.8368
  55       -0.8368
  56       -0.8083
  57       -0.8083
  58       -0.7922
  59       -0.7922
  60       -0.7771
  61       -0.7354
  62       -0.7354
  63       -0.6765
  64       -0.6725
  65       -0.6725
  66       -0.6618
  67       -0.6618
  68       -0.6593
  69       -0.6553
  70       -0.6511
  71       -0.6511
  72       -0.6296
  73       -0.6296
  74       -0.5842
  75       -0.5286
  76       -0.5286
  77       -0.5091
  78       -0.4788
  79       -0.4788
  80       -0.4776
  81       -0.4761
  82       -0.4644
  83       -0.3319
  84       -0.3319
  85       -0.3293
  86       -0.3293
  87       -0.2409
  88       -0.2409
  89       -0.2183
  90       -0.2171
  91       -0.1683
  92       -0.1552
  93       -0.1384
  94       -0.1377
  95       -0.1247
  96       -0.1247
  97       -0.0644
  98       -0.0644
  99        0.0736
 100        0.0969
 101        0.0969
 102        0.1465
 103        0.1465
 104        0.2275
 105        0.2275
 106        0.2576
 107        0.2576
 108        0.2775
 109        0.2775
 110        0.3084
 111        0.3084
 112        0.3205
 113        0.3205
 114        0.3362
 115        0.3860
 116        0.3860
 117        0.4010
 118        0.4010
 119        0.4304
 120        0.4304
 121        0.4383
 122        0.4383
 123        0.4685
 124        0.5512
 125        0.5741
 126        0.5741
 127        0.6233
 128        0.6268
 129        0.6268
 130        0.6530
 131        0.7297
 132        0.7434
 133        0.7527
 134        0.7527
 135        0.7557
 136        0.7557
 137        0.7870
 138        0.7870
 139        0.7999
 140        0.8108
 141        0.8108
 142        0.8575
 143        0.9234
 144        0.9234
 145        0.9423
 146        0.9424
 147        1.0035
 148        1.0064
 149        1.0590
 150        1.0590
 151        1.0645
 152        1.0883
 153        1.0883
 154        1.1130
 155        1.1358
 156        1.1358
 157        1.1430
 158        1.2168
 159        1.2546
 160        1.2546
 161        1.2555
 162        1.2555
 163        1.2824
 164        1.4172
 165        1.4172
 166        1.4174
 167        1.4174
 168        1.6260
 169        1.6260
 170        1.9409
 171        1.9409
 172        2.2470
 173        2.3221
 174        2.6746
 175        2.6746
 176        2.9125
 177        2.9125
 178        3.1230
 179        3.1265
 180        3.4348
 181        3.5937
 182        3.5937
 183        4.0071
 184        4.0071
 185        5.2572
 186        5.2572
 187        5.5337
 188        5.5337
 189        5.5946
 190        5.8170
 191        5.8170
 192        6.1087
 193        6.1087
 194        6.5131
 195        6.5131
 196        6.6715
 197        7.2870
 198        7.2871
 199        7.3910
 200        7.3912
 201        8.0083
 202        8.4094
 203        8.4309
 204        8.5444
 205        8.5599
 206        8.6231
 207        8.7335
 208        9.1342
 209        9.2320
 210        9.3392
 211        9.4624
 212        9.5802
 
  0.4375000E+00  0.6250000E-01  0.6250000E-01  0.4687500E-01
   1       -4.0672
   2       -3.7856
   3       -2.3851
   4       -2.3851
   5       -2.2267
   6       -2.2072
   7       -2.2072
   8       -2.1483
   9       -2.1483
  10       -2.1011
  11       -2.0950
  12       -2.0592
  13       -2.0592
  14       -2.0250
  15       -2.0043
  16       -2.0043
  17       -1.9920
  18       -1.9377
  19       -1.8975
  20       -1.8975
  21       -1.8824
  22       -1.8824
  23       -1.7978
  24       -1.7375
  25       -1.7375
  26       -1.7163
  27       -1.7163
  28       -1.7111
  29       -1.5731
  30       -1.5731
  31       -1.3025
  32       -1.3025
  33       -1.2873
  34       -1.2873
  35       -1.2276
  36       -1.2276
  37       -1.1685
  38       -1.1685
  39       -1.1432
  40       -1.1432
  41       -1.1333
  42       -1.1333
  43       -1.1196
  44       -1.1196
  45       -1.0566
  46       -1.0566
  47       -1.0282
  48       -1.0282
  49       -1.0096
  50       -1.0096
  51       -0.9746
  52       -0.9746
  53       -0.9155
  54       -0.9155
  55       -0.8460
  56       -0.8367
  57       -0.8367
  58       -0.8348
  59       -0.8348
  60       -0.7423
  61       -0.7398
  62       -0.6974
  63       -0.6966
  64       -0.6966
  65       -0.6668
  66       -0.6668
  67       -0.6646
  68       -0.6646
  69       -0.6609
  70       -0.6609
  71       -0.6334
  72       -0.6043
  73       -0.5878
  74       -0.5878
  75       -0.4979
  76       -0.4979
  77       -0.4762
  78       -0.4762
  79       -0.4345
  80       -0.4312
  81       -0.4312
  82       -0.3959
  83       -0.3959
  84       -0.3948
  85       -0.3941
  86       -0.3745
  87       -0.3357
  88       -0.2923
  89       -0.2923
  90       -0.2881
  91       -0.2865
  92       -0.2635
  93        0.1232
  94        0.1234
  95        0.1234
  96        0.1282
  97        0.1282
  98        0.1392
  99        0.1392
 100        0.1590
 101        0.1626
 102        0.2540
 103        0.2756
 104        0.2756
 105        0.2805
 106        0.2805
 107        0.3061
 108        0.3061
 109        0.3133
 110        0.3133
 111        0.3361
 112        0.3361
 113        0.3663
 114        0.3663
 115        0.3830
 116        0.3830
 117        0.3886
 118        0.3886
 119        0.4274
 120        0.4274
 121        0.4510
 122        0.4510
 123        0.4639
 124        0.4773
 125        0.4773
 126        0.4996
 127        0.5092
 128        0.5357
 129        0.5357
 130        0.5614
 131        0.6194
 132        0.6194
 133        0.7854
 134        0.7854
 135        0.8069
 136        0.8448
 137        0.9006
 138        0.9006
 139        0.9023
 140        0.9340
 141        0.9340
 142        0.9342
 143        0.9469
 144        0.9539
 145        0.9539
 146        0.9631
 147        0.9631
 148        1.0318
 149        1.0318
 150        1.0350
 151        1.0517
 152        1.0570
 153        1.0833
 154        1.1147
 155        1.1147
 156        1.1164
 157        1.1164
 158        1.1168
 159        1.1168
 160        1.1758
 161        1.3430
 162        1.3430
 163        1.3567
 164        1.3567
 165        1.4172
 166        1.4172
 167        1.4173
 168        1.4173
 169        1.5562
 170        1.6313
 171        1.6313
 172        2.2467
 173        2.2614
 174        2.2917
 175        2.7237
 176        2.7237
 177        2.8001
 178        2.8001
 179        3.2139
 180        3.3285
 181        4.1892
 182        4.1892
 183        4.5862
 184        4.5862
 185        4.8471
 186        4.8471
 187        5.2053
 188        5.2053
 189        5.7174
 190        5.7174
 191        6.1867
 192        6.1867
 193        6.2812
 194        6.8367
 195        6.8367
 196        7.1026
 197        7.2093
 198        7.2095
 199        7.2221
 200        7.2224
 201        7.4178
 202        7.6576
 203        7.6592
 204        8.2440
 205        8.5708
 206        8.5833
 207        8.8053
 208        8.8255
 209        8.8897
 210        9.0946
 211        9.2101
 212        9.6272
 
  0.1875000E+00  0.1875000E+00  0.6250000E-01  0.4687500E-01
   1       -4.3575
   2       -3.0148
   3       -3.0148
   4       -2.5880
   5       -2.3778
   6       -2.3169
   7       -2.2598
   8       -2.2598
   9       -2.2536
  10       -2.0642
  11       -2.0642
  12       -2.0638
  13       -2.0595
  14       -2.0595
  15       -2.0501
  16       -1.9237
  17       -1.9237
  18       -1.8748
  19       -1.8748
  20       -1.8556
  21       -1.7348
  22       -1.7348
  23       -1.5206
  24       -1.5206
  25       -1.5002
  26       -1.5002
  27       -1.4635
  28       -1.4635
  29       -1.4437
  30       -1.4437
  31       -1.4109
  32       -1.4074
  33       -1.4074
  34       -1.3916
  35       -1.3916
  36       -1.3073
  37       -1.3002
  38       -1.3002
  39       -1.1827
  40       -1.1819
  41       -1.1819
  42       -1.1603
  43       -1.1603
  44       -1.0794
  45       -1.0794
  46       -1.0075
  47       -1.0075
  48       -0.9726
  49       -0.9726
  50       -0.9290
  51       -0.8488
  52       -0.8488
  53       -0.8432
  54       -0.8432
  55       -0.7982
  56       -0.7982
  57       -0.7911
  58       -0.7911
  59       -0.7822
  60       -0.7822
  61       -0.7572
  62       -0.6810
  63       -0.6810
  64       -0.6488
  65       -0.6488
  66       -0.6141
  67       -0.6101
  68       -0.6024
  69       -0.6024
  70       -0.5844
  71       -0.5671
  72       -0.5379
  73       -0.5379
  74       -0.5371
  75       -0.5210
  76       -0.5088
  77       -0.5069
  78       -0.4952
  79       -0.4952
  80       -0.4874
  81       -0.4874
  82       -0.4599
  83       -0.4599
  84       -0.4566
  85       -0.4223
  86       -0.4223
  87       -0.3932
  88       -0.3932
  89       -0.2710
  90       -0.2435
  91       -0.2002
  92       -0.2002
  93       -0.0851
  94       -0.0851
  95       -0.0106
  96       -0.0106
  97       -0.0004
  98        0.0018
  99        0.0018
 100        0.0172
 101        0.0172
 102        0.0677
 103        0.0677
 104        0.0840
 105        0.0896
 106        0.0896
 107        0.1833
 108        0.1833
 109        0.1957
 110        0.1989
 111        0.2389
 112        0.2825
 113        0.2825
 114        0.3881
 115        0.4055
 116        0.4055
 117        0.4347
 118        0.4483
 119        0.4483
 120        0.4683
 121        0.4778
 122        0.4778
 123        0.5099
 124        0.5099
 125        0.5175
 126        0.5175
 127        0.5926
 128        0.5926
 129        0.6067
 130        0.6067
 131        0.7173
 132        0.7173
 133        0.7245
 134        0.7378
 135        0.7378
 136        0.7501
 137        0.7660
 138        0.7660
 139        0.7870
 140        0.7870
 141        0.8169
 142        0.8169
 143        0.8219
 144        0.8483
 145        0.9186
 146        1.0012
 147        1.0479
 148        1.0479
 149        1.0742
 150        1.0742
 151        1.0885
 152        1.1123
 153        1.1719
 154        1.1978
 155        1.1978
 156        1.2122
 157        1.2122
 158        1.2201
 159        1.3146
 160        1.3146
 161        1.3596
 162        1.3596
 163        1.3618
 164        1.3618
 165        1.3705
 166        1.3705
 167        1.3873
 168        1.6247
 169        1.9102
 170        1.9102
 171        2.0572
 172        2.2749
 173        2.2749
 174        2.6925
 175        2.6925
 176        2.7198
 177        3.1107
 178        3.1107
 179        3.5394
 180        3.5394
 181        3.6409
 182        3.6409
 183        3.9444
 184        4.1844
 185        4.1844
 186        5.0833
 187        5.1772
 188        5.1772
 189        5.9670
 190        5.9670
 191        6.0559
 192        6.0959
 193        6.0959
 194        6.4391
 195        6.4391
 196        6.6194
 197        7.3067
 198        7.8682
 199        7.8684
 200        7.9061
 201        7.9061
 202        8.1787
 203        8.1790
 204        8.2859
 205        8.2864
 206        8.4922
 207        8.4950
 208        8.9842
 209        8.9910
 210        9.0949
 211        9.5436
 212        9.8360
 
  0.3125000E+00  0.1875000E+00  0.6250000E-01  0.9375000E-01
   1       -4.2124
   2       -3.3868
   3       -2.9033
   4       -2.5004
   5       -2.3465
   6       -2.3092
   7       -2.2637
   8       -2.1767
   9       -2.1698
  10       -2.1528
  11       -2.0772
  12       -2.0584
  13       -2.0251
  14       -1.9801
  15       -1.9791
  16       -1.9615
  17       -1.9543
  18       -1.9027
  19       -1.8394
  20       -1.8299
  21       -1.8030
  22       -1.7730
  23       -1.7133
  24       -1.6747
  25       -1.5980
  26       -1.5781
  27       -1.5530
  28       -1.5048
  29       -1.4494
  30       -1.4363
  31       -1.4303
  32       -1.4109
  33       -1.3997
  34       -1.3820
  35       -1.3456
  36       -1.3361
  37       -1.2808
  38       -1.2428
  39       -1.2410
  40       -1.2403
  41       -1.1607
  42       -1.1292
  43       -1.1024
  44       -1.0976
  45       -1.0750
  46       -1.0560
  47       -1.0507
  48       -0.9854
  49       -0.9539
  50       -0.9441
  51       -0.9416
  52       -0.9231
  53       -0.9082
  54       -0.8753
  55       -0.8522
  56       -0.8357
  57       -0.8166
  58       -0.8095
  59       -0.7534
  60       -0.6998
  61       -0.6991
  62       -0.6884
  63       -0.6756
  64       -0.6617
  65       -0.6453
  66       -0.6413
  67       -0.6223
  68       -0.6221
  69       -0.5909
  70       -0.5825
  71       -0.5649
  72       -0.5259
  73       -0.5213
  74       -0.4965
  75       -0.4737
  76       -0.4646
  77       -0.4573
  78       -0.4558
  79       -0.4259
  80       -0.4175
  81       -0.4125
  82       -0.4066
  83       -0.3989
  84       -0.3657
  85       -0.3596
  86       -0.3446
  87       -0.2932
  88       -0.2878
  89       -0.2294
  90       -0.2204
  91       -0.2044
  92       -0.1772
  93       -0.1590
  94       -0.1539
  95       -0.1101
  96       -0.0809
  97       -0.0536
  98       -0.0535
  99       -0.0323
 100       -0.0141
 101        0.0017
 102        0.0390
 103        0.0639
 104        0.1340
 105        0.1575
 106        0.1691
 107        0.1819
 108        0.2058
 109        0.2438
 110        0.2704
 111        0.2790
 112        0.3392
 113        0.3757
 114        0.3827
 115        0.4005
 116        0.4066
 117        0.4575
 118        0.4587
 119        0.4592
 120        0.5036
 121        0.5358
 122        0.5553
 123        0.5895
 124        0.5983
 125        0.5997
 126        0.6101
 127        0.6148
 128        0.6187
 129        0.6269
 130        0.6356
 131        0.6548
 132        0.7038
 133        0.7395
 134        0.7658
 135        0.7698
 136        0.7809
 137        0.7886
 138        0.7932
 139        0.8329
 140        0.8562
 141        0.8746
 142        0.8770
 143        0.8771
 144        0.8863
 145        0.8898
 146        0.9067
 147        0.9616
 148        0.9798
 149        1.0120
 150        1.0676
 151        1.0803
 152        1.0924
 153        1.1342
 154        1.1791
 155        1.1796
 156        1.1838
 157        1.2315
 158        1.2323
 159        1.2555
 160        1.2577
 161        1.2878
 162        1.3273
 163        1.3378
 164        1.3597
 165        1.3629
 166        1.3640
 167        1.3680
 168        1.3705
 169        1.6088
 170        1.8589
 171        1.8871
 172        1.9376
 173        2.2842
 174        2.3313
 175        2.4904
 176        3.1841
 177        3.2000
 178        3.3408
 179        3.5916
 180        3.6408
 181        3.6549
 182        3.9958
 183        4.0811
 184        4.4487
 185        4.5195
 186        5.2133
 187        5.2147
 188        5.4311
 189        5.5888
 190        5.6191
 191        5.6789
 192        5.8087
 193        6.0675
 194        6.4727
 195        6.7106
 196        7.2322
 197        7.3019
 198        7.3825
 199        7.5237
 200        7.5738
 201        7.7777
 202        7.9805
 203        8.0331
 204        8.1027
 205        8.1334
 206        8.1382
 207        8.5455
 208        8.7166
 209        8.7760
 210        9.2144
 211        9.4125
 212        9.8062
 
  0.4375000E+00  0.1875000E+00  0.6250000E-01  0.9375000E-01
   1       -3.9982
   2       -3.7200
   3       -2.7424
   4       -2.5404
   5       -2.3783
   6       -2.2806
   7       -2.2328
   8       -2.1826
   9       -2.1753
  10       -2.0731
  11       -2.0535
  12       -2.0465
  13       -2.0156
  14       -1.9787
  15       -1.9559
  16       -1.9438
  17       -1.8926
  18       -1.8785
  19       -1.8586
  20       -1.8532
  21       -1.8243
  22       -1.7641
  23       -1.7489
  24       -1.7118
  25       -1.6957
  26       -1.6793
  27       -1.6631
  28       -1.6534
  29       -1.5542
  30       -1.5040
  31       -1.4530
  32       -1.4499
  33       -1.3601
  34       -1.3324
  35       -1.3005
  36       -1.2833
  37       -1.2643
  38       -1.2287
  39       -1.2021
  40       -1.1844
  41       -1.1452
  42       -1.1395
  43       -1.1275
  44       -1.0662
  45       -1.0507
  46       -1.0486
  47       -1.0477
  48       -1.0172
  49       -1.0134
  50       -1.0099
  51       -0.9859
  52       -0.9748
  53       -0.9529
  54       -0.9074
  55       -0.8718
  56       -0.8386
  57       -0.8003
  58       -0.7769
  59       -0.7518
  60       -0.7392
  61       -0.7326
  62       -0.7295
  63       -0.6653
  64       -0.6591
  65       -0.6409
  66       -0.6310
  67       -0.6225
  68       -0.5912
  69       -0.5891
  70       -0.5714
  71       -0.5655
  72       -0.5134
  73       -0.5011
  74       -0.4891
  75       -0.4708
  76       -0.4428
  77       -0.4423
  78       -0.4317
  79       -0.4312
  80       -0.4037
  81       -0.3941
  82       -0.3854
  83       -0.3796
  84       -0.3620
  85       -0.3438
  86       -0.3241
  87       -0.3144
  88       -0.2985
  89       -0.2932
  90       -0.2878
  91       -0.2207
  92       -0.1985
  93       -0.0267
  94       -0.0222
  95       -0.0131
  96       -0.0048
  97       -0.0013
  98        0.0071
  99        0.0543
 100        0.1007
 101        0.1051
 102        0.1422
 103        0.1749
 104        0.1836
 105        0.1916
 106        0.2381
 107        0.2456
 108        0.2640
 109        0.2645
 110        0.2892
 111        0.3042
 112        0.3257
 113        0.3369
 114        0.3572
 115        0.3600
 116        0.3702
 117        0.3737
 118        0.4211
 119        0.4452
 120        0.4833
 121        0.4951
 122        0.5019
 123        0.5043
 124        0.5120
 125        0.5366
 126        0.5486
 127        0.5538
 128        0.5640
 129        0.5722
 130        0.6540
 131        0.6853
 132        0.7143
 133        0.7469
 134        0.7598
 135        0.7883
 136        0.7886
 137        0.8123
 138        0.8798
 139        0.8993
 140        0.9327
 141        0.9375
 142        0.9499
 143        0.9541
 144        0.9579
 145        0.9849
 146        1.0071
 147        1.0076
 148        1.0085
 149        1.0096
 150        1.0290
 151        1.0772
 152        1.0947
 153        1.0957
 154        1.1093
 155        1.1133
 156        1.1171
 157        1.1238
 158        1.1256
 159        1.1265
 160        1.1335
 161        1.1923
 162        1.3307
 163        1.3366
 164        1.3607
 165        1.3636
 166        1.3643
 167        1.3659
 168        1.6239
 169        1.6478
 170        1.8320
 171        1.8522
 172        1.8567
 173        1.9839
 174        2.3083
 175        2.3659
 176        2.5393
 177        3.2956
 178        3.4409
 179        3.7866
 180        3.7983
 181        3.9496
 182        4.2721
 183        4.4774
 184        4.6770
 185        4.9161
 186        4.9371
 187        4.9946
 188        5.2871
 189        5.3179
 190        5.5544
 191        5.7883
 192        5.8631
 193        6.2781
 194        6.3146
 195        6.6070
 196        7.1358
 197        7.1385
 198        7.1509
 199        7.4551
 200        7.5751
 201        7.7825
 202        7.9073
 203        8.0596
 204        8.0823
 205        8.0928
 206        8.1774
 207        8.2014
 208        8.2740
 209        8.4737
 210        8.9126
 211        9.3094
 212        9.5690
 
  0.3125000E+00  0.3125000E+00  0.6250000E-01  0.4687500E-01
   1       -4.0706
   2       -3.2657
   3       -3.2657
   4       -2.5988
   5       -2.4425
   6       -2.3434
   7       -2.2358
   8       -2.1662
   9       -2.1662
  10       -2.1403
  11       -2.0527
  12       -2.0527
  13       -1.9696
  14       -1.9696
  15       -1.9382
  16       -1.9382
  17       -1.9321
  18       -1.8574
  19       -1.8574
  20       -1.7599
  21       -1.7599
  22       -1.6772
  23       -1.6073
  24       -1.6073
  25       -1.5898
  26       -1.5898
  27       -1.5828
  28       -1.5828
  29       -1.5192
  30       -1.5192
  31       -1.5142
  32       -1.5003
  33       -1.5003
  34       -1.3832
  35       -1.3832
  36       -1.3496
  37       -1.3496
  38       -1.2678
  39       -1.2678
  40       -1.2379
  41       -1.2379
  42       -1.1591
  43       -1.1591
  44       -1.1416
  45       -1.1242
  46       -1.1242
  47       -1.0433
  48       -0.9346
  49       -0.9346
  50       -0.9142
  51       -0.9123
  52       -0.9123
  53       -0.9112
  54       -0.9112
  55       -0.8764
  56       -0.7663
  57       -0.7663
  58       -0.7532
  59       -0.7532
  60       -0.6859
  61       -0.6592
  62       -0.6592
  63       -0.6452
  64       -0.6452
  65       -0.6234
  66       -0.5954
  67       -0.5954
  68       -0.5590
  69       -0.5553
  70       -0.5553
  71       -0.4818
  72       -0.4818
  73       -0.4538
  74       -0.4463
  75       -0.4329
  76       -0.4197
  77       -0.4091
  78       -0.4053
  79       -0.3888
  80       -0.3674
  81       -0.3499
  82       -0.3499
  83       -0.3305
  84       -0.3305
  85       -0.3017
  86       -0.3017
  87       -0.2765
  88       -0.2765
  89       -0.2474
  90       -0.2474
  91       -0.1833
  92       -0.1833
  93       -0.1585
  94       -0.1585
  95       -0.1171
  96       -0.1171
  97       -0.0834
  98       -0.0834
  99       -0.0657
 100       -0.0472
 101       -0.0254
 102       -0.0254
 103        0.0428
 104        0.0428
 105        0.0711
 106        0.0711
 107        0.0761
 108        0.1137
 109        0.1817
 110        0.1817
 111        0.3195
 112        0.3394
 113        0.3406
 114        0.3406
 115        0.3530
 116        0.3996
 117        0.3996
 118        0.4544
 119        0.4687
 120        0.5151
 121        0.5151
 122        0.5745
 123        0.5745
 124        0.6475
 125        0.6475
 126        0.6716
 127        0.6716
 128        0.6798
 129        0.6798
 130        0.6829
 131        0.6829
 132        0.6877
 133        0.6877
 134        0.7114
 135        0.7352
 136        0.7918
 137        0.7918
 138        0.8213
 139        0.8213
 140        0.8997
 141        0.9272
 142        0.9343
 143        0.9343
 144        0.9347
 145        0.9870
 146        0.9870
 147        0.9885
 148        0.9885
 149        1.0081
 150        1.0604
 151        1.0629
 152        1.0629
 153        1.1207
 154        1.1389
 155        1.1871
 156        1.1871
 157        1.1914
 158        1.1914
 159        1.1963
 160        1.2594
 161        1.2594
 162        1.2608
 163        1.2608
 164        1.2794
 165        1.2794
 166        1.3194
 167        1.5743
 168        1.5758
 169        1.5758
 170        1.6978
 171        1.6978
 172        1.9365
 173        1.9365
 174        2.1918
 175        2.8177
 176        2.8177
 177        3.6804
 178        3.6804
 179        3.7765
 180        3.7765
 181        4.2269
 182        4.2269
 183        4.3114
 184        4.3114
 185        4.8589
 186        4.8589
 187        4.9212
 188        5.2333
 189        5.2333
 190        5.6286
 191        5.6286
 192        5.7398
 193        6.2729
 194        6.2729
 195        7.0388
 196        7.0388
 197        7.1114
 198        7.1114
 199        7.1336
 200        7.3887
 201        7.4813
 202        7.4814
 203        7.5855
 204        7.5856
 205        7.9970
 206        8.4336
 207        8.7904
 208        8.8412
 209        9.2173
 210        9.3357
 211        9.5526
 212        9.8644
 
  0.4375000E+00  0.3125000E+00  0.6250000E-01  0.9375000E-01
   1       -3.8615
   2       -3.5902
   3       -3.0889
   4       -2.8633
   5       -2.3631
   6       -2.3099
   7       -2.2690
   8       -2.2487
   9       -2.1759
  10       -2.0910
  11       -2.0858
  12       -2.0330
  13       -1.9234
  14       -1.9111
  15       -1.8890
  16       -1.8538
  17       -1.8504
  18       -1.8151
  19       -1.7677
  20       -1.7508
  21       -1.7448
  22       -1.7203
  23       -1.6967
  24       -1.6648
  25       -1.6550
  26       -1.6155
  27       -1.5985
  28       -1.5681
  29       -1.5554
  30       -1.5473
  31       -1.5166
  32       -1.4807
  33       -1.4641
  34       -1.4351
  35       -1.4305
  36       -1.3954
  37       -1.3813
  38       -1.3707
  39       -1.3441
  40       -1.3107
  41       -1.2991
  42       -1.2302
  43       -1.1188
  44       -1.0950
  45       -1.0736
  46       -1.0105
  47       -0.9948
  48       -0.9939
  49       -0.9916
  50       -0.9172
  51       -0.9150
  52       -0.9053
  53       -0.8744
  54       -0.8662
  55       -0.8300
  56       -0.8179
  57       -0.8110
  58       -0.8088
  59       -0.7635
  60       -0.7441
  61       -0.6510
  62       -0.6360
  63       -0.6280
  64       -0.5913
  65       -0.5627
  66       -0.5554
  67       -0.5510
  68       -0.5146
  69       -0.5073
  70       -0.4862
  71       -0.4773
  72       -0.4654
  73       -0.4419
  74       -0.4174
  75       -0.3938
  76       -0.3813
  77       -0.3672
  78       -0.3417
  79       -0.3381
  80       -0.3343
  81       -0.3340
  82       -0.3331
  83       -0.3169
  84       -0.3105
  85       -0.3017
  86       -0.2828
  87       -0.2691
  88       -0.2268
  89       -0.2220
  90       -0.2095
  91       -0.1828
  92       -0.1783
  93       -0.1555
  94       -0.1510
  95       -0.1478
  96       -0.1178
  97       -0.1074
  98       -0.1037
  99       -0.0457
 100       -0.0137
 101       -0.0134
 102        0.0046
 103        0.0116
 104        0.0356
 105        0.1080
 106        0.1410
 107        0.1498
 108        0.1746
 109        0.1768
 110        0.1794
 111        0.1801
 112        0.1948
 113        0.2044
 114        0.2259
 115        0.2538
 116        0.2654
 117        0.2706
 118        0.3424
 119        0.4407
 120        0.4663
 121        0.4667
 122        0.5158
 123        0.5177
 124        0.5897
 125        0.6043
 126        0.6192
 127        0.6593
 128        0.6733
 129        0.7061
 130        0.7086
 131        0.7625
 132        0.7881
 133        0.8235
 134        0.8288
 135        0.8331
 136        0.8394
 137        0.8581
 138        0.8763
 139        0.8931
 140        0.9452
 141        0.9606
 142        0.9628
 143        0.9630
 144        0.9904
 145        1.0008
 146        1.0184
 147        1.0240
 148        1.0516
 149        1.0616
 150        1.0707
 151        1.0748
 152        1.0803
 153        1.0862
 154        1.1228
 155        1.1368
 156        1.1377
 157        1.1399
 158        1.1399
 159        1.1502
 160        1.1551
 161        1.1719
 162        1.2651
 163        1.2684
 164        1.2711
 165        1.2864
 166        1.2983
 167        1.3231
 168        1.5019
 169        1.5327
 170        1.6186
 171        1.9531
 172        2.0218
 173        2.0671
 174        2.2261
 175        2.4408
 176        2.8982
 177        3.4075
 178        3.9541
 179        4.0716
 180        4.0937
 181        4.1695
 182        4.4346
 183        4.4363
 184        4.4728
 185        4.6530
 186        4.8545
 187        5.1055
 188        5.3609
 189        5.4109
 190        5.4133
 191        5.8533
 192        5.8888
 193        6.1078
 194        6.1770
 195        6.3448
 196        6.6782
 197        6.6817
 198        6.7941
 199        6.9849
 200        7.0328
 201        7.0958
 202        7.2199
 203        7.7325
 204        8.0720
 205        8.1369
 206        8.7598
 207        8.9231
 208        9.0091
 209        9.1116
 210        9.3646
 211        9.4425
 212        9.5597
 
  0.4375000E+00  0.4375000E+00  0.6250000E-01  0.4687500E-01
   1       -3.6602
   2       -3.3998
   3       -3.3998
   4       -3.1545
   5       -2.3377
   6       -2.3155
   7       -2.3001
   8       -2.3001
   9       -2.1508
  10       -2.1025
  11       -2.1017
  12       -2.1017
  13       -1.8000
  14       -1.7828
  15       -1.7828
  16       -1.7619
  17       -1.7619
  18       -1.7180
  19       -1.7180
  20       -1.7149
  21       -1.7149
  22       -1.6563
  23       -1.6327
  24       -1.6327
  25       -1.6309
  26       -1.6309
  27       -1.6067
  28       -1.6067
  29       -1.5953
  30       -1.5953
  31       -1.5572
  32       -1.5572
  33       -1.5192
  34       -1.5192
  35       -1.4946
  36       -1.4946
  37       -1.4609
  38       -1.4609
  39       -1.4128
  40       -1.3898
  41       -1.3898
  42       -1.2634
  43       -1.2634
  44       -1.1219
  45       -1.0302
  46       -1.0302
  47       -0.9545
  48       -0.9545
  49       -0.9540
  50       -0.9540
  51       -0.8880
  52       -0.8880
  53       -0.8560
  54       -0.8321
  55       -0.8321
  56       -0.7929
  57       -0.7731
  58       -0.7289
  59       -0.6169
  60       -0.6165
  61       -0.6165
  62       -0.5483
  63       -0.5471
  64       -0.5471
  65       -0.5420
  66       -0.5303
  67       -0.5303
  68       -0.4946
  69       -0.4799
  70       -0.4799
  71       -0.3848
  72       -0.3848
  73       -0.3412
  74       -0.3387
  75       -0.3353
  76       -0.3204
  77       -0.3193
  78       -0.3193
  79       -0.3167
  80       -0.3167
  81       -0.2647
  82       -0.2592
  83       -0.2592
  84       -0.2542
  85       -0.2542
  86       -0.2524
  87       -0.2079
  88       -0.2079
  89       -0.2050
  90       -0.1998
  91       -0.1942
  92       -0.1835
  93       -0.1835
  94       -0.1691
  95       -0.1691
  96       -0.1625
  97       -0.1625
  98       -0.1111
  99       -0.1111
 100       -0.0990
 101       -0.0905
 102       -0.0905
 103       -0.0819
 104        0.0121
 105        0.0121
 106        0.0207
 107        0.0207
 108        0.0392
 109        0.0392
 110        0.0714
 111        0.0714
 112        0.1352
 113        0.1352
 114        0.1480
 115        0.1480
 116        0.1564
 117        0.1921
 118        0.1921
 119        0.2357
 120        0.2948
 121        0.5402
 122        0.5695
 123        0.6335
 124        0.6335
 125        0.6640
 126        0.6640
 127        0.7318
 128        0.7318
 129        0.7424
 130        0.7868
 131        0.8068
 132        0.8068
 133        0.8130
 134        0.8130
 135        0.9146
 136        0.9146
 137        0.9166
 138        0.9166
 139        0.9808
 140        0.9823
 141        0.9823
 142        1.0058
 143        1.0168
 144        1.0168
 145        1.0559
 146        1.0682
 147        1.0682
 148        1.0851
 149        1.0887
 150        1.1251
 151        1.1251
 152        1.1292
 153        1.1292
 154        1.1327
 155        1.1327
 156        1.1428
 157        1.1428
 158        1.1486
 159        1.1486
 160        1.1522
 161        1.1567
 162        1.1567
 163        1.1693
 164        1.1693
 165        1.2175
 166        1.2516
 167        1.2516
 168        1.2752
 169        1.4087
 170        1.6472
 171        1.6472
 172        1.7738
 173        2.6183
 174        2.6183
 175        3.0139
 176        3.0139
 177        3.2939
 178        3.2939
 179        3.6970
 180        3.6970
 181        4.6706
 182        4.6706
 183        4.9679
 184        4.9679
 185        5.1090
 186        5.1090
 187        5.3064
 188        5.3064
 189        5.4617
 190        5.4617
 191        5.8250
 192        5.8628
 193        5.8628
 194        6.1587
 195        6.1587
 196        6.1767
 197        6.1767
 198        6.2935
 199        6.3076
 200        6.3076
 201        7.0001
 202        7.2810
 203        7.2810
 204        7.6480
 205        8.8854
 206        9.4508
 207        9.5388
 208        9.6135
 209        9.6586
 210        9.6895
 211        9.8608
 212       10.0738
 
  0.1875000E+00  0.1875000E+00  0.1875000E+00  0.1562500E-01
   1       -4.2853
   2       -2.9628
   3       -2.9628
   4       -2.9628
   5       -2.4066
   6       -2.2252
   7       -2.2252
   8       -2.2252
   9       -2.1282
  10       -2.1282
  11       -2.1282
  12       -2.0286
  13       -2.0286
  14       -2.0286
  15       -2.0215
  16       -2.0215
  17       -2.0215
  18       -1.8328
  19       -1.8328
  20       -1.8328
  21       -1.5702
  22       -1.5702
  23       -1.5702
  24       -1.5702
  25       -1.5702
  26       -1.5702
  27       -1.4945
  28       -1.4945
  29       -1.4945
  30       -1.4270
  31       -1.4270
  32       -1.4270
  33       -1.4190
  34       -1.4190
  35       -1.4190
  36       -1.4190
  37       -1.4190
  38       -1.4190
  39       -1.1524
  40       -1.1524
  41       -1.1524
  42       -1.1524
  43       -1.1524
  44       -1.1524
  45       -1.0575
  46       -1.0575
  47       -1.0575
  48       -0.8407
  49       -0.8407
  50       -0.8407
  51       -0.8222
  52       -0.8222
  53       -0.8222
  54       -0.8222
  55       -0.8222
  56       -0.8222
  57       -0.7938
  58       -0.7938
  59       -0.7938
  60       -0.7117
  61       -0.7117
  62       -0.7117
  63       -0.7117
  64       -0.7117
  65       -0.7117
  66       -0.6636
  67       -0.6636
  68       -0.6636
  69       -0.6228
  70       -0.5370
  71       -0.5370
  72       -0.4982
  73       -0.4982
  74       -0.4531
  75       -0.4531
  76       -0.4531
  77       -0.4501
  78       -0.4501
  79       -0.4501
  80       -0.4501
  81       -0.4501
  82       -0.4501
  83       -0.4346
  84       -0.4346
  85       -0.4346
  86       -0.3867
  87       -0.3867
  88       -0.3867
  89       -0.2466
  90       -0.2466
  91       -0.2466
  92       -0.1359
  93       -0.1359
  94       -0.1359
  95       -0.1059
  96       -0.1059
  97       -0.1059
  98       -0.0591
  99       -0.0591
 100       -0.0591
 101        0.1095
 102        0.1095
 103        0.1095
 104        0.1451
 105        0.1451
 106        0.1451
 107        0.1451
 108        0.1451
 109        0.1451
 110        0.2845
 111        0.2845
 112        0.2845
 113        0.3525
 114        0.3525
 115        0.3525
 116        0.4004
 117        0.4004
 118        0.4004
 119        0.4064
 120        0.4064
 121        0.4894
 122        0.4894
 123        0.4894
 124        0.4894
 125        0.4894
 126        0.4894
 127        0.6717
 128        0.6717
 129        0.6717
 130        0.7280
 131        0.7280
 132        0.7280
 133        0.7512
 134        0.7512
 135        0.7512
 136        0.7512
 137        0.7512
 138        0.7512
 139        0.8334
 140        0.8334
 141        0.8334
 142        1.0144
 143        1.0144
 144        1.0144
 145        1.0397
 146        1.0397
 147        1.0397
 148        1.0474
 149        1.0474
 150        1.0474
 151        1.0562
 152        1.0562
 153        1.0562
 154        1.0894
 155        1.0894
 156        1.2314
 157        1.2314
 158        1.2314
 159        1.3164
 160        1.3164
 161        1.3164
 162        1.3164
 163        1.3164
 164        1.3164
 165        1.3650
 166        1.3650
 167        1.3650
 168        1.4989
 169        1.6051
 170        1.6051
 171        1.6051
 172        2.7187
 173        2.7187
 174        2.7187
 175        2.7187
 176        2.7187
 177        2.7187
 178        3.4390
 179        3.4390
 180        3.4390
 181        4.0147
 182        4.0147
 183        4.0147
 184        4.3654
 185        4.3654
 186        4.3654
 187        5.5707
 188        5.5707
 189        5.5707
 190        5.9798
 191        5.9798
 192        5.9798
 193        5.9798
 194        5.9798
 195        5.9798
 196        7.2526
 197        7.8709
 198        7.8709
 199        7.8709
 200        7.8710
 201        7.8715
 202        7.8724
 203        8.0721
 204        8.0728
 205        8.0743
 206        8.1380
 207        8.1398
 208        8.1451
 209        9.5111
 210        9.5233
 211        9.5393
 212        9.8474
 
  0.3125000E+00  0.1875000E+00  0.1875000E+00  0.4687500E-01
   1       -4.1421
   2       -3.3287
   3       -2.8618
   4       -2.8618
   5       -2.4028
   6       -2.3376
   7       -2.3376
   8       -2.2188
   9       -2.1563
  10       -2.1563
  11       -2.1052
  12       -1.9900
  13       -1.9591
  14       -1.9591
  15       -1.9506
  16       -1.9506
  17       -1.9182
  18       -1.7877
  19       -1.7563
  20       -1.7563
  21       -1.7500
  22       -1.7500
  23       -1.6510
  24       -1.6510
  25       -1.6368
  26       -1.5776
  27       -1.5776
  28       -1.5381
  29       -1.4895
  30       -1.4895
  31       -1.4406
  32       -1.4406
  33       -1.4385
  34       -1.4385
  35       -1.3784
  36       -1.3784
  37       -1.3528
  38       -1.3528
  39       -1.3162
  40       -1.3162
  41       -1.1340
  42       -1.1340
  43       -1.0964
  44       -1.0964
  45       -1.0155
  46       -1.0155
  47       -0.9371
  48       -0.9116
  49       -0.9116
  50       -0.9083
  51       -0.9083
  52       -0.8725
  53       -0.8725
  54       -0.8580
  55       -0.8318
  56       -0.8318
  57       -0.7840
  58       -0.7840
  59       -0.7474
  60       -0.7474
  61       -0.7406
  62       -0.7406
  63       -0.7232
  64       -0.6887
  65       -0.6887
  66       -0.6619
  67       -0.6155
  68       -0.5424
  69       -0.5424
  70       -0.5206
  71       -0.5083
  72       -0.4591
  73       -0.4564
  74       -0.4564
  75       -0.4528
  76       -0.4343
  77       -0.4343
  78       -0.4205
  79       -0.4205
  80       -0.3920
  81       -0.3920
  82       -0.3892
  83       -0.3892
  84       -0.3720
  85       -0.3379
  86       -0.3142
  87       -0.3142
  88       -0.2768
  89       -0.2768
  90       -0.2625
  91       -0.2457
  92       -0.1867
  93       -0.1677
  94       -0.1611
  95       -0.1611
  96       -0.1378
  97       -0.1378
  98       -0.0897
  99       -0.0897
 100       -0.0167
 101        0.0005
 102        0.0005
 103        0.1409
 104        0.1947
 105        0.1947
 106        0.1981
 107        0.2024
 108        0.2024
 109        0.2756
 110        0.2756
 111        0.3246
 112        0.3246
 113        0.3355
 114        0.3355
 115        0.3531
 116        0.3656
 117        0.3656
 118        0.4423
 119        0.4437
 120        0.4437
 121        0.4461
 122        0.4461
 123        0.4784
 124        0.4918
 125        0.4918
 126        0.5203
 127        0.5623
 128        0.6218
 129        0.6218
 130        0.6400
 131        0.7829
 132        0.7829
 133        0.7830
 134        0.7830
 135        0.7972
 136        0.7972
 137        0.8037
 138        0.8974
 139        0.8985
 140        0.8985
 141        0.9113
 142        0.9113
 143        0.9269
 144        0.9269
 145        0.9466
 146        0.9677
 147        0.9768
 148        0.9830
 149        0.9830
 150        0.9857
 151        0.9857
 152        1.1060
 153        1.2057
 154        1.2198
 155        1.2198
 156        1.2365
 157        1.2365
 158        1.2388
 159        1.2388
 160        1.3204
 161        1.3204
 162        1.3225
 163        1.3415
 164        1.3415
 165        1.3470
 166        1.3470
 167        1.3518
 168        1.3518
 169        1.3561
 170        1.4875
 171        1.5657
 172        2.3523
 173        2.3523
 174        2.7749
 175        2.7749
 176        3.2040
 177        3.2040
 178        3.2533
 179        3.2533
 180        3.5256
 181        4.1528
 182        4.1689
 183        4.5376
 184        4.5376
 185        4.6737
 186        4.6737
 187        5.2050
 188        5.2960
 189        5.2960
 190        5.7469
 191        5.7469
 192        5.9083
 193        5.9083
 194        6.1789
 195        6.1789
 196        7.0756
 197        7.4409
 198        7.4412
 199        7.7121
 200        7.7149
 201        7.8566
 202        7.8580
 203        7.9522
 204        8.0133
 205        8.0160
 206        8.0639
 207        8.0682
 208        8.6034
 209        8.6433
 210        9.0337
 211        9.1314
 212        9.8659
 
  0.4375000E+00  0.1875000E+00  0.1875000E+00  0.4687500E-01
   1       -3.9308
   2       -3.6567
   3       -2.7174
   4       -2.7174
   5       -2.5387
   6       -2.5387
   7       -2.3675
   8       -2.3038
   9       -2.0540
  10       -2.0540
  11       -1.9613
  12       -1.9440
  13       -1.9197
  14       -1.9197
  15       -1.9089
  16       -1.8583
  17       -1.8583
  18       -1.8563
  19       -1.8563
  20       -1.8007
  21       -1.7515
  22       -1.7515
  23       -1.7292
  24       -1.7292
  25       -1.7218
  26       -1.6374
  27       -1.6302
  28       -1.6302
  29       -1.4812
  30       -1.4812
  31       -1.4782
  32       -1.4782
  33       -1.4601
  34       -1.4601
  35       -1.3622
  36       -1.3622
  37       -1.3467
  38       -1.3467
  39       -1.2395
  40       -1.2395
  41       -1.0946
  42       -1.0946
  43       -1.0885
  44       -1.0885
  45       -1.0211
  46       -1.0211
  47       -1.0180
  48       -1.0180
  49       -0.9573
  50       -0.9573
  51       -0.9397
  52       -0.9397
  53       -0.8914
  54       -0.8914
  55       -0.8316
  56       -0.8269
  57       -0.7823
  58       -0.7524
  59       -0.7524
  60       -0.7328
  61       -0.7196
  62       -0.7196
  63       -0.7157
  64       -0.7157
  65       -0.6405
  66       -0.6405
  67       -0.6168
  68       -0.6168
  69       -0.5371
  70       -0.5187
  71       -0.4567
  72       -0.4567
  73       -0.4519
  74       -0.4175
  75       -0.4175
  76       -0.4078
  77       -0.4078
  78       -0.4036
  79       -0.4036
  80       -0.3894
  81       -0.3851
  82       -0.3725
  83       -0.3725
  84       -0.3691
  85       -0.3063
  86       -0.3027
  87       -0.3027
  88       -0.2960
  89       -0.2685
  90       -0.2468
  91       -0.2468
  92       -0.1475
  93       -0.1253
  94       -0.1253
  95       -0.1098
  96       -0.1098
  97       -0.0578
  98       -0.0554
  99       -0.0554
 100        0.0545
 101        0.1532
 102        0.1532
 103        0.1760
 104        0.1760
 105        0.2166
 106        0.2508
 107        0.2508
 108        0.2715
 109        0.2833
 110        0.2907
 111        0.2907
 112        0.2923
 113        0.2923
 114        0.3447
 115        0.3476
 116        0.3476
 117        0.3778
 118        0.3778
 119        0.3784
 120        0.3784
 121        0.3871
 122        0.3871
 123        0.4284
 124        0.4614
 125        0.4614
 126        0.4754
 127        0.4754
 128        0.4946
 129        0.5613
 130        0.6854
 131        0.6903
 132        0.7167
 133        0.7642
 134        0.7642
 135        0.8399
 136        0.8549
 137        0.8606
 138        0.8606
 139        0.8903
 140        0.8903
 141        0.9166
 142        0.9166
 143        0.9264
 144        0.9264
 145        1.0267
 146        1.0267
 147        1.0315
 148        1.0315
 149        1.0530
 150        1.0530
 151        1.0560
 152        1.1106
 153        1.1106
 154        1.1374
 155        1.1374
 156        1.1395
 157        1.1395
 158        1.1454
 159        1.1595
 160        1.1595
 161        1.1899
 162        1.2631
 163        1.3274
 164        1.3274
 165        1.3380
 166        1.3380
 167        1.4317
 168        1.5071
 169        1.6678
 170        1.6678
 171        2.0033
 172        2.0033
 173        2.0455
 174        2.7337
 175        2.8687
 176        2.8687
 177        3.0097
 178        3.0097
 179        3.8759
 180        3.8759
 181        4.3484
 182        4.5269
 183        4.5687
 184        4.5687
 185        5.0443
 186        5.0443
 187        5.0882
 188        5.0882
 189        5.3396
 190        5.4198
 191        5.4198
 192        5.5958
 193        5.5958
 194        6.1374
 195        6.9093
 196        6.9094
 197        7.2950
 198        7.2951
 199        7.4313
 200        7.4315
 201        7.7244
 202        7.7251
 203        7.8952
 204        7.8967
 205        7.9742
 206        7.9795
 207        8.2713
 208        8.2894
 209        8.6160
 210        8.6274
 211       10.0063
 212       10.4240
 
  0.3125000E+00  0.3125000E+00  0.1875000E+00  0.4687500E-01
   1       -4.0028
   2       -3.2148
   3       -3.2148
   4       -2.7818
   5       -2.5982
   6       -2.4320
   7       -2.3788
   8       -2.3788
   9       -2.1122
  10       -2.0277
  11       -2.0277
  12       -1.9281
  13       -1.9215
  14       -1.9215
  15       -1.9134
  16       -1.8503
  17       -1.8503
  18       -1.8036
  19       -1.8036
  20       -1.7044
  21       -1.7044
  22       -1.6527
  23       -1.6253
  24       -1.6253
  25       -1.5965
  26       -1.5965
  27       -1.5948
  28       -1.5948
  29       -1.5436
  30       -1.5436
  31       -1.5436
  32       -1.5371
  33       -1.5371
  34       -1.4572
  35       -1.4572
  36       -1.4310
  37       -1.4310
  38       -1.2742
  39       -1.2742
  40       -1.2412
  41       -1.2176
  42       -1.2176
  43       -1.0857
  44       -1.0857
  45       -0.9996
  46       -0.9996
  47       -0.9461
  48       -0.9068
  49       -0.9068
  50       -0.9000
  51       -0.8980
  52       -0.8980
  53       -0.8825
  54       -0.8825
  55       -0.8253
  56       -0.7589
  57       -0.7589
  58       -0.7538
  59       -0.7538
  60       -0.7190
  61       -0.7190
  62       -0.6965
  63       -0.6802
  64       -0.6407
  65       -0.6407
  66       -0.6264
  67       -0.6264
  68       -0.5069
  69       -0.4975
  70       -0.4975
  71       -0.4752
  72       -0.4738
  73       -0.4738
  74       -0.4351
  75       -0.4212
  76       -0.3953
  77       -0.3953
  78       -0.3685
  79       -0.3671
  80       -0.3522
  81       -0.3318
  82       -0.3314
  83       -0.2987
  84       -0.2987
  85       -0.2944
  86       -0.2944
  87       -0.2898
  88       -0.2898
  89       -0.2555
  90       -0.2555
  91       -0.2257
  92       -0.2257
  93       -0.2026
  94       -0.2026
  95       -0.1834
  96       -0.1790
  97       -0.1790
  98       -0.1551
  99       -0.0805
 100       -0.0805
 101        0.0372
 102        0.0372
 103        0.0709
 104        0.0709
 105        0.1205
 106        0.1205
 107        0.2119
 108        0.2150
 109        0.2592
 110        0.2609
 111        0.2609
 112        0.2695
 113        0.2823
 114        0.2823
 115        0.3462
 116        0.3462
 117        0.3476
 118        0.4092
 119        0.4092
 120        0.4447
 121        0.4945
 122        0.4945
 123        0.4979
 124        0.4984
 125        0.4984
 126        0.5159
 127        0.5571
 128        0.5571
 129        0.6173
 130        0.6173
 131        0.6265
 132        0.6265
 133        0.6332
 134        0.6738
 135        0.6738
 136        0.7870
 137        0.8750
 138        0.9122
 139        0.9122
 140        0.9449
 141        0.9449
 142        0.9739
 143        0.9739
 144        0.9930
 145        1.0159
 146        1.0231
 147        1.0231
 148        1.0267
 149        1.0267
 150        1.0776
 151        1.1070
 152        1.1084
 153        1.1084
 154        1.1158
 155        1.2045
 156        1.2045
 157        1.2190
 158        1.2190
 159        1.2389
 160        1.2482
 161        1.2482
 162        1.2513
 163        1.2513
 164        1.2969
 165        1.2969
 166        1.3176
 167        1.3176
 168        1.3249
 169        1.4749
 170        1.7852
 171        1.7852
 172        2.4020
 173        2.4020
 174        2.8684
 175        2.8684
 176        2.8878
 177        3.3610
 178        3.3610
 179        3.8326
 180        3.8326
 181        3.9863
 182        3.9863
 183        4.7127
 184        4.7127
 185        4.9422
 186        4.9545
 187        4.9545
 188        5.0177
 189        5.4313
 190        5.4313
 191        5.7095
 192        5.7095
 193        5.8307
 194        5.8307
 195        6.7005
 196        6.7005
 197        6.8356
 198        7.2502
 199        7.2504
 200        7.3815
 201        7.4401
 202        7.4403
 203        7.9328
 204        8.1181
 205        8.1249
 206        8.2711
 207        8.2767
 208        8.6996
 209        9.0468
 210        9.1798
 211        9.2890
 212        9.3923
 
  0.4375000E+00  0.3125000E+00  0.1875000E+00  0.9375000E-01
   1       -3.7976
   2       -3.5319
   3       -3.0495
   4       -2.8404
   5       -2.6691
   6       -2.5318
   7       -2.4351
   8       -2.4153
   9       -2.0379
  10       -1.9344
  11       -1.9210
  12       -1.8942
  13       -1.8838
  14       -1.8767
  15       -1.8513
  16       -1.8422
  17       -1.8379
  18       -1.8222
  19       -1.7863
  20       -1.7578
  21       -1.7341
  22       -1.7316
  23       -1.6949
  24       -1.6497
  25       -1.6379
  26       -1.5985
  27       -1.5839
  28       -1.5809
  29       -1.5538
  30       -1.5458
  31       -1.5219
  32       -1.5197
  33       -1.5102
  34       -1.4988
  35       -1.4897
  36       -1.4527
  37       -1.4350
  38       -1.3704
  39       -1.3355
  40       -1.2062
  41       -1.1775
  42       -1.1115
  43       -1.1031
  44       -1.0850
  45       -1.0488
  46       -1.0230
  47       -0.9886
  48       -0.9773
  49       -0.9563
  50       -0.8990
  51       -0.8767
  52       -0.8705
  53       -0.8468
  54       -0.8441
  55       -0.8395
  56       -0.8252
  57       -0.8094
  58       -0.8011
  59       -0.7319
  60       -0.7308
  61       -0.7276
  62       -0.7099
  63       -0.6043
  64       -0.5956
  65       -0.5391
  66       -0.5143
  67       -0.5087
  68       -0.5051
  69       -0.4947
  70       -0.4849
  71       -0.4512
  72       -0.4285
  73       -0.4147
  74       -0.3924
  75       -0.3909
  76       -0.3809
  77       -0.3718
  78       -0.3650
  79       -0.3621
  80       -0.3472
  81       -0.3262
  82       -0.3188
  83       -0.3185
  84       -0.3049
  85       -0.2996
  86       -0.2665
  87       -0.2576
  88       -0.2539
  89       -0.2327
  90       -0.2193
  91       -0.2130
  92       -0.2082
  93       -0.2071
  94       -0.2028
  95       -0.2003
  96       -0.1879
  97       -0.0994
  98       -0.0660
  99       -0.0497
 100       -0.0447
 101       -0.0116
 102       -0.0002
 103        0.0602
 104        0.0792
 105        0.1033
 106        0.1162
 107        0.1193
 108        0.1328
 109        0.1712
 110        0.1812
 111        0.2383
 112        0.2528
 113        0.2583
 114        0.2762
 115        0.2992
 116        0.2999
 117        0.3137
 118        0.3389
 119        0.3660
 120        0.3860
 121        0.4043
 122        0.4179
 123        0.4506
 124        0.4671
 125        0.4760
 126        0.4979
 127        0.5261
 128        0.5508
 129        0.5707
 130        0.5776
 131        0.6515
 132        0.6745
 133        0.6763
 134        0.7410
 135        0.7694
 136        0.7817
 137        0.7956
 138        0.8416
 139        0.8515
 140        0.8796
 141        0.9232
 142        1.0049
 143        1.0430
 144        1.0646
 145        1.0648
 146        1.0659
 147        1.0747
 148        1.0964
 149        1.0988
 150        1.1078
 151        1.1133
 152        1.1175
 153        1.1299
 154        1.1462
 155        1.1572
 156        1.1625
 157        1.1633
 158        1.1646
 159        1.1816
 160        1.1954
 161        1.1992
 162        1.2084
 163        1.2309
 164        1.2677
 165        1.2678
 166        1.2705
 167        1.2946
 168        1.2950
 169        1.7397
 170        2.0570
 171        2.1313
 172        2.3570
 173        2.4946
 174        2.4958
 175        2.6530
 176        3.0467
 177        3.4850
 178        3.5238
 179        3.7384
 180        4.0278
 181        4.1881
 182        4.1987
 183        4.5819
 184        4.7432
 185        4.8298
 186        4.9686
 187        5.2555
 188        5.2687
 189        5.3079
 190        5.4781
 191        5.5166
 192        5.5905
 193        5.7409
 194        5.7876
 195        6.4246
 196        6.4638
 197        6.6275
 198        7.1378
 199        7.1490
 200        7.2389
 201        7.3949
 202        7.5682
 203        7.5716
 204        7.7072
 205        7.7554
 206        8.3836
 207        8.5539
 208        8.6925
 209        8.9637
 210        9.6796
 211        9.8117
 212       10.3772
 
  0.4375000E+00  0.4375000E+00  0.1875000E+00  0.4687500E-01
   1       -3.6019
   2       -3.3494
   3       -3.3494
   4       -3.1156
   5       -2.6005
   6       -2.5149
   7       -2.5149
   8       -2.4837
   9       -1.9984
  10       -1.9357
  11       -1.9357
  12       -1.9223
  13       -1.7887
  14       -1.7835
  15       -1.7835
  16       -1.7799
  17       -1.7799
  18       -1.7482
  19       -1.7482
  20       -1.7088
  21       -1.7088
  22       -1.6615
  23       -1.6615
  24       -1.6586
  25       -1.6566
  26       -1.6566
  27       -1.6528
  28       -1.6528
  29       -1.6319
  30       -1.6319
  31       -1.5578
  32       -1.5578
  33       -1.5160
  34       -1.5160
  35       -1.4305
  36       -1.4305
  37       -1.3866
  38       -1.3653
  39       -1.3653
  40       -1.2757
  41       -1.2757
  42       -1.2392
  43       -1.2392
  44       -1.1031
  45       -0.9930
  46       -0.9930
  47       -0.9330
  48       -0.9330
  49       -0.9291
  50       -0.9291
  51       -0.9010
  52       -0.8763
  53       -0.8763
  54       -0.8065
  55       -0.7982
  56       -0.7982
  57       -0.7508
  58       -0.7508
  59       -0.7498
  60       -0.7100
  61       -0.6893
  62       -0.5324
  63       -0.5324
  64       -0.5177
  65       -0.5032
  66       -0.5032
  67       -0.4832
  68       -0.4149
  69       -0.3990
  70       -0.3990
  71       -0.3813
  72       -0.3777
  73       -0.3777
  74       -0.3524
  75       -0.3524
  76       -0.3496
  77       -0.3489
  78       -0.3281
  79       -0.3253
  80       -0.3253
  81       -0.3159
  82       -0.3159
  83       -0.3048
  84       -0.3048
  85       -0.2934
  86       -0.2895
  87       -0.2895
  88       -0.2690
  89       -0.2575
  90       -0.1983
  91       -0.1983
  92       -0.1858
  93       -0.1858
  94       -0.1790
  95       -0.1717
  96       -0.1273
  97       -0.1273
  98       -0.1150
  99       -0.1112
 100       -0.1112
 101       -0.0631
 102       -0.0631
 103       -0.0220
 104       -0.0220
 105        0.0145
 106        0.0148
 107        0.0148
 108        0.0594
 109        0.0594
 110        0.0869
 111        0.0869
 112        0.1112
 113        0.1112
 114        0.1977
 115        0.1977
 116        0.2271
 117        0.2416
 118        0.2572
 119        0.2572
 120        0.2832
 121        0.4619
 122        0.5492
 123        0.5503
 124        0.5503
 125        0.5684
 126        0.5684
 127        0.6061
 128        0.6061
 129        0.6452
 130        0.6452
 131        0.6686
 132        0.6686
 133        0.6710
 134        0.7097
 135        0.7159
 136        0.7159
 137        0.7427
 138        0.7427
 139        0.7660
 140        0.8594
 141        0.9063
 142        0.9375
 143        1.0023
 144        1.0023
 145        1.1151
 146        1.1151
 147        1.1333
 148        1.1548
 149        1.1548
 150        1.1656
 151        1.1656
 152        1.1661
 153        1.1661
 154        1.1699
 155        1.1699
 156        1.1712
 157        1.1712
 158        1.1776
 159        1.1912
 160        1.1912
 161        1.2001
 162        1.2001
 163        1.2002
 164        1.2002
 165        1.2215
 166        1.2392
 167        1.2392
 168        1.2462
 169        1.9098
 170        2.1724
 171        2.1724
 172        2.3714
 173        2.7180
 174        2.7180
 175        3.0980
 176        3.0980
 177        3.4137
 178        3.4137
 179        3.8001
 180        3.8001
 181        4.2483
 182        4.2483
 183        4.5286
 184        4.5286
 185        4.9864
 186        4.9864
 187        5.2544
 188        5.2544
 189        5.5338
 190        5.7454
 191        5.7519
 192        5.7519
 193        5.8079
 194        5.8079
 195        6.0159
 196        6.0159
 197        6.5538
 198        6.5538
 199        6.8314
 200        6.8314
 201        7.0334
 202        7.2128
 203        7.2128
 204        7.4682
 205        8.2987
 206        9.0931
 207        9.1023
 208        9.1230
 209        9.1967
 210        9.5832
 211        9.7403
 212        9.8314
 
  0.3125000E+00  0.3125000E+00  0.3125000E+00  0.1562500E-01
   1       -3.8687
   2       -3.1155
   3       -3.1155
   4       -3.1155
   5       -2.5932
   6       -2.5932
   7       -2.5932
   8       -2.5003
   9       -1.9778
  10       -1.9778
  11       -1.9778
  12       -1.8806
  13       -1.8806
  14       -1.8806
  15       -1.8301
  16       -1.8301
  17       -1.8301
  18       -1.6811
  19       -1.6811
  20       -1.6811
  21       -1.6811
  22       -1.6811
  23       -1.6811
  24       -1.6097
  25       -1.6097
  26       -1.6097
  27       -1.6042
  28       -1.6042
  29       -1.6042
  30       -1.5828
  31       -1.5828
  32       -1.5828
  33       -1.5828
  34       -1.5828
  35       -1.5828
  36       -1.3434
  37       -1.3434
  38       -1.3434
  39       -1.1742
  40       -1.1742
  41       -1.1742
  42       -1.1742
  43       -1.1742
  44       -1.1742
  45       -0.9125
  46       -0.9125
  47       -0.9125
  48       -0.8863
  49       -0.8863
  50       -0.8863
  51       -0.8863
  52       -0.8863
  53       -0.8863
  54       -0.8538
  55       -0.8538
  56       -0.8538
  57       -0.7723
  58       -0.7723
  59       -0.7723
  60       -0.6831
  61       -0.6583
  62       -0.6583
  63       -0.6583
  64       -0.5867
  65       -0.5867
  66       -0.5867
  67       -0.5867
  68       -0.5867
  69       -0.5867
  70       -0.4689
  71       -0.4689
  72       -0.4112
  73       -0.4112
  74       -0.3612
  75       -0.3612
  76       -0.3612
  77       -0.3163
  78       -0.3163
  79       -0.3163
  80       -0.2898
  81       -0.2898
  82       -0.2898
  83       -0.2822
  84       -0.2822
  85       -0.2822
  86       -0.2822
  87       -0.2822
  88       -0.2822
  89       -0.2456
  90       -0.2456
  91       -0.2456
  92       -0.2423
  93       -0.2423
  94       -0.2423
  95       -0.2346
  96       -0.2346
  97       -0.2346
  98       -0.1975
  99       -0.1975
 100       -0.1975
 101        0.0919
 102        0.0919
 103        0.0919
 104        0.1454
 105        0.1454
 106        0.1454
 107        0.1698
 108        0.1698
 109        0.1698
 110        0.1698
 111        0.1698
 112        0.1698
 113        0.3360
 114        0.3559
 115        0.3559
 116        0.3559
 117        0.3587
 118        0.3587
 119        0.3587
 120        0.4015
 121        0.4015
 122        0.4196
 123        0.4196
 124        0.4196
 125        0.4838
 126        0.4838
 127        0.4838
 128        0.5081
 129        0.5081
 130        0.5081
 131        0.5081
 132        0.5081
 133        0.5081
 134        0.6755
 135        0.6755
 136        0.6755
 137        0.7725
 138        0.7725
 139        0.7725
 140        0.8871
 141        0.8871
 142        1.0707
 143        1.0707
 144        1.0707
 145        1.0816
 146        1.0816
 147        1.0816
 148        1.0863
 149        1.0863
 150        1.0863
 151        1.0863
 152        1.0863
 153        1.0863
 154        1.1915
 155        1.1915
 156        1.1915
 157        1.2299
 158        1.2299
 159        1.2299
 160        1.2299
 161        1.2299
 162        1.2299
 163        1.2465
 164        1.2465
 165        1.2465
 166        1.3223
 167        1.3223
 168        1.3223
 169        1.9860
 170        1.9860
 171        1.9860
 172        2.9737
 173        2.9737
 174        2.9737
 175        2.9737
 176        2.9737
 177        2.9737
 178        3.6513
 179        3.6513
 180        3.6513
 181        4.0975
 182        4.0975
 183        4.0975
 184        5.1280
 185        5.1280
 186        5.1280
 187        5.1280
 188        5.1280
 189        5.1280
 190        5.1966
 191        5.1966
 192        5.1966
 193        6.3424
 194        6.3424
 195        6.3424
 196        6.3931
 197        6.3931
 198        6.3931
 199        7.5838
 200        7.5838
 201        7.5838
 202        7.5840
 203        7.5844
 204        7.5858
 205        8.7102
 206        8.7103
 207        8.7125
 208        8.7218
 209        8.7385
 210        8.7483
 211        8.7931
 212       10.7187
 
  0.4375000E+00  0.3125000E+00  0.3125000E+00  0.4687500E-01
   1       -3.6717
   2       -3.4174
   3       -2.9732
   4       -2.9732
   5       -2.7956
   6       -2.7956
   7       -2.5783
   8       -2.5485
   9       -1.9030
  10       -1.9030
  11       -1.8428
  12       -1.8406
  13       -1.8163
  14       -1.8107
  15       -1.8107
  16       -1.8038
  17       -1.8038
  18       -1.7932
  19       -1.7932
  20       -1.7413
  21       -1.7413
  22       -1.7128
  23       -1.7108
  24       -1.7108
  25       -1.6157
  26       -1.6157
  27       -1.6086
  28       -1.6086
  29       -1.6072
  30       -1.6072
  31       -1.5808
  32       -1.5808
  33       -1.5331
  34       -1.4711
  35       -1.4711
  36       -1.4436
  37       -1.3196
  38       -1.3196
  39       -1.1913
  40       -1.1913
  41       -1.1043
  42       -1.1043
  43       -1.0683
  44       -1.0683
  45       -1.0206
  46       -1.0206
  47       -1.0068
  48       -1.0068
  49       -0.9737
  50       -0.9737
  51       -0.8923
  52       -0.8416
  53       -0.8297
  54       -0.8297
  55       -0.7953
  56       -0.7953
  57       -0.7828
  58       -0.7828
  59       -0.7732
  60       -0.7133
  61       -0.7097
  62       -0.7097
  63       -0.5080
  64       -0.5080
  65       -0.5080
  66       -0.5080
  67       -0.4817
  68       -0.4489
  69       -0.4351
  70       -0.4000
  71       -0.4000
  72       -0.3805
  73       -0.3805
  74       -0.3768
  75       -0.3748
  76       -0.3729
  77       -0.3582
  78       -0.3582
  79       -0.3552
  80       -0.3552
  81       -0.3443
  82       -0.3443
  83       -0.3318
  84       -0.3181
  85       -0.2898
  86       -0.2890
  87       -0.2890
  88       -0.2732
  89       -0.2732
  90       -0.2689
  91       -0.2689
  92       -0.2569
  93       -0.2569
  94       -0.1785
  95       -0.1785
  96       -0.1383
  97       -0.1186
  98       -0.0903
  99       -0.0903
 100       -0.0296
 101       -0.0296
 102       -0.0262
 103       -0.0133
 104        0.0109
 105        0.0118
 106        0.0118
 107        0.0372
 108        0.2176
 109        0.2176
 110        0.2405
 111        0.2405
 112        0.2499
 113        0.2499
 114        0.2729
 115        0.2729
 116        0.2774
 117        0.3026
 118        0.3026
 119        0.3216
 120        0.3514
 121        0.3770
 122        0.3770
 123        0.4082
 124        0.4082
 125        0.4098
 126        0.4098
 127        0.4205
 128        0.4205
 129        0.4774
 130        0.5023
 131        0.5705
 132        0.5824
 133        0.6040
 134        0.6040
 135        0.6442
 136        0.6863
 137        0.6863
 138        0.7393
 139        0.7393
 140        0.7405
 141        0.8819
 142        0.8819
 143        0.9326
 144        1.0067
 145        1.1428
 146        1.1428
 147        1.1480
 148        1.1480
 149        1.1597
 150        1.1597
 151        1.1622
 152        1.1878
 153        1.1878
 154        1.1916
 155        1.1916
 156        1.1938
 157        1.1938
 158        1.2034
 159        1.2034
 160        1.2197
 161        1.2405
 162        1.2405
 163        1.2571
 164        1.2643
 165        1.2643
 166        1.2995
 167        1.2995
 168        1.3009
 169        2.2749
 170        2.2749
 171        2.5979
 172        2.6104
 173        2.6104
 174        3.1386
 175        3.1386
 176        3.3065
 177        3.3653
 178        3.3653
 179        3.6368
 180        3.6368
 181        4.3677
 182        4.3677
 183        4.4269
 184        4.4269
 185        4.4706
 186        4.7812
 187        4.7812
 188        5.2385
 189        5.3394
 190        5.3394
 191        5.4613
 192        5.4613
 193        5.6838
 194        5.9214
 195        6.4070
 196        6.4070
 197        6.9068
 198        6.9068
 199        7.0660
 200        7.0661
 201        7.8613
 202        7.8632
 203        7.8690
 204        7.8700
 205        7.9771
 206        7.9844
 207        8.2523
 208        8.2635
 209        8.3867
 210        8.4359
 211        9.4293
 212        9.9446
 
  0.4375000E+00  0.4375000E+00  0.3125000E+00  0.4687500E-01
   1       -3.4874
   2       -3.2512
   3       -3.2512
   4       -3.0403
   5       -2.8647
   6       -2.7306
   7       -2.7306
   8       -2.6476
   9       -1.8681
  10       -1.8145
  11       -1.8145
  12       -1.8123
  13       -1.7818
  14       -1.7818
  15       -1.7807
  16       -1.7807
  17       -1.7714
  18       -1.7674
  19       -1.7674
  20       -1.7032
  21       -1.7032
  22       -1.7030
  23       -1.7030
  24       -1.6962
  25       -1.6962
  26       -1.6935
  27       -1.6935
  28       -1.6820
  29       -1.6820
  30       -1.6705
  31       -1.6385
  32       -1.6385
  33       -1.3957
  34       -1.3957
  35       -1.3338
  36       -1.2996
  37       -1.2996
  38       -1.2422
  39       -1.2422
  40       -1.1894
  41       -1.1894
  42       -1.1403
  43       -1.1403
  44       -1.0634
  45       -1.0284
  46       -1.0101
  47       -1.0101
  48       -0.9363
  49       -0.9363
  50       -0.9282
  51       -0.9282
  52       -0.8868
  53       -0.8868
  54       -0.8745
  55       -0.8745
  56       -0.8139
  57       -0.7335
  58       -0.7335
  59       -0.7094
  60       -0.7084
  61       -0.6589
  62       -0.5288
  63       -0.5288
  64       -0.4365
  65       -0.4365
  66       -0.4359
  67       -0.4060
  68       -0.4019
  69       -0.3700
  70       -0.3700
  71       -0.3671
  72       -0.3671
  73       -0.3663
  74       -0.3624
  75       -0.3624
  76       -0.3621
  77       -0.3601
  78       -0.3528
  79       -0.3528
  80       -0.3434
  81       -0.3415
  82       -0.3415
  83       -0.3268
  84       -0.3268
  85       -0.3263
  86       -0.3263
  87       -0.3222
  88       -0.3193
  89       -0.3038
  90       -0.2454
  91       -0.2351
  92       -0.2351
  93       -0.1996
  94       -0.1996
  95       -0.1932
  96       -0.1932
  97       -0.1707
  98       -0.1603
  99       -0.1603
 100       -0.0858
 101       -0.0858
 102       -0.0593
 103       -0.0066
 104       -0.0066
 105        0.0503
 106        0.0503
 107        0.0597
 108        0.0597
 109        0.1017
 110        0.1198
 111        0.1198
 112        0.1361
 113        0.1361
 114        0.1425
 115        0.2620
 116        0.2620
 117        0.3409
 118        0.3602
 119        0.3602
 120        0.3610
 121        0.3610
 122        0.3678
 123        0.3678
 124        0.4186
 125        0.4186
 126        0.4606
 127        0.4606
 128        0.4942
 129        0.4942
 130        0.5139
 131        0.5318
 132        0.5562
 133        0.5605
 134        0.5605
 135        0.5670
 136        0.5670
 137        0.6147
 138        0.6147
 139        0.7061
 140        0.7285
 141        0.7306
 142        0.8028
 143        0.8292
 144        0.8292
 145        1.1948
 146        1.2017
 147        1.2017
 148        1.2143
 149        1.2143
 150        1.2171
 151        1.2171
 152        1.2185
 153        1.2185
 154        1.2336
 155        1.2336
 156        1.2369
 157        1.2369
 158        1.2383
 159        1.2383
 160        1.2430
 161        1.2500
 162        1.2500
 163        1.2537
 164        1.2537
 165        1.2604
 166        1.2777
 167        1.2884
 168        1.2884
 169        2.5021
 170        2.7958
 171        2.7958
 172        2.9103
 173        2.9103
 174        3.0497
 175        3.2622
 176        3.2622
 177        3.6329
 178        3.6329
 179        3.8569
 180        3.8569
 181        3.9934
 182        3.9934
 183        4.1375
 184        4.1375
 185        4.6179
 186        4.6179
 187        4.7196
 188        4.9223
 189        4.9223
 190        5.0393
 191        5.0393
 192        5.3090
 193        6.3282
 194        6.3282
 195        6.6354
 196        6.6354
 197        6.7872
 198        7.0732
 199        7.0733
 200        7.3592
 201        7.3593
 202        7.4179
 203        7.4183
 204        7.7776
 205        7.8761
 206        8.3954
 207        8.4008
 208        8.5506
 209        8.6575
 210        8.8540
 211        8.9566
 212        9.1098
 
  0.4375000E+00  0.4375000E+00  0.4375000E+00  0.1562500E-01
   1       -3.3210
   2       -3.1099
   3       -3.1099
   4       -3.1099
   5       -2.9331
   6       -2.9331
   7       -2.9331
   8       -2.7998
   9       -1.7684
  10       -1.7684
  11       -1.7684
  12       -1.7648
  13       -1.7648
  14       -1.7648
  15       -1.7582
  16       -1.7582
  17       -1.7582
  18       -1.7415
  19       -1.7415
  20       -1.7415
  21       -1.7415
  22       -1.7415
  23       -1.7415
  24       -1.7090
  25       -1.7090
  26       -1.7090
  27       -1.7090
  28       -1.7090
  29       -1.7090
  30       -1.7037
  31       -1.7037
  32       -1.7037
  33       -1.2543
  34       -1.2543
  35       -1.2543
  36       -1.1504
  37       -1.1504
  38       -1.1504
  39       -1.1128
  40       -1.1128
  41       -1.1128
  42       -1.1128
  43       -1.1128
  44       -1.1128
  45       -1.0104
  46       -1.0104
  47       -1.0104
  48       -1.0104
  49       -1.0104
  50       -1.0104
  51       -1.0002
  52       -1.0002
  53       -1.0002
  54       -0.9147
  55       -0.9147
  56       -0.9147
  57       -0.6675
  58       -0.6476
  59       -0.6476
  60       -0.6476
  61       -0.5663
  62       -0.5663
  63       -0.5663
  64       -0.3973
  65       -0.3973
  66       -0.3966
  67       -0.3686
  68       -0.3686
  69       -0.3686
  70       -0.3665
  71       -0.3665
  72       -0.3665
  73       -0.3658
  74       -0.3658
  75       -0.3605
  76       -0.3605
  77       -0.3605
  78       -0.3538
  79       -0.3538
  80       -0.3538
  81       -0.3340
  82       -0.3340
  83       -0.3340
  84       -0.3340
  85       -0.3340
  86       -0.3340
  87       -0.2812
  88       -0.2812
  89       -0.2812
  90       -0.2430
  91       -0.2430
  92       -0.2430
  93       -0.2322
  94       -0.2322
  95       -0.2322
  96       -0.2099
  97       -0.2099
  98       -0.2099
  99       -0.2099
 100       -0.2099
 101       -0.2099
 102       -0.0633
 103       -0.0633
 104       -0.0633
 105        0.0683
 106        0.0683
 107        0.0683
 108        0.1936
 109        0.1936
 110        0.1936
 111        0.1936
 112        0.1936
 113        0.1936
 114        0.2047
 115        0.2047
 116        0.2047
 117        0.2803
 118        0.2803
 119        0.2803
 120        0.3308
 121        0.3308
 122        0.3308
 123        0.3308
 124        0.3308
 125        0.3308
 126        0.4213
 127        0.4213
 128        0.4213
 129        0.4675
 130        0.4675
 131        0.4675
 132        0.4771
 133        0.4771
 134        0.5105
 135        0.5105
 136        0.5105
 137        0.6008
 138        0.6008
 139        0.6008
 140        0.6582
 141        0.6582
 142        0.6843
 143        0.6843
 144        0.6843
 145        1.2437
 146        1.2437
 147        1.2437
 148        1.2634
 149        1.2634
 150        1.2634
 151        1.2634
 152        1.2634
 153        1.2634
 154        1.2638
 155        1.2638
 156        1.2638
 157        1.2638
 158        1.2638
 159        1.2638
 160        1.2673
 161        1.2673
 162        1.2673
 163        1.2816
 164        1.2816
 165        1.2816
 166        1.2924
 167        1.2924
 168        1.2924
 169        3.1772
 170        3.1772
 171        3.1772
 172        3.4977
 173        3.4977
 174        3.4977
 175        3.4977
 176        3.4977
 177        3.4977
 178        3.7926
 179        3.7926
 180        3.7926
 181        3.9228
 182        3.9228
 183        3.9228
 184        4.2574
 185        4.2574
 186        4.2574
 187        4.2574
 188        4.2574
 189        4.2574
 190        4.5729
 191        4.5729
 192        4.5729
 193        6.9637
 194        6.9638
 195        6.9645
 196        7.3212
 197        7.3225
 198        7.3263
 199        7.6607
 200        7.6607
 201        7.6614
 202        7.6650
 203        7.6690
 204        7.6869
 205        8.0647
 206        8.0647
 207        8.0753
 208        8.0958
 209        8.1376
 210        8.2548
 211        8.5105
 212        8.6901
