  108  108  100    1
  0.1472281E+02  0.1167181E-08  0.1167181E-08  0.1167181E-08  0.5000000E-15
  1.000000000000000E-004
  CAR 
 No title                                
 1188    1  712
 
  0.2500000E+00  0.2500000E+00  0.2500000E+00  0.1000000E+01
   1       -5.4719
   2       -4.9062
   3       -4.9062
   4       -4.9062
   5       -4.3608
   6       -4.3608
   7       -4.3608
   8       -3.8506
   9       -3.8313
  10       -3.8313
  11       -3.8313
  12       -3.3394
  13       -3.3394
  14       -3.3394
  15       -3.3394
  16       -3.3394
  17       -3.3394
  18       -2.9287
  19       -2.9287
  20       -2.9287
  21       -2.4930
  22       -2.4930
  23       -2.4930
  24       -2.4715
  25       -2.4715
  26       -2.4715
  27       -2.2809
  28       -2.2809
  29       -2.2809
  30       -2.1165
  31       -2.1165
  32       -2.1165
  33       -2.1165
  34       -2.1165
  35       -2.1165
  36       -2.0374
  37       -1.9186
  38       -1.9186
  39       -1.9186
  40       -1.7868
  41       -1.7868
  42       -1.7868
  43       -1.7033
  44       -1.7033
  45       -1.7033
  46       -1.6949
  47       -1.6949
  48       -1.6949
  49       -1.6949
  50       -1.6949
  51       -1.6949
  52       -1.5917
  53       -1.5917
  54       -1.5917
  55       -1.5729
  56       -1.5729
  57       -1.5729
  58       -1.5729
  59       -1.5729
  60       -1.5729
  61       -1.4969
  62       -1.4969
  63       -1.4969
  64       -1.4427
  65       -1.4427
  66       -1.4427
  67       -1.4427
  68       -1.4427
  69       -1.4427
  70       -1.3782
  71       -1.3782
  72       -1.3782
  73       -1.3782
  74       -1.3782
  75       -1.3782
  76       -1.3497
  77       -1.3497
  78       -1.3497
  79       -1.2820
  80       -1.2820
  81       -1.2820
  82       -1.2820
  83       -1.2820
  84       -1.2820
  85       -1.2706
  86       -1.2706
  87       -1.2706
  88       -1.2282
  89       -1.2282
  90       -1.2282
  91       -1.2022
  92       -1.2022
  93       -1.2022
  94       -1.1515
  95       -1.1515
  96       -1.1515
  97       -1.1379
  98       -1.1379
  99       -1.1379
 100       -1.1379
 101       -1.1379
 102       -1.1379
 103       -1.0979
 104       -1.0979
 105       -1.0979
 106       -1.0979
 107       -1.0979
 108       -1.0979
 109       -1.0958
 110       -1.0958
 111       -1.0958
 112       -1.0958
 113       -1.0958
 114       -1.0958
 115       -1.0341
 116       -1.0341
 117       -1.0341
 118       -1.0335
 119       -1.0335
 120       -1.0335
 121       -1.0335
 122       -1.0335
 123       -1.0335
 124       -1.0271
 125       -1.0271
 126       -1.0271
 127       -1.0271
 128       -1.0271
 129       -1.0271
 130       -0.9427
 131       -0.9427
 132       -0.9427
 133       -0.8964
 134       -0.8964
 135       -0.8964
 136       -0.8964
 137       -0.8964
 138       -0.8964
 139       -0.8946
 140       -0.8946
 141       -0.8946
 142       -0.8828
 143       -0.8828
 144       -0.8828
 145       -0.8828
 146       -0.8828
 147       -0.8828
 148       -0.8544
 149       -0.8544
 150       -0.8544
 151       -0.8544
 152       -0.8544
 153       -0.8544
 154       -0.8341
 155       -0.8341
 156       -0.8341
 157       -0.8341
 158       -0.8341
 159       -0.8341
 160       -0.7293
 161       -0.7293
 162       -0.7293
 163       -0.7293
 164       -0.7293
 165       -0.7293
 166       -0.6996
 167       -0.6996
 168       -0.6996
 169       -0.6868
 170       -0.6868
 171       -0.6868
 172       -0.6773
 173       -0.6773
 174       -0.6773
 175       -0.6773
 176       -0.6773
 177       -0.6773
 178       -0.6669
 179       -0.6669
 180       -0.6669
 181       -0.6635
 182       -0.6635
 183       -0.6635
 184       -0.6635
 185       -0.6635
 186       -0.6635
 187       -0.6382
 188       -0.6382
 189       -0.6382
 190       -0.5944
 191       -0.5944
 192       -0.5944
 193       -0.5944
 194       -0.5944
 195       -0.5944
 196       -0.5562
 197       -0.5562
 198       -0.5562
 199       -0.5450
 200       -0.5450
 201       -0.5450
 202       -0.5450
 203       -0.5450
 204       -0.5450
 205       -0.5264
 206       -0.5264
 207       -0.5264
 208       -0.5197
 209       -0.5197
 210       -0.5197
 211       -0.5086
 212       -0.5086
 213       -0.5086
 214       -0.4952
 215       -0.4882
 216       -0.4882
 217       -0.4882
 218       -0.4882
 219       -0.4882
 220       -0.4882
 221       -0.4871
 222       -0.4871
 223       -0.4871
 224       -0.4633
 225       -0.4633
 226       -0.4633
 227       -0.4633
 228       -0.4633
 229       -0.4633
 230       -0.4563
 231       -0.4563
 232       -0.4563
 233       -0.4563
 234       -0.4563
 235       -0.4563
 236       -0.4093
 237       -0.4093
 238       -0.4093
 239       -0.3823
 240       -0.3823
 241       -0.3823
 242       -0.3754
 243       -0.3754
 244       -0.3754
 245       -0.3754
 246       -0.3754
 247       -0.3754
 248       -0.3717
 249       -0.3534
 250       -0.3534
 251       -0.3534
 252       -0.3530
 253       -0.3530
 254       -0.3530
 255       -0.3530
 256       -0.3530
 257       -0.3530
 258       -0.3336
 259       -0.3336
 260       -0.3336
 261       -0.3313
 262       -0.3313
 263       -0.3027
 264       -0.3027
 265       -0.2947
 266       -0.2947
 267       -0.2947
 268       -0.2937
 269       -0.2937
 270       -0.2937
 271       -0.2846
 272       -0.2846
 273       -0.2846
 274       -0.2619
 275       -0.2619
 276       -0.2619
 277       -0.2619
 278       -0.2619
 279       -0.2619
 280       -0.2503
 281       -0.2503
 282       -0.2503
 283       -0.2503
 284       -0.2503
 285       -0.2503
 286       -0.2485
 287       -0.2485
 288       -0.2485
 289       -0.2482
 290       -0.2482
 291       -0.2482
 292       -0.2227
 293       -0.2227
 294       -0.2111
 295       -0.2111
 296       -0.2111
 297       -0.2104
 298       -0.2104
 299       -0.2104
 300       -0.2082
 301       -0.2082
 302       -0.2082
 303       -0.2082
 304       -0.2082
 305       -0.2082
 306       -0.2082
 307       -0.2082
 308       -0.2082
 309       -0.1942
 310       -0.1942
 311       -0.1942
 312       -0.1733
 313       -0.1733
 314       -0.1733
 315       -0.1506
 316       -0.1506
 317       -0.1506
 318       -0.1496
 319       -0.1496
 320       -0.1496
 321       -0.1496
 322       -0.1496
 323       -0.1496
 324       -0.1469
 325       -0.1469
 326       -0.1469
 327       -0.1462
 328       -0.1462
 329       -0.1462
 330       -0.1369
 331       -0.1369
 332       -0.1369
 333       -0.1285
 334       -0.1285
 335       -0.1285
 336       -0.0690
 337       -0.0690
 338       -0.0690
 339       -0.0671
 340       -0.0671
 341       -0.0671
 342       -0.0549
 343       -0.0549
 344       -0.0549
 345       -0.0549
 346       -0.0549
 347       -0.0549
 348       -0.0257
 349       -0.0257
 350       -0.0257
 351        0.0125
 352        0.0125
 353        0.0125
 354        0.0125
 355        0.0125
 356        0.0125
 357        0.0477
 358        0.0477
 359        0.0477
 360        0.0522
 361        0.0522
 362        0.0522
 363        0.0522
 364        0.0522
 365        0.0522
 366        0.0680
 367        0.0680
 368        0.0680
 369        0.0680
 370        0.0680
 371        0.0680
 372        0.1260
 373        0.1260
 374        0.1260
 375        0.1392
 376        0.1392
 377        0.1392
 378        0.1402
 379        0.1402
 380        0.1402
 381        0.1403
 382        0.1403
 383        0.1403
 384        0.1403
 385        0.1403
 386        0.1403
 387        0.1404
 388        0.1404
 389        0.1404
 390        0.1800
 391        0.1800
 392        0.1800
 393        0.1800
 394        0.1800
 395        0.1800
 396        0.1923
 397        0.1923
 398        0.1923
 399        0.1923
 400        0.1923
 401        0.1923
 402        0.1944
 403        0.1944
 404        0.1944
 405        0.2138
 406        0.2138
 407        0.2138
 408        0.2150
 409        0.2150
 410        0.2150
 411        0.2150
 412        0.2150
 413        0.2150
 414        0.2409
 415        0.2409
 416        0.2617
 417        0.2617
 418        0.2617
 419        0.2636
 420        0.2636
 421        0.2636
 422        0.2636
 423        0.2636
 424        0.2636
 425        0.2838
 426        0.2838
 427        0.2838
 428        0.3026
 429        0.3026
 430        0.3026
 431        0.3119
 432        0.3119
 433        0.3184
 434        0.3184
 435        0.3184
 436        0.3580
 437        0.3580
 438        0.3580
 439        0.3580
 440        0.3580
 441        0.3580
 442        0.3629
 443        0.3629
 444        0.3629
 445        0.3746
 446        0.3746
 447        0.3746
 448        0.3746
 449        0.3746
 450        0.3746
 451        0.4104
 452        0.4104
 453        0.4104
 454        0.4281
 455        0.4281
 456        0.4281
 457        0.4313
 458        0.4313
 459        0.4313
 460        0.4443
 461        0.4443
 462        0.4443
 463        0.4443
 464        0.4443
 465        0.4443
 466        0.4460
 467        0.4460
 468        0.4460
 469        0.4555
 470        0.4555
 471        0.4555
 472        0.4556
 473        0.4556
 474        0.4556
 475        0.4556
 476        0.4556
 477        0.4556
 478        0.5017
 479        0.5017
 480        0.5017
 481        0.5019
 482        0.5019
 483        0.5019
 484        0.5371
 485        0.5371
 486        0.5371
 487        0.5594
 488        0.5594
 489        0.5594
 490        0.5737
 491        0.5737
 492        0.5737
 493        0.5737
 494        0.5737
 495        0.5737
 496        0.5760
 497        0.5760
 498        0.5760
 499        0.5760
 500        0.5760
 501        0.5760
 502        0.5786
 503        0.5786
 504        0.5786
 505        0.5786
 506        0.5786
 507        0.5786
 508        0.5807
 509        0.5807
 510        0.5807
 511        0.5807
 512        0.5807
 513        0.5807
 514        0.5855
 515        0.5855
 516        0.5855
 517        0.5856
 518        0.5856
 519        0.5856
 520        0.6028
 521        0.6028
 522        0.6206
 523        0.6206
 524        0.6206
 525        0.6206
 526        0.6206
 527        0.6206
 528        0.6302
 529        0.6302
 530        0.6302
 531        0.6302
 532        0.6302
 533        0.6302
 534        0.6358
 535        0.6358
 536        0.6358
 537        0.6409
 538        0.6409
 539        0.6409
 540        0.6516
 541        0.6516
 542        0.6516
 543        0.6573
 544        0.6573
 545        0.6573
 546        0.6832
 547        0.6832
 548        0.6832
 549        0.6954
 550        0.7075
 551        0.7075
 552        0.7075
 553        0.7075
 554        0.7075
 555        0.7075
 556        0.7136
 557        0.7136
 558        0.7136
 559        0.7136
 560        0.7136
 561        0.7136
 562        0.7268
 563        0.7268
 564        0.7268
 565        0.8615
 566        0.8615
 567        0.8615
 568        0.9743
 569        0.9743
 570        0.9743
 571        1.0303
 572        1.0303
 573        1.0303
 574        1.0303
 575        1.0303
 576        1.0303
 577        1.2180
 578        1.2180
 579        1.2180
 580        1.5337
 581        1.5337
 582        1.5337
 583        1.7840
 584        1.7840
 585        1.7840
 586        1.7840
 587        1.7840
 588        1.7840
 589        1.8787
 590        1.8787
 591        1.8787
 592        1.8787
 593        1.8787
 594        1.8787
 595        2.0924
 596        2.0924
 597        2.0924
 598        2.3353
 599        2.3353
 600        2.3353
 601        2.3353
 602        2.3353
 603        2.3353
 604        2.8896
 605        2.8896
 606        2.8896
 607        3.0452
 608        3.0452
 609        3.0452
 610        3.0897
 611        3.0897
 612        3.0897
 613        3.4787
 614        3.4787
 615        3.4787
 616        3.4787
 617        3.4787
 618        3.4787
 619        3.5447
 620        3.5447
 621        3.5447
 622        3.7982
 623        3.7982
 624        3.7982
 625        3.7982
 626        3.7982
 627        3.7982
 628        4.4846
 629        4.4846
 630        4.4846
 631        4.4846
 632        4.4846
 633        4.4846
 634        5.0201
 635        5.0201
 636        5.0201
 637        5.0201
 638        5.0201
 639        5.0201
 640        5.2004
 641        5.2004
 642        5.2004
 643        5.2489
 644        5.2489
 645        5.2489
 646        5.5019
 647        5.5019
 648        5.5019
 649        5.8452
 650        5.8452
 651        5.8452
 652        5.8452
 653        5.8452
 654        5.8452
 655        5.9036
 656        5.9036
 657        5.9036
 658        5.9036
 659        5.9036
 660        5.9036
 661        6.4916
 662        6.6150
 663        6.6150
 664        6.6150
 665        6.6150
 666        6.6150
 667        6.6150
 668        6.9133
 669        6.9133
 670        6.9133
 671        6.9133
 672        6.9133
 673        6.9133
 674        7.1666
 675        7.1666
 676        7.1666
 677        7.6636
 678        7.6636
 679        7.6636
 680        7.6636
 681        7.6636
 682        7.6636
 683        7.8038
 684        7.8038
 685        7.8038
 686        7.8191
 687        7.8191
 688        7.8191
 689        8.3024
 690        8.3024
 691        8.3024
 692        8.3024
 693        8.3024
 694        8.3024
 695        8.5403
 696        8.5403
 697        8.5403
 698        8.5867
 699        8.5867
 700        8.5867
 701        8.9465
 702        8.9465
 703        8.9465
 704        8.9465
 705        8.9465
 706        8.9465
 707        8.9972
 708        8.9972
 709        8.9972
 710        9.3760
 711        9.3779
 712        9.3957
