   32   32  100    1
  0.1695037E+02  0.8155358E-09  0.8155358E-09  0.8155358E-09  0.5000000E-15
  1.000000000000000E-004
  CAR 
 al100                                   
   96    4   68
 
  0.0000000E+00  0.0000000E+00  0.0000000E+00  0.3703704E-01
   1       -3.2274
   2       -1.0182
   3       -1.0182
   4       -1.0182
   5       -1.0182
   6       -1.0182
   7       -1.0182
   8        1.1581
   9        1.1581
  10        1.1581
  11        1.1581
  12        1.1581
  13        1.1581
  14        1.1581
  15        1.1581
  16        1.1581
  17        1.1581
  18        1.1581
  19        1.1581
  20        3.2362
  21        3.2362
  22        3.2362
  23        3.2362
  24        3.3785
  25        3.3785
  26        3.3785
  27        3.3785
  28        4.8636
  29        4.8636
  30        4.8636
  31        6.1249
  32        6.1249
  33        6.1249
  34        6.9104
  35        6.9104
  36        6.9104
  37        6.9104
  38        6.9104
  39        6.9104
  40        6.9104
  41        6.9104
  42        6.9104
  43        6.9104
  44        6.9104
  45        6.9104
  46        7.9385
  47        7.9385
  48        7.9385
  49        7.9385
  50        7.9385
  51        7.9385
  52        8.6820
  53        8.6820
  54        8.6820
  55        8.6820
  56        8.6820
  57        8.6820
  58        8.9623
  59        8.9623
  60        8.9623
  61        8.9623
  62        8.9623
  63        8.9623
  64        8.9623
  65        8.9623
  66        8.9623
  67        8.9623
  68        8.9623
 
  0.3333333E+00 -0.8271806E-24 -0.8271806E-24  0.2222222E+00
   1       -2.9802
   2       -2.2413
   3       -0.7748
   4       -0.7748
   5       -0.7748
   6       -0.7748
   7       -0.0469
   8       -0.0469
   9       -0.0469
  10       -0.0469
  11        0.6754
  12        1.3981
  13        1.3981
  14        1.3981
  15        1.3981
  16        2.1156
  17        2.1156
  18        2.1156
  19        2.1156
  20        2.8092
  21        2.8265
  22        2.8265
  23        2.8265
  24        2.8265
  25        4.9235
  26        4.9235
  27        4.9235
  28        4.9235
  29        4.9579
  30        4.9579
  31        4.9579
  32        4.9579
  33        5.0906
  34        5.0906
  35        5.7724
  36        5.7724
  37        6.3649
  38        6.3649
  39        7.0309
  40        7.0309
  41        7.0309
  42        7.0309
  43        7.0701
  44        7.0701
  45        7.1382
  46        7.1382
  47        7.1382
  48        7.1382
  49        7.8219
  50        7.8219
  51        7.8219
  52        7.8219
  53        8.5068
  54        8.5068
  55        8.5164
  56        8.5164
  57        8.5164
  58        8.5164
  59        8.6093
  60        9.2376
  61        9.2376
  62        9.2376
  63        9.2376
  64        9.9727
  65        9.9727
  66       10.5606
  67       10.5616
  68       10.5626
 
  0.3333333E+00  0.3333333E+00 -0.1654361E-23  0.4444444E+00
   1       -2.7335
   2       -1.9959
   3       -1.9959
   4       -1.2619
   5       -0.5318
   6       -0.5318
   7        0.1949
   8        0.1949
   9        0.1949
  10        0.1949
  11        0.9159
  12        0.9159
  13        0.9182
  14        0.9182
  15        1.6354
  16        1.6354
  17        3.0457
  18        3.0457
  19        3.0633
  20        3.0633
  21        3.0633
  22        3.0633
  23        3.6943
  24        3.6943
  25        3.7531
  26        3.7531
  27        3.8612
  28        3.8612
  29        4.4740
  30        5.0607
  31        5.0607
  32        5.2670
  33        5.2670
  34        5.3178
  35        5.8695
  36        5.8695
  37        5.8695
  38        5.8695
  39        5.9998
  40        5.9998
  41        6.5139
  42        6.5139
  43        6.5901
  44        6.5901
  45        6.5980
  46        6.6825
  47        7.3909
  48        7.3909
  49        8.0718
  50        8.6404
  51        8.6443
  52        8.6443
  53        8.6443
  54        8.6443
  55        8.7350
  56        8.7350
  57        8.8354
  58        8.8354
  59        9.4195
  60        9.4195
  61        9.4394
  62        9.4394
  63       10.2795
  64       10.2795
  65       10.6790
  66       10.6836
  67       10.7122
  68       10.7576
 
  0.3333333E+00  0.3333333E+00  0.3333333E+00  0.2962963E+00
   1       -2.4872
   2       -1.7508
   3       -1.7508
   4       -1.7508
   5       -1.0181
   6       -1.0181
   7       -1.0181
   8       -0.2890
   9        1.1561
  10        1.1561
  11        1.1561
  12        1.8745
  13        1.8745
  14        1.8745
  15        1.8745
  16        1.8745
  17        1.8745
  18        2.5892
  19        2.5892
  20        2.5892
  21        3.2819
  22        3.2819
  23        3.2819
  24        3.9876
  25        3.9876
  26        3.9876
  27        3.9876
  28        3.9876
  29        3.9876
  30        4.6064
  31        4.6064
  32        4.6064
  33        4.8062
  34        4.8062
  35        4.8062
  36        5.4236
  37        5.4236
  38        5.4236
  39        6.7916
  40        6.7916
  41        6.7916
  42        6.7916
  43        6.7916
  44        6.7916
  45        7.4896
  46        7.4896
  47        7.4896
  48        7.4896
  49        7.4896
  50        7.4896
  51        8.2089
  52        8.7652
  53        8.7652
  54        8.7652
  55        9.1675
  56        9.1675
  57        9.1675
  58        9.5316
  59        9.5316
  60        9.5316
  61        9.7798
  62        9.7798
  63        9.7798
  64        9.7798
  65        9.7798
  66        9.7798
  67       10.2462
  68       10.2463
