   32   32    1    1
  0.1865664E+02  0.8420305E-09  0.8420305E-09  0.8420305E-09  0.5000000E-15
  1.000000000000000E-004
  CAR 
 No title                                
  352    6  212
 
  0.0000000E+00  0.0000000E+00  0.0000000E+00  0.3703704E-01
   1       -4.2953
   2       -2.0487
   3       -2.0422
   4       -2.0422
   5       -2.0422
   6       -2.0422
   7       -2.0359
   8       -1.9254
   9       -1.9254
  10       -1.9254
  11       -1.9253
  12       -1.6766
  13       -1.6766
  14       -1.6765
  15       -1.4159
  16       -1.4158
  17       -1.4158
  18       -0.8376
  19       -0.8347
  20       -0.8347
  21       -0.8312
  22       -0.8309
  23       -0.8308
  24       -0.8307
  25       -0.8307
  26       -0.8304
  27       -0.8270
  28       -0.8270
  29       -0.8241
  30       -0.7076
  31       -0.7034
  32       -0.7034
  33       -0.7034
  34       -0.7034
  35       -0.6993
  36       -0.6049
  37       -0.6007
  38       -0.6007
  39       -0.6006
  40       -0.6006
  41       -0.5965
  42       -0.0887
  43       -0.0835
  44       -0.0835
  45       -0.0809
  46       -0.0809
  47       -0.0809
  48       -0.0809
  49       -0.0808
  50       -0.0808
  51       -0.0788
  52       -0.0788
  53       -0.0740
  54       -0.0231
  55       -0.0231
  56       -0.0187
  57       -0.0187
  58       -0.0187
  59       -0.0187
  60       -0.0187
  61       -0.0185
  62       -0.0185
  63       -0.0177
  64       -0.0138
  65       -0.0138
  66        0.2276
  67        0.2348
  68        0.2350
  69        0.2350
  70        0.2355
  71        0.2355
  72        0.2355
  73        0.2355
  74        0.2360
  75        0.2360
  76        0.2360
  77        0.2431
  78        0.3271
  79        0.3272
  80        0.3272
  81        0.3273
  82        0.3274
  83        0.3274
  84        0.3274
  85        0.3277
  86        0.3529
  87        0.3529
  88        0.3529
  89        0.9863
  90        0.9903
  91        0.9905
  92        0.9905
  93        0.9906
  94        0.9947
  95        1.1498
  96        1.1515
  97        1.1538
  98        1.1538
  99        1.1549
 100        1.1549
 101        1.1549
 102        1.1549
 103        1.1560
 104        1.1560
 105        1.1587
 106        1.1598
 107        1.4138
 108        1.4138
 109        1.4190
 110        1.4190
 111        1.4194
 112        1.4194
 113        1.4195
 114        1.4195
 115        1.4198
 116        1.4198
 117        1.4247
 118        1.4247
 119        1.5474
 120        1.5508
 121        1.5508
 122        1.5509
 123        1.5510
 124        1.5545
 125        1.6446
 126        1.6450
 127        1.6450
 128        1.6467
 129        1.6499
 130        1.6506
 131        1.6507
 132        1.6507
 133        1.6507
 134        1.6510
 135        1.6516
 136        1.6531
 137        1.6570
 138        1.6570
 139        2.1175
 140        2.1199
 141        2.1200
 142        2.1200
 143        2.1200
 144        2.1225
 145        2.6302
 146        2.6302
 147        2.6303
 148        2.6695
 149        2.6696
 150        2.6696
 151        2.6696
 152        2.6696
 153        2.6696
 154        2.6696
 155        2.6697
 156        2.9407
 157        2.9416
 158        2.9417
 159        2.9417
 160        2.9418
 161        2.9418
 162        2.9431
 163        2.9433
 164        2.9433
 165        2.9433
 166        2.9433
 167        2.9443
 168        4.0780
 169        4.0781
 170        4.0781
 171        4.0782
 172        4.2450
 173        4.2462
 174        4.2462
 175        4.2476
 176        4.2485
 177        4.2485
 178        4.2485
 179        4.2485
 180        4.2496
 181        4.2510
 182        4.2510
 183        4.2523
 184        5.9126
 185        5.9126
 186        5.9127
 187        7.2663
 188        7.2663
 189        7.2663
 190        7.2664
 191        8.9734
 192        8.9737
 193        8.9739
 194        8.9739
 195        8.9739
 196        8.9744
 197        9.7581
 198        9.7583
 199        9.7583
 200       10.6613
 201       10.6613
 202       10.6676
 203       10.6676
 204       10.6684
 205       10.6684
 206       10.6685
 207       10.6687
 208       10.6693
 209       10.6693
 210       10.6755
 211       10.6755
 212       12.7521
 
  0.3333333E+00 -0.8271806E-24  0.8271806E-24  0.7407407E-01
   1       -3.9981
   2       -3.1560
   3       -1.8328
   4       -1.8326
   5       -1.8326
   6       -1.8326
   7       -1.7632
   8       -1.7631
   9       -1.7631
  10       -1.7631
  11       -1.5880
  12       -1.4942
  13       -1.4887
  14       -1.4881
  15       -1.3134
  16       -1.3134
  17       -1.3133
  18       -1.3131
  19       -1.3130
  20       -1.3025
  21       -1.3024
  22       -1.3024
  23       -1.3024
  24       -1.2582
  25       -1.2582
  26       -1.0225
  27       -1.0224
  28       -1.0224
  29       -0.7888
  30       -0.7888
  31       -0.5780
  32       -0.5775
  33       -0.5775
  34       -0.5775
  35       -0.5442
  36       -0.5442
  37       -0.5442
  38       -0.5439
  39       -0.5145
  40       -0.5144
  41       -0.5144
  42       -0.5144
  43       -0.2968
  44       -0.2967
  45       -0.2967
  46       -0.2966
  47       -0.1499
  48       -0.1498
  49       -0.1498
  50       -0.1498
  51       -0.1448
  52       -0.0933
  53       -0.0933
  54       -0.0933
  55       -0.0932
  56       -0.0076
  57       -0.0054
  58       -0.0054
  59       -0.0053
  60        0.0034
  61        0.0035
  62        0.0035
  63        0.0058
  64        0.1353
  65        0.1353
  66        0.1354
  67        0.1354
  68        0.2150
  69        0.2673
  70        0.2674
  71        0.2674
  72        0.2674
  73        0.2991
  74        0.2992
  75        0.2992
  76        0.2994
  77        0.4549
  78        0.4550
  79        0.4550
  80        0.4552
  81        0.4795
  82        0.4795
  83        0.5962
  84        0.5962
  85        0.5963
  86        0.5963
  87        0.8052
  88        0.8052
  89        0.8059
  90        0.8060
  91        0.8071
  92        0.8072
  93        0.8079
  94        0.8079
  95        0.8487
  96        0.8487
  97        1.0185
  98        1.0185
  99        1.1566
 100        1.3535
 101        1.3536
 102        1.3536
 103        1.3536
 104        1.4145
 105        1.4145
 106        1.4146
 107        1.4147
 108        1.4461
 109        1.4461
 110        1.4461
 111        1.4462
 112        1.4482
 113        1.4483
 114        1.4483
 115        1.4483
 116        1.5017
 117        1.5839
 118        1.5841
 119        1.5842
 120        1.5842
 121        1.6012
 122        1.6012
 123        1.6014
 124        1.6014
 125        1.7079
 126        1.8787
 127        1.9033
 128        1.9038
 129        1.9455
 130        1.9456
 131        1.9456
 132        1.9456
 133        1.9608
 134        2.0453
 135        2.0453
 136        2.0453
 137        2.0455
 138        2.0965
 139        2.0965
 140        2.1225
 141        2.1225
 142        2.1225
 143        2.1225
 144        2.2053
 145        2.2053
 146        2.3700
 147        2.4020
 148        2.4022
 149        2.4022
 150        2.4022
 151        2.4228
 152        2.4231
 153        2.4930
 154        2.4930
 155        2.4930
 156        2.4932
 157        2.5595
 158        2.6802
 159        2.6802
 160        2.6803
 161        2.6803
 162        2.6930
 163        2.6930
 164        2.9409
 165        2.9420
 166        2.9428
 167        2.9441
 168        3.2270
 169        3.2271
 170        3.2271
 171        3.2271
 172        4.1496
 173        4.1975
 174        4.1976
 175        4.1976
 176        4.1976
 177        4.2463
 178        4.2463
 179        4.2463
 180        4.2469
 181        5.6183
 182        5.6183
 183        5.6183
 184        5.6183
 185        6.8671
 186        6.8671
 187        7.5087
 188        7.5087
 189        7.5087
 190        7.5087
 191        8.2646
 192        8.2646
 193        8.2646
 194        8.2646
 195        8.6810
 196        8.6810
 197        9.1535
 198        9.1535
 199        9.5466
 200        9.5467
 201       10.5235
 202       10.5235
 203       10.5236
 204       10.5236
 205       11.0921
 206       11.0921
 207       11.0922
 208       11.0922
 209       11.1898
 210       11.1898
 211       11.1898
 212       11.1898
 
  0.0000000E+00  0.3333333E+00 -0.8271806E-24  0.1481481E+00
   1       -3.9980
   2       -3.1560
   3       -1.8376
   4       -1.8326
   5       -1.8326
   6       -1.8280
   7       -1.7635
   8       -1.7634
   9       -1.7628
  10       -1.7626
  11       -1.5880
  12       -1.4935
  13       -1.4887
  14       -1.4886
  15       -1.3181
  16       -1.3144
  17       -1.3133
  18       -1.3123
  19       -1.3093
  20       -1.3032
  21       -1.3027
  22       -1.3020
  23       -1.3007
  24       -1.2584
  25       -1.2582
  26       -1.0225
  27       -1.0225
  28       -1.0224
  29       -0.7889
  30       -0.7888
  31       -0.5805
  32       -0.5778
  33       -0.5776
  34       -0.5749
  35       -0.5467
  36       -0.5446
  37       -0.5441
  38       -0.5417
  39       -0.5176
  40       -0.5144
  41       -0.5142
  42       -0.5111
  43       -0.2998
  44       -0.2967
  45       -0.2966
  46       -0.2935
  47       -0.1529
  48       -0.1499
  49       -0.1498
  50       -0.1467
  51       -0.1447
  52       -0.0964
  53       -0.0934
  54       -0.0933
  55       -0.0904
  56       -0.0103
  57       -0.0052
  58       -0.0052
  59       -0.0017
  60        0.0003
  61        0.0034
  62        0.0034
  63        0.0081
  64        0.1333
  65        0.1351
  66        0.1354
  67        0.1370
  68        0.2149
  69        0.2661
  70        0.2670
  71        0.2676
  72        0.2683
  73        0.2964
  74        0.2993
  75        0.2994
  76        0.3022
  77        0.4545
  78        0.4552
  79        0.4552
  80        0.4560
  81        0.4795
  82        0.4797
  83        0.5928
  84        0.5962
  85        0.5963
  86        0.5997
  87        0.8037
  88        0.8041
  89        0.8046
  90        0.8069
  91        0.8073
  92        0.8081
  93        0.8084
  94        0.8099
  95        0.8488
  96        0.8488
  97        1.0183
  98        1.0183
  99        1.1564
 100        1.3513
 101        1.3534
 102        1.3535
 103        1.3555
 104        1.4103
 105        1.4146
 106        1.4147
 107        1.4178
 108        1.4423
 109        1.4434
 110        1.4461
 111        1.4474
 112        1.4474
 113        1.4485
 114        1.4514
 115        1.4520
 116        1.5017
 117        1.5819
 118        1.5842
 119        1.5845
 120        1.5865
 121        1.5990
 122        1.6011
 123        1.6013
 124        1.6034
 125        1.7081
 126        1.8790
 127        1.9033
 128        1.9034
 129        1.9438
 130        1.9447
 131        1.9464
 132        1.9474
 133        1.9605
 134        2.0426
 135        2.0453
 136        2.0453
 137        2.0481
 138        2.0965
 139        2.0967
 140        2.1204
 141        2.1225
 142        2.1226
 143        2.1245
 144        2.2051
 145        2.2052
 146        2.3701
 147        2.4003
 148        2.4022
 149        2.4022
 150        2.4042
 151        2.4228
 152        2.4229
 153        2.4915
 154        2.4930
 155        2.4930
 156        2.4946
 157        2.5595
 158        2.6795
 159        2.6802
 160        2.6803
 161        2.6809
 162        2.6930
 163        2.6931
 164        2.9421
 165        2.9422
 166        2.9429
 167        2.9430
 168        3.2250
 169        3.2270
 170        3.2271
 171        3.2290
 172        4.1501
 173        4.1954
 174        4.1966
 175        4.1988
 176        4.1997
 177        4.2441
 178        4.2458
 179        4.2469
 180        4.2487
 181        5.6158
 182        5.6182
 183        5.6182
 184        5.6208
 185        6.8671
 186        6.8672
 187        7.5067
 188        7.5087
 189        7.5087
 190        7.5107
 191        8.2621
 192        8.2644
 193        8.2647
 194        8.2672
 195        8.6809
 196        8.6810
 197        9.1535
 198        9.1536
 199        9.5466
 200        9.5467
 201       10.5216
 202       10.5234
 203       10.5238
 204       10.5256
 205       11.0891
 206       11.0918
 207       11.0920
 208       11.0951
 209       11.1842
 210       11.1899
 211       11.1906
 212       11.1960
 
  0.3333333E+00  0.3333333E+00  0.0000000E+00  0.2962963E+00
   1       -3.7133
   2       -2.9107
   3       -2.9060
   4       -2.2234
   5       -1.7872
   6       -1.7871
   7       -1.7540
   8       -1.7538
   9       -1.5631
  10       -1.5615
  11       -1.5607
  12       -1.5591
  13       -1.4749
  14       -1.4749
  15       -1.3923
  16       -1.3921
  17       -1.3872
  18       -1.2800
  19       -1.2773
  20       -1.1641
  21       -1.1633
  22       -1.0475
  23       -1.0356
  24       -1.0323
  25       -0.9699
  26       -0.9687
  27       -0.9659
  28       -0.9646
  29       -0.8992
  30       -0.8984
  31       -0.8969
  32       -0.8964
  33       -0.8947
  34       -0.7216
  35       -0.7201
  36       -0.7183
  37       -0.7165
  38       -0.5699
  39       -0.5669
  40       -0.5460
  41       -0.5458
  42       -0.5367
  43       -0.5354
  44       -0.4496
  45       -0.4496
  46       -0.3012
  47       -0.3011
  48       -0.1642
  49       -0.1464
  50       -0.1447
  51       -0.1440
  52       -0.1422
  53       -0.1201
  54       -0.1109
  55       -0.1086
  56        0.0646
  57        0.0646
  58        0.1161
  59        0.1180
  60        0.1724
  61        0.2322
  62        0.2348
  63        0.2354
  64        0.2379
  65        0.3121
  66        0.3122
  67        0.3269
  68        0.3274
  69        0.3299
  70        0.3305
  71        0.3368
  72        0.3369
  73        0.4822
  74        0.4822
  75        0.5253
  76        0.5419
  77        0.5421
  78        0.5580
  79        0.5673
  80        0.6012
  81        0.6489
  82        0.6499
  83        0.6503
  84        0.6519
  85        0.6566
  86        0.6613
  87        0.6817
  88        0.6820
  89        0.7048
  90        0.7050
  91        0.8510
  92        0.8547
  93        0.8686
  94        0.8698
  95        0.8711
  96        0.8722
  97        0.9201
  98        0.9210
  99        0.9728
 100        0.9778
 101        0.9992
 102        1.0538
 103        1.0538
 104        1.1166
 105        1.1183
 106        1.1204
 107        1.1222
 108        1.1820
 109        1.2918
 110        1.2939
 111        1.3198
 112        1.3199
 113        1.4123
 114        1.4124
 115        1.4555
 116        1.4557
 117        1.4745
 118        1.5728
 119        1.7104
 120        1.7759
 121        1.7773
 122        1.8133
 123        1.8140
 124        1.8271
 125        1.8285
 126        1.8402
 127        1.9608
 128        1.9639
 129        1.9815
 130        1.9841
 131        2.0624
 132        2.0632
 133        2.0648
 134        2.0660
 135        2.0835
 136        2.0868
 137        2.0902
 138        2.0926
 139        2.1764
 140        2.1793
 141        2.2136
 142        2.2136
 143        2.2575
 144        2.3012
 145        2.3390
 146        2.3390
 147        2.3892
 148        2.3898
 149        2.3899
 150        2.3905
 151        2.4487
 152        2.4538
 153        2.4547
 154        2.5801
 155        2.5801
 156        2.6004
 157        2.6005
 158        2.6076
 159        2.6077
 160        2.6842
 161        2.6856
 162        2.6886
 163        2.6901
 164        2.6905
 165        2.6925
 166        2.7718
 167        3.1457
 168        3.1459
 169        3.1496
 170        3.1499
 171        3.1517
 172        3.1521
 173        3.2568
 174        3.2576
 175        4.4506
 176        4.4518
 177        5.0888
 178        5.0900
 179        5.8528
 180        5.8546
 181        5.8547
 182        5.8562
 183        5.8930
 184        5.8932
 185        6.4202
 186        6.4228
 187        6.9140
 188        7.2671
 189        7.2671
 190        7.6262
 191        7.6536
 192        7.6537
 193        8.3912
 194        8.3932
 195        8.5930
 196        8.5930
 197        9.0984
 198        9.0996
 199        9.1000
 200        9.1013
 201        9.1941
 202        9.2709
 203        9.2752
 204       10.0611
 205       10.0612
 206       10.7098
 207       11.1742
 208       11.1754
 209       11.3091
 210       11.5719
 211       11.6618
 212       11.7280
 
  0.0000000E+00  0.3333333E+00  0.3333333E+00  0.1481481E+00
   1       -3.7133
   2       -2.9084
   3       -2.9083
   4       -2.2234
   5       -1.7875
   6       -1.7869
   7       -1.7557
   8       -1.7520
   9       -1.5636
  10       -1.5617
  11       -1.5604
  12       -1.5585
  13       -1.4750
  14       -1.4749
  15       -1.3921
  16       -1.3921
  17       -1.3872
  18       -1.2787
  19       -1.2786
  20       -1.1637
  21       -1.1637
  22       -1.0471
  23       -1.0342
  24       -1.0342
  25       -0.9676
  26       -0.9675
  27       -0.9671
  28       -0.9670
  29       -0.8978
  30       -0.8975
  31       -0.8973
  32       -0.8965
  33       -0.8961
  34       -0.7208
  35       -0.7208
  36       -0.7174
  37       -0.7173
  38       -0.5685
  39       -0.5684
  40       -0.5459
  41       -0.5458
  42       -0.5361
  43       -0.5361
  44       -0.4496
  45       -0.4496
  46       -0.3031
  47       -0.2993
  48       -0.1644
  49       -0.1448
  50       -0.1445
  51       -0.1443
  52       -0.1438
  53       -0.1197
  54       -0.1100
  55       -0.1099
  56        0.0645
  57        0.0645
  58        0.1170
  59        0.1171
  60        0.1724
  61        0.2329
  62        0.2349
  63        0.2353
  64        0.2374
  65        0.3104
  66        0.3135
  67        0.3252
  68        0.3284
  69        0.3288
  70        0.3329
  71        0.3369
  72        0.3371
  73        0.4799
  74        0.4850
  75        0.5252
  76        0.5417
  77        0.5421
  78        0.5580
  79        0.5671
  80        0.6014
  81        0.6493
  82        0.6502
  83        0.6504
  84        0.6505
  85        0.6588
  86        0.6597
  87        0.6821
  88        0.6821
  89        0.7048
  90        0.7049
  91        0.8527
  92        0.8527
  93        0.8689
  94        0.8698
  95        0.8711
  96        0.8720
  97        0.9205
  98        0.9206
  99        0.9752
 100        0.9754
 101        0.9991
 102        1.0528
 103        1.0546
 104        1.1188
 105        1.1188
 106        1.1200
 107        1.1201
 108        1.1818
 109        1.2927
 110        1.2928
 111        1.3187
 112        1.3208
 113        1.4124
 114        1.4124
 115        1.4556
 116        1.4557
 117        1.4744
 118        1.5728
 119        1.7106
 120        1.7766
 121        1.7767
 122        1.8136
 123        1.8137
 124        1.8274
 125        1.8276
 126        1.8405
 127        1.9624
 128        1.9625
 129        1.9825
 130        1.9826
 131        2.0628
 132        2.0639
 133        2.0644
 134        2.0655
 135        2.0856
 136        2.0856
 137        2.0911
 138        2.0911
 139        2.1779
 140        2.1779
 141        2.2122
 142        2.2152
 143        2.2574
 144        2.3013
 145        2.3387
 146        2.3392
 147        2.3884
 148        2.3895
 149        2.3902
 150        2.3913
 151        2.4487
 152        2.4541
 153        2.4542
 154        2.5798
 155        2.5804
 156        2.6003
 157        2.6005
 158        2.6075
 159        2.6076
 160        2.6853
 161        2.6853
 162        2.6897
 163        2.6897
 164        2.6909
 165        2.6909
 166        2.7718
 167        3.1454
 168        3.1466
 169        3.1506
 170        3.1506
 171        3.1509
 172        3.1509
 173        3.2571
 174        3.2572
 175        4.4512
 176        4.4512
 177        5.0893
 178        5.0893
 179        5.8508
 180        5.8540
 181        5.8552
 182        5.8582
 183        5.8931
 184        5.8933
 185        6.4214
 186        6.4215
 187        6.9139
 188        7.2671
 189        7.2671
 190        7.6263
 191        7.6536
 192        7.6537
 193        8.3922
 194        8.3922
 195        8.5930
 196        8.5931
 197        9.0969
 198        9.0997
 199        9.1000
 200        9.1026
 201        9.1939
 202        9.2730
 203        9.2734
 204       10.0597
 205       10.0626
 206       10.7098
 207       11.1748
 208       11.1749
 209       11.3091
 210       11.5695
 211       11.6518
 212       11.7279
 
  0.3333333E+00  0.3333333E+00  0.3333333E+00  0.2962963E+00
   1       -3.4494
   2       -2.7162
   3       -2.7130
   4       -2.7099
   5       -2.1994
   6       -2.1968
   7       -2.1944
   8       -2.0687
   9       -1.3813
  10       -1.3811
  11       -1.3808
  12       -1.3132
  13       -1.3129
  14       -1.3127
  15       -1.2530
  16       -1.2507
  17       -1.2484
  18       -1.1017
  19       -1.1009
  20       -1.0986
  21       -1.0986
  22       -1.0964
  23       -1.0956
  24       -1.0138
  25       -1.0113
  26       -1.0093
  27       -1.0024
  28       -1.0015
  29       -0.9999
  30       -0.9997
  31       -0.9985
  32       -0.9974
  33       -0.9391
  34       -0.9383
  35       -0.9376
  36       -0.6410
  37       -0.6399
  38       -0.6388
  39       -0.4739
  40       -0.4721
  41       -0.4708
  42       -0.4708
  43       -0.4695
  44       -0.4678
  45       -0.1689
  46       -0.1671
  47       -0.1656
  48       -0.1418
  49       -0.1402
  50       -0.1390
  51       -0.1390
  52       -0.1379
  53       -0.1359
  54        0.0026
  55        0.0044
  56        0.0063
  57        0.0328
  58        0.0331
  59        0.0336
  60        0.1784
  61        0.2094
  62        0.2116
  63        0.2139
  64        0.3259
  65        0.3264
  66        0.3282
  67        0.3284
  68        0.3299
  69        0.3305
  70        0.4892
  71        0.4894
  72        0.5662
  73        0.5663
  74        0.5917
  75        0.5933
  76        0.5951
  77        0.6523
  78        0.6535
  79        0.6546
  80        0.6767
  81        0.6768
  82        0.6783
  83        0.6788
  84        0.6788
  85        0.6800
  86        0.6801
  87        0.6827
  88        0.6830
  89        0.7013
  90        0.7027
  91        0.7045
  92        0.7282
  93        0.7291
  94        0.7301
  95        0.7453
  96        0.7480
  97        0.7509
  98        0.8259
  99        0.8260
 100        0.8261
 101        0.9835
 102        0.9854
 103        0.9871
 104        1.1076
 105        1.2608
 106        1.2637
 107        1.2661
 108        1.2782
 109        1.2786
 110        1.2808
 111        1.2808
 112        1.2833
 113        1.2834
 114        1.4898
 115        1.4907
 116        1.4913
 117        1.5105
 118        1.5137
 119        1.5162
 120        1.5462
 121        1.5483
 122        1.5506
 123        1.6088
 124        1.6090
 125        1.6325
 126        1.6351
 127        1.6375
 128        1.6887
 129        1.6900
 130        1.6912
 131        1.6912
 132        1.6924
 133        1.6938
 134        1.9406
 135        1.9426
 136        1.9445
 137        1.9983
 138        1.9984
 139        1.9984
 140        2.1772
 141        2.1772
 142        2.3461
 143        2.3476
 144        2.3491
 145        2.5258
 146        2.5261
 147        2.5268
 148        2.5375
 149        2.5390
 150        2.5394
 151        2.5396
 152        2.5399
 153        2.5415
 154        2.6598
 155        2.6601
 156        2.6605
 157        2.6719
 158        2.6731
 159        2.6735
 160        2.6736
 161        2.6741
 162        2.6753
 163        2.7053
 164        2.7055
 165        2.7058
 166        2.7931
 167        2.7932
 168        2.7933
 169        3.6193
 170        3.6210
 171        3.6227
 172        4.6404
 173        4.6417
 174        4.6432
 175        4.6432
 176        4.6446
 177        4.6459
 178        5.2541
 179        5.2550
 180        5.2558
 181        5.6945
 182        5.6958
 183        5.6970
 184        6.8333
 185        6.8356
 186        6.8366
 187        6.8367
 188        6.8376
 189        6.8401
 190        7.3261
 191        7.3262
 192        7.3263
 193        7.9180
 194        7.9202
 195        7.9226
 196        8.4596
 197        8.4611
 198        8.4626
 199        9.4684
 200        9.4688
 201        9.4712
 202        9.4712
 203        9.4736
 204        9.4740
 205       10.6822
 206       10.6827
 207       10.6847
 208       10.6847
 209       10.6867
 210       10.6872
 211       10.8884
 212       10.8887
