   32   32  100    1
  0.1865664E+02  0.8420305E-09  0.8420305E-09  0.8420305E-09  0.5000000E-15
  1.000000000000000E-004
  CAR 
 No title                                
  352    4  212
 
  0.0000000E+00  0.0000000E+00  0.0000000E+00  0.3703704E-01
   1       -4.2953
   2       -2.0421
   3       -2.0421
   4       -2.0421
   5       -2.0421
   6       -2.0421
   7       -2.0421
   8       -1.9254
   9       -1.9254
  10       -1.9254
  11       -1.9254
  12       -1.6765
  13       -1.6765
  14       -1.6765
  15       -1.4158
  16       -1.4158
  17       -1.4158
  18       -0.8308
  19       -0.8308
  20       -0.8308
  21       -0.8308
  22       -0.8308
  23       -0.8308
  24       -0.8308
  25       -0.8308
  26       -0.8308
  27       -0.8308
  28       -0.8308
  29       -0.8308
  30       -0.7034
  31       -0.7034
  32       -0.7034
  33       -0.7034
  34       -0.7034
  35       -0.7034
  36       -0.6006
  37       -0.6006
  38       -0.6006
  39       -0.6006
  40       -0.6006
  41       -0.6006
  42       -0.0809
  43       -0.0809
  44       -0.0809
  45       -0.0809
  46       -0.0809
  47       -0.0809
  48       -0.0809
  49       -0.0809
  50       -0.0809
  51       -0.0809
  52       -0.0809
  53       -0.0809
  54       -0.0186
  55       -0.0186
  56       -0.0186
  57       -0.0186
  58       -0.0186
  59       -0.0186
  60       -0.0186
  61       -0.0186
  62       -0.0186
  63       -0.0186
  64       -0.0186
  65       -0.0186
  66        0.2355
  67        0.2355
  68        0.2355
  69        0.2355
  70        0.2355
  71        0.2355
  72        0.2355
  73        0.2355
  74        0.2355
  75        0.2355
  76        0.2355
  77        0.2355
  78        0.3273
  79        0.3273
  80        0.3273
  81        0.3273
  82        0.3273
  83        0.3273
  84        0.3273
  85        0.3273
  86        0.3529
  87        0.3529
  88        0.3529
  89        0.9905
  90        0.9905
  91        0.9905
  92        0.9905
  93        0.9905
  94        0.9905
  95        1.1549
  96        1.1549
  97        1.1549
  98        1.1549
  99        1.1549
 100        1.1549
 101        1.1549
 102        1.1549
 103        1.1549
 104        1.1549
 105        1.1549
 106        1.1549
 107        1.4194
 108        1.4194
 109        1.4194
 110        1.4194
 111        1.4194
 112        1.4194
 113        1.4194
 114        1.4194
 115        1.4194
 116        1.4194
 117        1.4194
 118        1.4194
 119        1.5508
 120        1.5508
 121        1.5508
 122        1.5508
 123        1.5508
 124        1.5508
 125        1.6465
 126        1.6465
 127        1.6507
 128        1.6507
 129        1.6507
 130        1.6507
 131        1.6507
 132        1.6507
 133        1.6507
 134        1.6507
 135        1.6507
 136        1.6507
 137        1.6507
 138        1.6507
 139        2.1199
 140        2.1199
 141        2.1199
 142        2.1199
 143        2.1199
 144        2.1199
 145        2.6302
 146        2.6302
 147        2.6302
 148        2.6695
 149        2.6695
 150        2.6695
 151        2.6695
 152        2.6696
 153        2.6696
 154        2.6696
 155        2.6696
 156        2.9417
 157        2.9417
 158        2.9417
 159        2.9417
 160        2.9417
 161        2.9417
 162        2.9432
 163        2.9432
 164        2.9432
 165        2.9432
 166        2.9432
 167        2.9432
 168        4.0782
 169        4.0782
 170        4.0782
 171        4.0782
 172        4.2485
 173        4.2485
 174        4.2485
 175        4.2485
 176        4.2485
 177        4.2485
 178        4.2485
 179        4.2485
 180        4.2485
 181        4.2485
 182        4.2485
 183        4.2485
 184        5.9126
 185        5.9126
 186        5.9126
 187        7.2663
 188        7.2663
 189        7.2663
 190        7.2663
 191        8.9738
 192        8.9738
 193        8.9738
 194        8.9738
 195        8.9738
 196        8.9738
 197        9.7583
 198        9.7583
 199        9.7583
 200       10.6684
 201       10.6684
 202       10.6684
 203       10.6684
 204       10.6684
 205       10.6684
 206       10.6684
 207       10.6684
 208       10.6684
 209       10.6684
 210       10.6684
 211       10.6684
 212       12.7516
 
  0.3333333E+00 -0.8271806E-24  0.8271806E-24  0.2222222E+00
   1       -3.9980
   2       -3.1559
   3       -1.8326
   4       -1.8326
   5       -1.8326
   6       -1.8326
   7       -1.7631
   8       -1.7631
   9       -1.7631
  10       -1.7631
  11       -1.5880
  12       -1.4935
  13       -1.4886
  14       -1.4886
  15       -1.3130
  16       -1.3130
  17       -1.3130
  18       -1.3130
  19       -1.3129
  20       -1.3026
  21       -1.3026
  22       -1.3026
  23       -1.3026
  24       -1.2583
  25       -1.2583
  26       -1.0225
  27       -1.0224
  28       -1.0224
  29       -0.7887
  30       -0.7887
  31       -0.5776
  32       -0.5776
  33       -0.5776
  34       -0.5776
  35       -0.5442
  36       -0.5442
  37       -0.5442
  38       -0.5442
  39       -0.5144
  40       -0.5144
  41       -0.5144
  42       -0.5144
  43       -0.2967
  44       -0.2967
  45       -0.2967
  46       -0.2967
  47       -0.1498
  48       -0.1498
  49       -0.1498
  50       -0.1498
  51       -0.1447
  52       -0.0934
  53       -0.0934
  54       -0.0934
  55       -0.0934
  56       -0.0052
  57       -0.0052
  58       -0.0052
  59       -0.0052
  60        0.0034
  61        0.0034
  62        0.0034
  63        0.0034
  64        0.1353
  65        0.1353
  66        0.1353
  67        0.1353
  68        0.2149
  69        0.2673
  70        0.2673
  71        0.2673
  72        0.2673
  73        0.2992
  74        0.2992
  75        0.2992
  76        0.2992
  77        0.4551
  78        0.4551
  79        0.4551
  80        0.4551
  81        0.4796
  82        0.4796
  83        0.5962
  84        0.5962
  85        0.5962
  86        0.5962
  87        0.8059
  88        0.8059
  89        0.8059
  90        0.8059
  91        0.8072
  92        0.8072
  93        0.8072
  94        0.8072
  95        0.8487
  96        0.8487
  97        1.0184
  98        1.0184
  99        1.1565
 100        1.3536
 101        1.3536
 102        1.3536
 103        1.3536
 104        1.4146
 105        1.4146
 106        1.4146
 107        1.4146
 108        1.4461
 109        1.4461
 110        1.4461
 111        1.4461
 112        1.4482
 113        1.4482
 114        1.4482
 115        1.4482
 116        1.5016
 117        1.5843
 118        1.5843
 119        1.5843
 120        1.5843
 121        1.6010
 122        1.6010
 123        1.6010
 124        1.6010
 125        1.7080
 126        1.8790
 127        1.9034
 128        1.9034
 129        1.9456
 130        1.9456
 131        1.9456
 132        1.9456
 133        1.9603
 134        2.0453
 135        2.0453
 136        2.0453
 137        2.0453
 138        2.0965
 139        2.0965
 140        2.1224
 141        2.1224
 142        2.1224
 143        2.1224
 144        2.2051
 145        2.2051
 146        2.3700
 147        2.4022
 148        2.4022
 149        2.4022
 150        2.4022
 151        2.4228
 152        2.4228
 153        2.4929
 154        2.4929
 155        2.4929
 156        2.4929
 157        2.5594
 158        2.6802
 159        2.6802
 160        2.6802
 161        2.6802
 162        2.6930
 163        2.6930
 164        2.9421
 165        2.9421
 166        2.9428
 167        2.9428
 168        3.2270
 169        3.2270
 170        3.2270
 171        3.2270
 172        4.1502
 173        4.1977
 174        4.1977
 175        4.1977
 176        4.1977
 177        4.2462
 178        4.2462
 179        4.2462
 180        4.2462
 181        5.6182
 182        5.6182
 183        5.6182
 184        5.6182
 185        6.8671
 186        6.8671
 187        7.5086
 188        7.5086
 189        7.5086
 190        7.5086
 191        8.2646
 192        8.2646
 193        8.2646
 194        8.2646
 195        8.6809
 196        8.6809
 197        9.1534
 198        9.1534
 199        9.5466
 200        9.5466
 201       10.5236
 202       10.5236
 203       10.5236
 204       10.5236
 205       11.0921
 206       11.0921
 207       11.0921
 208       11.0921
 209       11.1898
 210       11.1898
 211       11.1898
 212       11.1899
 
  0.3333333E+00  0.3333333E+00  0.0000000E+00  0.4444444E+00
   1       -3.7132
   2       -2.9083
   3       -2.9083
   4       -2.2234
   5       -1.7871
   6       -1.7871
   7       -1.7538
   8       -1.7538
   9       -1.5610
  10       -1.5610
  11       -1.5610
  12       -1.5610
  13       -1.4749
  14       -1.4749
  15       -1.3921
  16       -1.3921
  17       -1.3871
  18       -1.2786
  19       -1.2786
  20       -1.1636
  21       -1.1636
  22       -1.0470
  23       -1.0341
  24       -1.0341
  25       -0.9672
  26       -0.9672
  27       -0.9672
  28       -0.9672
  29       -0.8973
  30       -0.8973
  31       -0.8973
  32       -0.8967
  33       -0.8967
  34       -0.7208
  35       -0.7208
  36       -0.7174
  37       -0.7174
  38       -0.5684
  39       -0.5684
  40       -0.5459
  41       -0.5459
  42       -0.5361
  43       -0.5361
  44       -0.4496
  45       -0.4496
  46       -0.3011
  47       -0.3011
  48       -0.1642
  49       -0.1443
  50       -0.1443
  51       -0.1443
  52       -0.1443
  53       -0.1198
  54       -0.1100
  55       -0.1100
  56        0.0646
  57        0.0646
  58        0.1171
  59        0.1171
  60        0.1725
  61        0.2351
  62        0.2351
  63        0.2351
  64        0.2351
  65        0.3123
  66        0.3123
  67        0.3287
  68        0.3287
  69        0.3287
  70        0.3287
  71        0.3368
  72        0.3368
  73        0.4823
  74        0.4823
  75        0.5253
  76        0.5420
  77        0.5420
  78        0.5580
  79        0.5673
  80        0.6013
  81        0.6503
  82        0.6503
  83        0.6503
  84        0.6503
  85        0.6588
  86        0.6588
  87        0.6820
  88        0.6820
  89        0.7047
  90        0.7047
  91        0.8529
  92        0.8529
  93        0.8703
  94        0.8703
  95        0.8703
  96        0.8703
  97        0.9205
  98        0.9205
  99        0.9752
 100        0.9752
 101        0.9991
 102        1.0537
 103        1.0537
 104        1.1193
 105        1.1193
 106        1.1193
 107        1.1193
 108        1.1818
 109        1.2928
 110        1.2928
 111        1.3198
 112        1.3198
 113        1.4123
 114        1.4123
 115        1.4556
 116        1.4556
 117        1.4743
 118        1.5727
 119        1.7105
 120        1.7767
 121        1.7767
 122        1.8136
 123        1.8136
 124        1.8276
 125        1.8276
 126        1.8402
 127        1.9624
 128        1.9624
 129        1.9827
 130        1.9827
 131        2.0641
 132        2.0641
 133        2.0641
 134        2.0641
 135        2.0854
 136        2.0854
 137        2.0909
 138        2.0909
 139        2.1778
 140        2.1778
 141        2.2136
 142        2.2136
 143        2.2574
 144        2.3012
 145        2.3389
 146        2.3389
 147        2.3898
 148        2.3898
 149        2.3898
 150        2.3898
 151        2.4486
 152        2.4541
 153        2.4541
 154        2.5800
 155        2.5800
 156        2.6004
 157        2.6004
 158        2.6075
 159        2.6075
 160        2.6852
 161        2.6852
 162        2.6896
 163        2.6896
 164        2.6908
 165        2.6908
 166        2.7717
 167        3.1459
 168        3.1459
 169        3.1507
 170        3.1507
 171        3.1507
 172        3.1507
 173        3.2571
 174        3.2571
 175        4.4512
 176        4.4512
 177        5.0893
 178        5.0893
 179        5.8547
 180        5.8547
 181        5.8547
 182        5.8547
 183        5.8929
 184        5.8929
 185        6.4214
 186        6.4214
 187        6.9139
 188        7.2671
 189        7.2671
 190        7.6263
 191        7.6536
 192        7.6536
 193        8.3921
 194        8.3921
 195        8.5931
 196        8.5931
 197        9.0998
 198        9.0998
 199        9.0998
 200        9.0998
 201        9.1940
 202        9.2731
 203        9.2731
 204       10.0611
 205       10.0611
 206       10.7098
 207       11.1748
 208       11.1748
 209       11.3092
 210       11.5697
 211       11.5789
 212       11.7279
 
  0.3333333E+00  0.3333333E+00  0.3333333E+00  0.2962963E+00
   1       -3.4493
   2       -2.7130
   3       -2.7130
   4       -2.7130
   5       -2.1968
   6       -2.1968
   7       -2.1968
   8       -2.0687
   9       -1.3810
  10       -1.3810
  11       -1.3810
  12       -1.3129
  13       -1.3129
  14       -1.3129
  15       -1.2507
  16       -1.2507
  17       -1.2507
  18       -1.0986
  19       -1.0986
  20       -1.0986
  21       -1.0986
  22       -1.0986
  23       -1.0986
  24       -1.0112
  25       -1.0112
  26       -1.0112
  27       -0.9999
  28       -0.9999
  29       -0.9999
  30       -0.9999
  31       -0.9999
  32       -0.9999
  33       -0.9384
  34       -0.9384
  35       -0.9384
  36       -0.6399
  37       -0.6399
  38       -0.6399
  39       -0.4708
  40       -0.4708
  41       -0.4708
  42       -0.4708
  43       -0.4708
  44       -0.4708
  45       -0.1671
  46       -0.1671
  47       -0.1671
  48       -0.1390
  49       -0.1390
  50       -0.1390
  51       -0.1390
  52       -0.1390
  53       -0.1390
  54        0.0045
  55        0.0045
  56        0.0045
  57        0.0331
  58        0.0331
  59        0.0331
  60        0.1785
  61        0.2117
  62        0.2117
  63        0.2117
  64        0.3282
  65        0.3282
  66        0.3282
  67        0.3282
  68        0.3282
  69        0.3282
  70        0.4893
  71        0.4893
  72        0.5663
  73        0.5663
  74        0.5934
  75        0.5934
  76        0.5934
  77        0.6536
  78        0.6536
  79        0.6536
  80        0.6783
  81        0.6783
  82        0.6783
  83        0.6801
  84        0.6801
  85        0.6801
  86        0.6801
  87        0.6801
  88        0.6801
  89        0.7026
  90        0.7026
  91        0.7026
  92        0.7291
  93        0.7291
  94        0.7291
  95        0.7479
  96        0.7479
  97        0.7479
  98        0.8259
  99        0.8259
 100        0.8259
 101        0.9853
 102        0.9853
 103        0.9853
 104        1.1076
 105        1.2636
 106        1.2636
 107        1.2636
 108        1.2808
 109        1.2808
 110        1.2808
 111        1.2808
 112        1.2808
 113        1.2808
 114        1.4907
 115        1.4907
 116        1.4907
 117        1.5134
 118        1.5134
 119        1.5134
 120        1.5483
 121        1.5483
 122        1.5483
 123        1.6090
 124        1.6090
 125        1.6349
 126        1.6349
 127        1.6349
 128        1.6911
 129        1.6911
 130        1.6911
 131        1.6911
 132        1.6911
 133        1.6911
 134        1.9425
 135        1.9425
 136        1.9425
 137        1.9983
 138        1.9983
 139        1.9983
 140        2.1771
 141        2.1771
 142        2.3476
 143        2.3476
 144        2.3476
 145        2.5263
 146        2.5263
 147        2.5263
 148        2.5394
 149        2.5394
 150        2.5394
 151        2.5394
 152        2.5394
 153        2.5394
 154        2.6602
 155        2.6602
 156        2.6602
 157        2.6735
 158        2.6735
 159        2.6735
 160        2.6735
 161        2.6735
 162        2.6735
 163        2.7055
 164        2.7055
 165        2.7055
 166        2.7931
 167        2.7931
 168        2.7931
 169        3.6210
 170        3.6210
 171        3.6210
 172        4.6431
 173        4.6431
 174        4.6431
 175        4.6431
 176        4.6431
 177        4.6431
 178        5.2550
 179        5.2550
 180        5.2550
 181        5.6957
 182        5.6957
 183        5.6957
 184        6.8366
 185        6.8366
 186        6.8366
 187        6.8366
 188        6.8366
 189        6.8366
 190        7.3262
 191        7.3262
 192        7.3262
 193        7.9203
 194        7.9203
 195        7.9203
 196        8.4611
 197        8.4611
 198        8.4611
 199        9.4712
 200        9.4712
 201        9.4712
 202        9.4712
 203        9.4712
 204        9.4712
 205       10.6847
 206       10.6847
 207       10.6847
 208       10.6847
 209       10.6847
 210       10.6853
 211       10.8885
 212       10.8885
