  108  108    1    1
  0.1314678E+02  0.1123952E-08  0.1123952E-08  0.1123952E-08  0.5000000E-15
  1.000000000000000E-004
  CAR 
 No title                                
 1188    1  712
 
  0.2500000E+00  0.2500000E+00  0.2500000E+00  0.1000000E+01
   1       -5.4065
   2       -4.7960
   3       -4.7951
   4       -4.7942
   5       -4.2087
   6       -4.2079
   7       -4.2070
   8       -3.6622
   9       -3.6418
  10       -3.6409
  11       -3.6401
  12       -3.1168
  13       -3.1154
  14       -3.1150
  15       -3.1150
  16       -3.1146
  17       -3.1133
  18       -2.6842
  19       -2.6835
  20       -2.6828
  21       -2.2307
  22       -2.2300
  23       -2.2294
  24       -2.1941
  25       -2.1933
  26       -2.1925
  27       -2.0078
  28       -2.0073
  29       -2.0068
  30       -1.8271
  31       -1.8260
  32       -1.8257
  33       -1.8257
  34       -1.8253
  35       -1.8243
  36       -1.7646
  37       -1.6211
  38       -1.6204
  39       -1.6196
  40       -1.4965
  41       -1.4965
  42       -1.4964
  43       -1.4248
  44       -1.4244
  45       -1.4240
  46       -1.3879
  47       -1.3879
  48       -1.3873
  49       -1.3873
  50       -1.3867
  51       -1.3867
  52       -1.3168
  53       -1.3167
  54       -1.3167
  55       -1.2426
  56       -1.2423
  57       -1.2418
  58       -1.2417
  59       -1.2412
  60       -1.2409
  61       -1.1729
  62       -1.1723
  63       -1.1717
  64       -1.1308
  65       -1.1303
  66       -1.1300
  67       -1.1300
  68       -1.1297
  69       -1.1293
  70       -1.0717
  71       -1.0711
  72       -1.0709
  73       -1.0709
  74       -1.0706
  75       -1.0701
  76       -1.0168
  77       -1.0168
  78       -1.0168
  79       -0.9395
  80       -0.9394
  81       -0.9394
  82       -0.9330
  83       -0.9329
  84       -0.9325
  85       -0.9325
  86       -0.9322
  87       -0.9320
  88       -0.8900
  89       -0.8896
  90       -0.8891
  91       -0.8389
  92       -0.8385
  93       -0.8383
  94       -0.7985
  95       -0.7982
  96       -0.7979
  97       -0.7842
  98       -0.7842
  99       -0.7838
 100       -0.7838
 101       -0.7835
 102       -0.7834
 103       -0.7499
 104       -0.7491
 105       -0.7490
 106       -0.7490
 107       -0.7489
 108       -0.7482
 109       -0.7335
 110       -0.7327
 111       -0.7325
 112       -0.7324
 113       -0.7322
 114       -0.7314
 115       -0.6698
 116       -0.6696
 117       -0.6694
 118       -0.6615
 119       -0.6613
 120       -0.6609
 121       -0.6609
 122       -0.6606
 123       -0.6604
 124       -0.6444
 125       -0.6441
 126       -0.6438
 127       -0.6438
 128       -0.6435
 129       -0.6432
 130       -0.5500
 131       -0.5496
 132       -0.5493
 133       -0.5168
 134       -0.5161
 135       -0.5160
 136       -0.5160
 137       -0.5159
 138       -0.5153
 139       -0.5081
 140       -0.5079
 141       -0.5078
 142       -0.4837
 143       -0.4837
 144       -0.4833
 145       -0.4833
 146       -0.4829
 147       -0.4829
 148       -0.4490
 149       -0.4484
 150       -0.4482
 151       -0.4481
 152       -0.4479
 153       -0.4474
 154       -0.4324
 155       -0.4319
 156       -0.4317
 157       -0.4317
 158       -0.4315
 159       -0.4310
 160       -0.3161
 161       -0.3154
 162       -0.3153
 163       -0.3153
 164       -0.3152
 165       -0.3145
 166       -0.2625
 167       -0.2621
 168       -0.2618
 169       -0.2585
 170       -0.2582
 171       -0.2579
 172       -0.2473
 173       -0.2468
 174       -0.2466
 175       -0.2465
 176       -0.2463
 177       -0.2459
 178       -0.2385
 179       -0.2382
 180       -0.2379
 181       -0.2209
 182       -0.2203
 183       -0.2201
 184       -0.2201
 185       -0.2199
 186       -0.2192
 187       -0.1947
 188       -0.1944
 189       -0.1941
 190       -0.1390
 191       -0.1384
 192       -0.1381
 193       -0.1381
 194       -0.1378
 195       -0.1372
 196       -0.1006
 197       -0.1003
 198       -0.1000
 199       -0.0800
 200       -0.0798
 201       -0.0794
 202       -0.0794
 203       -0.0791
 204       -0.0789
 205       -0.0593
 206       -0.0589
 207       -0.0584
 208       -0.0538
 209       -0.0535
 210       -0.0532
 211       -0.0477
 212       -0.0475
 213       -0.0472
 214       -0.0232
 215       -0.0177
 216       -0.0173
 217       -0.0171
 218       -0.0171
 219       -0.0169
 220       -0.0165
 221       -0.0031
 222       -0.0029
 223       -0.0026
 224        0.0106
 225        0.0107
 226        0.0109
 227        0.0110
 228        0.0112
 229        0.0113
 230        0.0159
 231        0.0160
 232        0.0162
 233        0.0163
 234        0.0165
 235        0.0166
 236        0.0867
 237        0.0868
 238        0.0869
 239        0.1180
 240        0.1183
 241        0.1186
 242        0.1246
 243        0.1251
 244        0.1254
 245        0.1254
 246        0.1256
 247        0.1261
 248        0.1355
 249        0.1360
 250        0.1360
 251        0.1363
 252        0.1363
 253        0.1367
 254        0.1367
 255        0.1489
 256        0.1492
 257        0.1494
 258        0.1790
 259        0.1793
 260        0.1795
 261        0.1816
 262        0.1816
 263        0.2138
 264        0.2139
 265        0.2141
 266        0.2174
 267        0.2174
 268        0.2276
 269        0.2276
 270        0.2276
 271        0.2373
 272        0.2375
 273        0.2376
 274        0.2387
 275        0.2392
 276        0.2396
 277        0.2499
 278        0.2503
 279        0.2505
 280        0.2505
 281        0.2508
 282        0.2512
 283        0.2618
 284        0.2619
 285        0.2620
 286        0.2621
 287        0.2622
 288        0.2624
 289        0.2809
 290        0.2809
 291        0.2810
 292        0.3141
 293        0.3141
 294        0.3175
 295        0.3175
 296        0.3179
 297        0.3179
 298        0.3182
 299        0.3183
 300        0.3252
 301        0.3256
 302        0.3257
 303        0.3258
 304        0.3260
 305        0.3264
 306        0.3311
 307        0.3314
 308        0.3317
 309        0.3453
 310        0.3454
 311        0.3455
 312        0.3600
 313        0.3602
 314        0.3605
 315        0.3707
 316        0.3709
 317        0.3711
 318        0.3918
 319        0.3919
 320        0.3922
 321        0.3923
 322        0.3927
 323        0.3927
 324        0.3940
 325        0.3942
 326        0.3946
 327        0.4012
 328        0.4014
 329        0.4018
 330        0.4019
 331        0.4022
 332        0.4025
 333        0.4177
 334        0.4179
 335        0.4181
 336        0.4946
 337        0.4952
 338        0.4956
 339        0.4967
 340        0.4970
 341        0.4975
 342        0.5112
 343        0.5116
 344        0.5120
 345        0.5120
 346        0.5123
 347        0.5127
 348        0.5458
 349        0.5463
 350        0.5467
 351        0.5888
 352        0.5889
 353        0.5892
 354        0.5892
 355        0.5894
 356        0.5894
 357        0.6318
 358        0.6318
 359        0.6320
 360        0.6347
 361        0.6350
 362        0.6351
 363        0.6351
 364        0.6353
 365        0.6355
 366        0.6369
 367        0.6370
 368        0.6372
 369        0.6373
 370        0.6376
 371        0.6376
 372        0.7255
 373        0.7256
 374        0.7256
 375        0.7406
 376        0.7408
 377        0.7411
 378        0.7411
 379        0.7412
 380        0.7414
 381        0.7422
 382        0.7425
 383        0.7427
 384        0.7432
 385        0.7436
 386        0.7438
 387        0.7444
 388        0.7446
 389        0.7447
 390        0.7877
 391        0.7879
 392        0.7881
 393        0.7881
 394        0.7883
 395        0.7885
 396        0.8035
 397        0.8037
 398        0.8039
 399        0.8039
 400        0.8041
 401        0.8043
 402        0.8071
 403        0.8073
 404        0.8074
 405        0.8275
 406        0.8280
 407        0.8281
 408        0.8282
 409        0.8283
 410        0.8286
 411        0.8291
 412        0.8292
 413        0.8295
 414        0.8428
 415        0.8431
 416        0.8434
 417        0.8667
 418        0.8667
 419        0.8903
 420        0.8905
 421        0.8907
 422        0.8907
 423        0.8908
 424        0.8912
 425        0.8969
 426        0.8973
 427        0.8978
 428        0.9419
 429        0.9422
 430        0.9424
 431        0.9492
 432        0.9492
 433        0.9508
 434        0.9511
 435        0.9515
 436        0.9996
 437        0.9996
 438        0.9999
 439        0.9999
 440        1.0002
 441        1.0002
 442        1.0102
 443        1.0103
 444        1.0105
 445        1.0220
 446        1.0221
 447        1.0225
 448        1.0225
 449        1.0228
 450        1.0229
 451        1.0698
 452        1.0699
 453        1.0701
 454        1.0873
 455        1.0877
 456        1.0881
 457        1.0904
 458        1.0908
 459        1.0911
 460        1.1022
 461        1.1028
 462        1.1028
 463        1.1029
 464        1.1030
 465        1.1034
 466        1.1065
 467        1.1068
 468        1.1073
 469        1.1127
 470        1.1131
 471        1.1135
 472        1.1171
 473        1.1173
 474        1.1175
 475        1.1175
 476        1.1176
 477        1.1178
 478        1.1618
 479        1.1622
 480        1.1627
 481        1.1744
 482        1.1747
 483        1.1750
 484        1.2190
 485        1.2192
 486        1.2194
 487        1.2313
 488        1.2315
 489        1.2315
 490        1.2329
 491        1.2601
 492        1.2604
 493        1.2605
 494        1.2606
 495        1.2607
 496        1.2609
 497        1.2610
 498        1.2610
 499        1.2611
 500        1.2612
 501        1.2614
 502        1.2615
 503        1.2663
 504        1.2664
 505        1.2666
 506        1.2666
 507        1.2668
 508        1.2669
 509        1.2682
 510        1.2684
 511        1.2685
 512        1.2685
 513        1.2687
 514        1.2689
 515        1.2750
 516        1.2751
 517        1.2751
 518        1.2765
 519        1.2766
 520        1.2767
 521        1.2953
 522        1.2953
 523        1.3160
 524        1.3162
 525        1.3163
 526        1.3163
 527        1.3164
 528        1.3166
 529        1.3271
 530        1.3272
 531        1.3273
 532        1.3273
 533        1.3274
 534        1.3275
 535        1.3345
 536        1.3346
 537        1.3347
 538        1.3395
 539        1.3396
 540        1.3397
 541        1.3529
 542        1.3529
 543        1.3529
 544        1.3610
 545        1.3610
 546        1.3610
 547        1.3914
 548        1.3914
 549        1.3915
 550        1.4219
 551        1.4220
 552        1.4221
 553        1.4221
 554        1.4222
 555        1.4222
 556        1.4265
 557        1.4266
 558        1.4266
 559        1.4266
 560        1.4267
 561        1.4268
 562        1.4445
 563        1.4445
 564        1.4445
 565        1.5780
 566        1.5784
 567        1.5787
 568        1.7210
 569        1.7212
 570        1.7213
 571        1.7757
 572        1.7761
 573        1.7763
 574        1.7763
 575        1.7764
 576        1.7769
 577        1.9656
 578        1.9659
 579        1.9662
 580        2.2720
 581        2.2725
 582        2.2730
 583        2.6160
 584        2.6160
 585        2.6165
 586        2.6165
 587        2.6169
 588        2.6170
 589        2.6632
 590        2.6633
 591        2.6638
 592        2.6638
 593        2.6644
 594        2.6645
 595        2.7604
 596        2.7605
 597        2.7605
 598        3.1790
 599        3.1793
 600        3.1797
 601        3.1797
 602        3.1802
 603        3.1805
 604        3.7713
 605        3.7715
 606        3.7716
 607        3.9014
 608        3.9020
 609        3.9026
 610        3.9690
 611        3.9695
 612        3.9700
 613        4.3419
 614        4.3421
 615        4.3423
 616        4.4282
 617        4.4292
 618        4.4293
 619        4.4293
 620        4.4295
 621        4.4305
 622        4.6904
 623        4.6910
 624        4.6915
 625        4.6915
 626        4.6921
 627        4.6927
 628        5.4160
 629        5.4163
 630        5.4169
 631        5.4169
 632        5.4175
 633        5.4179
 634        6.0573
 635        6.0575
 636        6.0585
 637        6.0585
 638        6.0595
 639        6.0597
 640        6.2612
 641        6.2618
 642        6.2625
 643        6.4763
 644        6.4765
 645        6.4767
 646        6.7633
 647        6.7636
 648        6.7638
 649        6.9860
 650        6.9860
 651        6.9868
 652        6.9868
 653        6.9875
 654        6.9875
 655        7.0943
 656        7.0944
 657        7.0950
 658        7.0950
 659        7.0956
 660        7.0956
 661        7.7857
 662        7.8186
 663        7.8191
 664        7.8196
 665        7.8197
 666        7.8202
 667        7.8206
 668        8.2087
 669        8.2088
 670        8.2093
 671        8.2093
 672        8.2097
 673        8.2099
 674        8.4075
 675        8.4078
 676        8.4082
 677        8.9206
 678        8.9211
 679        8.9215
 680        8.9215
 681        8.9220
 682        8.9225
 683        9.1162
 684        9.1166
 685        9.1170
 686        9.1190
 687        9.1193
 688        9.1196
 689        9.6248
 690        9.6255
 691        9.6258
 692        9.6258
 693        9.6261
 694        9.6267
 695        9.9324
 696        9.9327
 697        9.9330
 698       10.1000
 699       10.1002
 700       10.1004
 701       10.4050
 702       10.4054
 703       10.4058
 704       10.4702
 705       10.4706
 706       10.4708
 707       10.4709
 708       10.4711
 709       10.4714
 710       10.8964
 711       10.8972
 712       10.9039
