  108  108  100    1
  0.1314678E+02  0.1123952E-08  0.1123952E-08  0.1123952E-08  0.5000000E-15
  1.000000000000000E-004
  CAR 
 No title                                
 1188    1  712
 
  0.2500000E+00  0.2500000E+00  0.2500000E+00  0.1000000E+01
   1       -5.4065
   2       -4.7951
   3       -4.7951
   4       -4.7951
   5       -4.2079
   6       -4.2079
   7       -4.2079
   8       -3.6622
   9       -3.6409
  10       -3.6409
  11       -3.6409
  12       -3.1150
  13       -3.1150
  14       -3.1150
  15       -3.1150
  16       -3.1150
  17       -3.1150
  18       -2.6835
  19       -2.6835
  20       -2.6835
  21       -2.2300
  22       -2.2300
  23       -2.2300
  24       -2.1933
  25       -2.1933
  26       -2.1933
  27       -2.0073
  28       -2.0073
  29       -2.0073
  30       -1.8257
  31       -1.8257
  32       -1.8257
  33       -1.8257
  34       -1.8257
  35       -1.8257
  36       -1.7646
  37       -1.6204
  38       -1.6204
  39       -1.6204
  40       -1.4965
  41       -1.4965
  42       -1.4965
  43       -1.4244
  44       -1.4244
  45       -1.4244
  46       -1.3873
  47       -1.3873
  48       -1.3873
  49       -1.3873
  50       -1.3873
  51       -1.3873
  52       -1.3168
  53       -1.3168
  54       -1.3168
  55       -1.2418
  56       -1.2418
  57       -1.2418
  58       -1.2418
  59       -1.2418
  60       -1.2418
  61       -1.1723
  62       -1.1723
  63       -1.1723
  64       -1.1300
  65       -1.1300
  66       -1.1300
  67       -1.1300
  68       -1.1300
  69       -1.1300
  70       -1.0709
  71       -1.0709
  72       -1.0709
  73       -1.0709
  74       -1.0709
  75       -1.0709
  76       -1.0168
  77       -1.0168
  78       -1.0168
  79       -0.9394
  80       -0.9394
  81       -0.9394
  82       -0.9326
  83       -0.9326
  84       -0.9326
  85       -0.9326
  86       -0.9326
  87       -0.9326
  88       -0.8896
  89       -0.8896
  90       -0.8896
  91       -0.8386
  92       -0.8386
  93       -0.8386
  94       -0.7982
  95       -0.7982
  96       -0.7982
  97       -0.7838
  98       -0.7838
  99       -0.7838
 100       -0.7838
 101       -0.7838
 102       -0.7838
 103       -0.7490
 104       -0.7490
 105       -0.7490
 106       -0.7490
 107       -0.7490
 108       -0.7490
 109       -0.7325
 110       -0.7325
 111       -0.7325
 112       -0.7325
 113       -0.7325
 114       -0.7325
 115       -0.6696
 116       -0.6696
 117       -0.6696
 118       -0.6610
 119       -0.6610
 120       -0.6610
 121       -0.6610
 122       -0.6610
 123       -0.6610
 124       -0.6438
 125       -0.6438
 126       -0.6438
 127       -0.6438
 128       -0.6438
 129       -0.6438
 130       -0.5496
 131       -0.5496
 132       -0.5496
 133       -0.5160
 134       -0.5160
 135       -0.5160
 136       -0.5160
 137       -0.5160
 138       -0.5160
 139       -0.5080
 140       -0.5080
 141       -0.5080
 142       -0.4833
 143       -0.4833
 144       -0.4833
 145       -0.4833
 146       -0.4833
 147       -0.4833
 148       -0.4482
 149       -0.4482
 150       -0.4482
 151       -0.4482
 152       -0.4482
 153       -0.4482
 154       -0.4317
 155       -0.4317
 156       -0.4317
 157       -0.4317
 158       -0.4317
 159       -0.4317
 160       -0.3153
 161       -0.3153
 162       -0.3153
 163       -0.3153
 164       -0.3153
 165       -0.3153
 166       -0.2621
 167       -0.2621
 168       -0.2621
 169       -0.2582
 170       -0.2582
 171       -0.2582
 172       -0.2466
 173       -0.2466
 174       -0.2466
 175       -0.2466
 176       -0.2466
 177       -0.2466
 178       -0.2383
 179       -0.2383
 180       -0.2383
 181       -0.2201
 182       -0.2201
 183       -0.2201
 184       -0.2201
 185       -0.2201
 186       -0.2201
 187       -0.1944
 188       -0.1944
 189       -0.1944
 190       -0.1381
 191       -0.1381
 192       -0.1381
 193       -0.1381
 194       -0.1381
 195       -0.1381
 196       -0.1003
 197       -0.1003
 198       -0.1003
 199       -0.0795
 200       -0.0795
 201       -0.0795
 202       -0.0795
 203       -0.0795
 204       -0.0795
 205       -0.0589
 206       -0.0589
 207       -0.0589
 208       -0.0535
 209       -0.0535
 210       -0.0535
 211       -0.0475
 212       -0.0475
 213       -0.0475
 214       -0.0232
 215       -0.0171
 216       -0.0171
 217       -0.0171
 218       -0.0171
 219       -0.0171
 220       -0.0171
 221       -0.0028
 222       -0.0028
 223       -0.0028
 224        0.0109
 225        0.0109
 226        0.0109
 227        0.0109
 228        0.0109
 229        0.0109
 230        0.0162
 231        0.0162
 232        0.0162
 233        0.0162
 234        0.0162
 235        0.0162
 236        0.0868
 237        0.0868
 238        0.0868
 239        0.1183
 240        0.1183
 241        0.1183
 242        0.1254
 243        0.1254
 244        0.1254
 245        0.1254
 246        0.1254
 247        0.1254
 248        0.1356
 249        0.1363
 250        0.1363
 251        0.1363
 252        0.1363
 253        0.1363
 254        0.1363
 255        0.1491
 256        0.1491
 257        0.1491
 258        0.1793
 259        0.1793
 260        0.1793
 261        0.1816
 262        0.1816
 263        0.2139
 264        0.2139
 265        0.2139
 266        0.2174
 267        0.2174
 268        0.2276
 269        0.2276
 270        0.2276
 271        0.2375
 272        0.2375
 273        0.2375
 274        0.2391
 275        0.2391
 276        0.2391
 277        0.2505
 278        0.2505
 279        0.2505
 280        0.2505
 281        0.2505
 282        0.2505
 283        0.2620
 284        0.2620
 285        0.2620
 286        0.2620
 287        0.2620
 288        0.2620
 289        0.2809
 290        0.2809
 291        0.2809
 292        0.3142
 293        0.3142
 294        0.3179
 295        0.3179
 296        0.3179
 297        0.3179
 298        0.3179
 299        0.3179
 300        0.3256
 301        0.3256
 302        0.3256
 303        0.3259
 304        0.3259
 305        0.3259
 306        0.3313
 307        0.3313
 308        0.3313
 309        0.3454
 310        0.3454
 311        0.3454
 312        0.3602
 313        0.3602
 314        0.3602
 315        0.3709
 316        0.3709
 317        0.3709
 318        0.3923
 319        0.3923
 320        0.3923
 321        0.3923
 322        0.3923
 323        0.3923
 324        0.3942
 325        0.3942
 326        0.3942
 327        0.4017
 328        0.4017
 329        0.4017
 330        0.4019
 331        0.4019
 332        0.4019
 333        0.4179
 334        0.4179
 335        0.4179
 336        0.4952
 337        0.4952
 338        0.4952
 339        0.4970
 340        0.4970
 341        0.4970
 342        0.5119
 343        0.5119
 344        0.5119
 345        0.5119
 346        0.5119
 347        0.5119
 348        0.5462
 349        0.5462
 350        0.5462
 351        0.5891
 352        0.5891
 353        0.5891
 354        0.5891
 355        0.5891
 356        0.5891
 357        0.6319
 358        0.6319
 359        0.6319
 360        0.6351
 361        0.6351
 362        0.6351
 363        0.6351
 364        0.6351
 365        0.6351
 366        0.6372
 367        0.6372
 368        0.6372
 369        0.6372
 370        0.6372
 371        0.6372
 372        0.7256
 373        0.7256
 374        0.7256
 375        0.7411
 376        0.7411
 377        0.7411
 378        0.7411
 379        0.7411
 380        0.7411
 381        0.7424
 382        0.7424
 383        0.7424
 384        0.7435
 385        0.7435
 386        0.7435
 387        0.7445
 388        0.7445
 389        0.7445
 390        0.7881
 391        0.7881
 392        0.7881
 393        0.7881
 394        0.7881
 395        0.7881
 396        0.8039
 397        0.8039
 398        0.8039
 399        0.8039
 400        0.8039
 401        0.8039
 402        0.8072
 403        0.8072
 404        0.8072
 405        0.8281
 406        0.8281
 407        0.8281
 408        0.8281
 409        0.8281
 410        0.8281
 411        0.8292
 412        0.8292
 413        0.8292
 414        0.8431
 415        0.8431
 416        0.8431
 417        0.8666
 418        0.8666
 419        0.8907
 420        0.8907
 421        0.8907
 422        0.8907
 423        0.8907
 424        0.8907
 425        0.8973
 426        0.8973
 427        0.8973
 428        0.9422
 429        0.9422
 430        0.9422
 431        0.9492
 432        0.9492
 433        0.9511
 434        0.9511
 435        0.9511
 436        0.9999
 437        0.9999
 438        0.9999
 439        0.9999
 440        0.9999
 441        0.9999
 442        1.0103
 443        1.0103
 444        1.0103
 445        1.0224
 446        1.0224
 447        1.0224
 448        1.0224
 449        1.0224
 450        1.0224
 451        1.0699
 452        1.0699
 453        1.0699
 454        1.0877
 455        1.0877
 456        1.0877
 457        1.0907
 458        1.0907
 459        1.0907
 460        1.1028
 461        1.1028
 462        1.1028
 463        1.1028
 464        1.1028
 465        1.1028
 466        1.1068
 467        1.1068
 468        1.1068
 469        1.1131
 470        1.1131
 471        1.1131
 472        1.1174
 473        1.1174
 474        1.1174
 475        1.1174
 476        1.1174
 477        1.1174
 478        1.1622
 479        1.1622
 480        1.1622
 481        1.1747
 482        1.1747
 483        1.1747
 484        1.2192
 485        1.2192
 486        1.2192
 487        1.2314
 488        1.2314
 489        1.2314
 490        1.2328
 491        1.2606
 492        1.2606
 493        1.2606
 494        1.2606
 495        1.2606
 496        1.2606
 497        1.2611
 498        1.2611
 499        1.2611
 500        1.2611
 501        1.2611
 502        1.2611
 503        1.2666
 504        1.2666
 505        1.2666
 506        1.2666
 507        1.2666
 508        1.2666
 509        1.2685
 510        1.2685
 511        1.2685
 512        1.2685
 513        1.2685
 514        1.2685
 515        1.2750
 516        1.2750
 517        1.2750
 518        1.2766
 519        1.2766
 520        1.2766
 521        1.2953
 522        1.2953
 523        1.3163
 524        1.3163
 525        1.3163
 526        1.3163
 527        1.3163
 528        1.3163
 529        1.3273
 530        1.3273
 531        1.3273
 532        1.3273
 533        1.3273
 534        1.3273
 535        1.3346
 536        1.3346
 537        1.3346
 538        1.3396
 539        1.3396
 540        1.3396
 541        1.3529
 542        1.3529
 543        1.3529
 544        1.3610
 545        1.3610
 546        1.3610
 547        1.3914
 548        1.3914
 549        1.3914
 550        1.4221
 551        1.4221
 552        1.4221
 553        1.4221
 554        1.4221
 555        1.4221
 556        1.4266
 557        1.4266
 558        1.4266
 559        1.4266
 560        1.4266
 561        1.4266
 562        1.4445
 563        1.4445
 564        1.4445
 565        1.5784
 566        1.5784
 567        1.5784
 568        1.7212
 569        1.7212
 570        1.7212
 571        1.7762
 572        1.7762
 573        1.7762
 574        1.7762
 575        1.7762
 576        1.7762
 577        1.9659
 578        1.9659
 579        1.9659
 580        2.2725
 581        2.2725
 582        2.2725
 583        2.6165
 584        2.6165
 585        2.6165
 586        2.6165
 587        2.6165
 588        2.6165
 589        2.6638
 590        2.6638
 591        2.6638
 592        2.6638
 593        2.6638
 594        2.6638
 595        2.7604
 596        2.7604
 597        2.7604
 598        3.1797
 599        3.1797
 600        3.1797
 601        3.1797
 602        3.1797
 603        3.1797
 604        3.7714
 605        3.7714
 606        3.7714
 607        3.9020
 608        3.9020
 609        3.9020
 610        3.9695
 611        3.9695
 612        3.9695
 613        4.3421
 614        4.3421
 615        4.3421
 616        4.4293
 617        4.4293
 618        4.4293
 619        4.4293
 620        4.4293
 621        4.4293
 622        4.6915
 623        4.6915
 624        4.6915
 625        4.6915
 626        4.6915
 627        4.6915
 628        5.4169
 629        5.4169
 630        5.4169
 631        5.4169
 632        5.4169
 633        5.4169
 634        6.0585
 635        6.0585
 636        6.0585
 637        6.0585
 638        6.0585
 639        6.0585
 640        6.2618
 641        6.2618
 642        6.2618
 643        6.4765
 644        6.4765
 645        6.4765
 646        6.7636
 647        6.7636
 648        6.7636
 649        6.9867
 650        6.9867
 651        6.9867
 652        6.9867
 653        6.9867
 654        6.9867
 655        7.0950
 656        7.0950
 657        7.0950
 658        7.0950
 659        7.0950
 660        7.0950
 661        7.7857
 662        7.8196
 663        7.8196
 664        7.8196
 665        7.8196
 666        7.8196
 667        7.8196
 668        8.2093
 669        8.2093
 670        8.2093
 671        8.2093
 672        8.2093
 673        8.2093
 674        8.4078
 675        8.4078
 676        8.4078
 677        8.9215
 678        8.9215
 679        8.9215
 680        8.9215
 681        8.9215
 682        8.9215
 683        9.1166
 684        9.1166
 685        9.1166
 686        9.1193
 687        9.1193
 688        9.1193
 689        9.6258
 690        9.6258
 691        9.6258
 692        9.6258
 693        9.6258
 694        9.6258
 695        9.9327
 696        9.9327
 697        9.9327
 698       10.1002
 699       10.1002
 700       10.1002
 701       10.4054
 702       10.4054
 703       10.4054
 704       10.4708
 705       10.4708
 706       10.4708
 707       10.4708
 708       10.4708
 709       10.4708
 710       10.8988
 711       10.9003
 712       10.9113
