 Fermi:  0.0
 DOS:Total
0.0858	0.0000
0.1103	0.0113
0.1348	0.0169
0.1593	0.0056
0.1838	0.0113
0.2083	0.0281
0.2328	0.0113
0.2573	0.0281
0.2818	0.0113
0.3063	0.0225
0.3309	0.0506
0.3554	0.0225
0.3799	0.0394
0.4044	0.0394
0.4289	0.0338
0.4534	0.0225
0.4779	0.0563
0.5024	0.0338
0.5269	0.0957
0.5514	0.1125
0.5759	0.0788
0.6004	0.1294
0.6249	0.1351
0.6495	0.1013
0.6740	0.1519
0.6985	0.1857
0.7230	0.2532
0.7475	0.2251
0.7720	0.2363
0.7965	0.1744
0.8210	0.3601
0.8455	0.3433
0.8700	0.3658
0.8945	0.3658
0.9190	0.3827
0.9435	0.4389
0.9681	0.4389
0.9926	0.4502
1.0171	0.5740
1.0416	0.7878
1.0661	1.1142
1.0906	2.2791
1.1151	1.8120
1.1396	1.3337
1.1641	1.0242
1.1886	0.8666
1.2131	0.7653
1.2376	0.6246
1.2621	0.7259
1.2867	0.5965
1.3112	0.4614
1.3357	0.4896
1.3602	0.4052
1.3847	0.4839
1.4092	0.5402
1.4337	0.5065
1.4582	0.4896
1.4827	0.5121
1.5072	0.4896
1.5317	0.4108
1.5562	0.5008
1.5807	0.4446
1.6053	0.4896
1.6298	0.4389
1.6543	0.3376
1.6788	0.3376
1.7033	0.3320
1.7278	0.4220
1.7523	0.2363
1.7768	0.3151
1.8013	0.2814
1.8258	0.2645
1.8503	0.2251
1.8748	0.1913
1.8993	0.2363
1.9238	0.2363
1.9484	0.1576
1.9729	0.1688
1.9974	0.1125
2.0219	0.0788
2.0464	0.1013
2.0709	0.1519
2.0954	0.2082
2.1199	0.2307
2.1444	0.2532
2.1689	0.2701
2.1934	0.3489
2.2179	0.4389
2.2424	0.4108
2.2670	0.4389
2.2915	0.4333
2.3160	0.4333
2.3405	0.5008
2.3650	0.4389
2.3895	0.5458
2.4140	0.5233
2.4385	0.4952
2.4630	0.5909
2.4875	0.5233
2.5120	0.5852
2.5365	0.5233
2.5610	0.4558
2.5856	0.3376
2.6101	0.3658
2.6346	0.3151
2.6591	0.2926
2.6836	0.2476
2.7081	0.2645
2.7326	0.1801
2.7571	0.1857
2.7816	0.1688
2.8061	0.1913
2.8306	0.1576
2.8551	0.1294
2.8796	0.0844
2.9042	0.1013
2.9287	0.0675
2.9532	0.0394
2.9777	0.0506
3.0022	0.0169
3.0267	0.0394
3.0512	0.0394
3.0757	0.0281
3.1002	0.0281
3.1247	0.0000
 DOS:Au	2
0.0858	0.0000	0.0000	0.0000
0.1103	0.0015	0.0052	0.0045
0.1348	0.0057	0.0003	0.0109
0.1593	0.0037	0.0019	0.0000
0.1838	0.0054	0.0009	0.0049
0.2083	0.0079	0.0143	0.0060
0.2328	0.0002	0.0068	0.0042
0.2573	0.0093	0.0052	0.0137
0.2818	0.0043	0.0020	0.0050
0.3063	0.0112	0.0014	0.0098
0.3309	0.0201	0.0230	0.0076
0.3554	0.0060	0.0119	0.0046
0.3799	0.0117	0.0186	0.0091
0.4044	0.0125	0.0175	0.0093
0.4289	0.0160	0.0085	0.0092
0.4534	0.0102	0.0066	0.0057
0.4779	0.0180	0.0147	0.0236
0.5024	0.0059	0.0102	0.0177
0.5269	0.0390	0.0260	0.0306
0.5514	0.0428	0.0351	0.0346
0.5759	0.0251	0.0233	0.0303
0.6004	0.0296	0.0548	0.0450
0.6249	0.0498	0.0450	0.0403
0.6495	0.0337	0.0297	0.0379
0.6740	0.0681	0.0421	0.0417
0.6985	0.0709	0.0549	0.0599
0.7230	0.0799	0.0930	0.0803
0.7475	0.0670	0.0654	0.0927
0.7720	0.0802	0.0683	0.0879
0.7965	0.0516	0.0495	0.0734
0.8210	0.1271	0.1013	0.1318
0.8455	0.1043	0.1256	0.1134
0.8700	0.1062	0.1350	0.1246
0.8945	0.1222	0.1256	0.1180
0.9190	0.1242	0.1504	0.1080
0.9435	0.1589	0.1372	0.1429
0.9681	0.1219	0.1530	0.1641
0.9926	0.1655	0.1427	0.1420
1.0171	0.1808	0.2068	0.1864
1.0416	0.2637	0.2812	0.2430
1.0661	0.3898	0.3512	0.3732
1.0906	0.7496	0.7808	0.7487
1.1151	0.5591	0.6567	0.5962
1.1396	0.4828	0.4118	0.4390
1.1641	0.3388	0.3308	0.3546
1.1886	0.2860	0.2903	0.2903
1.2131	0.2690	0.2433	0.2530
1.2376	0.2262	0.1993	0.1992
1.2621	0.2426	0.2377	0.2456
1.2867	0.1824	0.1978	0.2163
1.3112	0.1454	0.1664	0.1497
1.3357	0.2102	0.1279	0.1515
1.3602	0.1147	0.1270	0.1635
1.3847	0.1629	0.1513	0.1698
1.4092	0.1851	0.1761	0.1791
1.4337	0.1883	0.1809	0.1372
1.4582	0.1549	0.1659	0.1688
1.4827	0.1674	0.1697	0.1750
1.5072	0.1750	0.1436	0.1710
1.5317	0.1496	0.1372	0.1240
1.5562	0.2002	0.1679	0.1327
1.5807	0.1712	0.1467	0.1267
1.6053	0.1768	0.1711	0.1417
1.6298	0.1487	0.1489	0.1414
1.6543	0.1222	0.0996	0.1159
1.6788	0.1244	0.1014	0.1119
1.7033	0.1004	0.1004	0.1312
1.7278	0.1629	0.1171	0.1421
1.7523	0.0792	0.0621	0.0951
1.7768	0.0926	0.1047	0.1178
1.8013	0.0722	0.1139	0.0953
1.8258	0.0729	0.0890	0.1026
1.8503	0.0705	0.0670	0.0876
1.8748	0.0684	0.0657	0.0573
1.8993	0.0600	0.0754	0.1009
1.9238	0.0707	0.0870	0.0786
1.9484	0.0451	0.0687	0.0438
1.9729	0.0584	0.0678	0.0426
1.9974	0.0293	0.0396	0.0436
2.0219	0.0442	0.0205	0.0141
2.0464	0.0395	0.0445	0.0173
2.0709	0.0574	0.0416	0.0529
2.0954	0.0512	0.0792	0.0778
2.1199	0.0617	0.0747	0.0943
2.1444	0.0937	0.0922	0.0674
2.1689	0.0758	0.0933	0.1010
2.1934	0.1102	0.1267	0.1120
2.2179	0.1357	0.1455	0.1578
2.2424	0.1383	0.1409	0.1315
2.2670	0.1459	0.1284	0.1646
2.2915	0.1297	0.1585	0.1451
2.3160	0.1704	0.1276	0.1354
2.3405	0.1440	0.1813	0.1756
2.3650	0.1358	0.1577	0.1455
2.3895	0.1814	0.1925	0.1720
2.4140	0.1522	0.2040	0.1671
2.4385	0.1864	0.1323	0.1765
2.4630	0.1979	0.2044	0.1886
2.4875	0.2001	0.1854	0.1378
2.5120	0.2059	0.1791	0.2002
2.5365	0.1618	0.1687	0.1929
2.5610	0.1361	0.1518	0.1680
2.5856	0.1103	0.1081	0.1192
2.6101	0.1155	0.1305	0.1198
2.6346	0.0895	0.1163	0.1094
2.6591	0.0945	0.0762	0.1219
2.6836	0.0963	0.0857	0.0656
2.7081	0.0736	0.0874	0.1035
2.7326	0.0667	0.0697	0.0436
2.7571	0.0550	0.0607	0.0700
2.7816	0.0467	0.0677	0.0544
2.8061	0.0647	0.0659	0.0607
2.8306	0.0489	0.0427	0.0660
2.8551	0.0456	0.0542	0.0296
2.8796	0.0301	0.0354	0.0189
2.9042	0.0376	0.0323	0.0314
2.9287	0.0223	0.0226	0.0226
2.9532	0.0135	0.0133	0.0127
2.9777	0.0167	0.0166	0.0173
3.0022	0.0056	0.0056	0.0056
3.0267	0.0129	0.0134	0.0131
3.0512	0.0131	0.0132	0.0131
3.0757	0.0094	0.0093	0.0094
3.1002	0.0094	0.0093	0.0094
3.1247	0.0000	0.0000	0.0000
