   32   32  100    1
  0.1811328E+02  0.8337753E-09  0.8337753E-09  0.8337753E-09  0.5000000E-15
  1.000000000000000E-004
  CAR 
 No title                                
  352   20  212
 
  0.6250000E-01  0.6250000E-01  0.6250000E-01  0.1562500E-01
   1       -4.2027
   2       -2.1155
   3       -2.1155
   4       -2.1155
   5       -1.8190
   6       -1.7955
   7       -1.7955
   8       -1.7955
   9       -1.7352
  10       -1.7352
  11       -1.7352
  12       -1.5553
  13       -1.5553
  14       -1.5553
  15       -1.2815
  16       -1.2815
  17       -1.2815
  18       -0.8841
  19       -0.8841
  20       -0.8841
  21       -0.6943
  22       -0.6943
  23       -0.6943
  24       -0.6943
  25       -0.6943
  26       -0.6943
  27       -0.6069
  28       -0.6069
  29       -0.6069
  30       -0.5646
  31       -0.5646
  32       -0.5646
  33       -0.5646
  34       -0.5646
  35       -0.5646
  36       -0.5245
  37       -0.5245
  38       -0.5245
  39       -0.3453
  40       -0.3453
  41       -0.3453
  42       -0.0126
  43       -0.0126
  44       -0.0126
  45       -0.0126
  46       -0.0126
  47       -0.0126
  48        0.0814
  49        0.0814
  50        0.0814
  51        0.1070
  52        0.1070
  53        0.1070
  54        0.1070
  55        0.1070
  56        0.1070
  57        0.1767
  58        0.1767
  59        0.1767
  60        0.3400
  61        0.3400
  62        0.3400
  63        0.3400
  64        0.3400
  65        0.3400
  66        0.4002
  67        0.4002
  68        0.4002
  69        0.4002
  70        0.4002
  71        0.4002
  72        0.4006
  73        0.4006
  74        0.4006
  75        0.5054
  76        0.5054
  77        0.5054
  78        0.5199
  79        0.5199
  80        0.5199
  81        0.5414
  82        0.5414
  83        0.5535
  84        0.5536
  85        0.5536
  86        0.5536
  87        0.5746
  88        0.5746
  89        1.1502
  90        1.1502
  91        1.1502
  92        1.2232
  93        1.2232
  94        1.2232
  95        1.3459
  96        1.3459
  97        1.3459
  98        1.4222
  99        1.4222
 100        1.4222
 101        1.4222
 102        1.4222
 103        1.4222
 104        1.4284
 105        1.4284
 106        1.4284
 107        1.5424
 108        1.5424
 109        1.5424
 110        1.6228
 111        1.6228
 112        1.6228
 113        1.7902
 114        1.7902
 115        1.7902
 116        1.8244
 117        1.8244
 118        1.8244
 119        1.8394
 120        1.8394
 121        1.8394
 122        1.8394
 123        1.8394
 124        1.8394
 125        1.8852
 126        1.8852
 127        1.8852
 128        1.9222
 129        1.9222
 130        1.9773
 131        1.9773
 132        1.9773
 133        1.9773
 134        1.9773
 135        1.9773
 136        2.0855
 137        2.0855
 138        2.0855
 139        2.3856
 140        2.3856
 141        2.3856
 142        2.4923
 143        2.4923
 144        2.4923
 145        2.8492
 146        2.8492
 147        2.8492
 148        2.9454
 149        2.9454
 150        2.9454
 151        2.9837
 152        2.9837
 153        3.0070
 154        3.0070
 155        3.0070
 156        3.2148
 157        3.2148
 158        3.2148
 159        3.2736
 160        3.2736
 161        3.2736
 162        3.2736
 163        3.2736
 164        3.2736
 165        3.2778
 166        3.2778
 167        3.2778
 168        4.0391
 169        4.2032
 170        4.2032
 171        4.2032
 172        4.4407
 173        4.4407
 174        4.4407
 175        4.6333
 176        4.6333
 177        4.6333
 178        4.6333
 179        4.6333
 180        4.6333
 181        5.0819
 182        5.0819
 183        5.0819
 184        6.1802
 185        6.1802
 186        6.1802
 187        7.8004
 188        7.8004
 189        7.8004
 190        8.0838
 191        9.3213
 192        9.3213
 193        9.3213
 194        9.3213
 195        9.3213
 196        9.3213
 197       10.4275
 198       10.4277
 199       10.4292
 200       10.7794
 201       10.7794
 202       10.7794
 203       10.7797
 204       10.7798
 205       10.7816
 206       11.5569
 207       11.5573
 208       11.5605
 209       11.5682
 210       11.5925
 211       11.6338
 212       12.7346
 
  0.1875000E+00  0.6250000E-01  0.6250000E-01  0.4687500E-01
   1       -4.1165
   2       -2.5503
   3       -2.0536
   4       -2.0536
   5       -1.7954
   6       -1.7481
   7       -1.7481
   8       -1.7251
   9       -1.6745
  10       -1.6745
  11       -1.5268
  12       -1.5000
  13       -1.5000
  14       -1.4775
  15       -1.2511
  16       -1.2344
  17       -1.2344
  18       -1.0969
  19       -1.0969
  20       -1.0507
  21       -0.8874
  22       -0.8874
  23       -0.8239
  24       -0.8239
  25       -0.7915
  26       -0.6951
  27       -0.6764
  28       -0.6764
  29       -0.5435
  30       -0.5435
  31       -0.5338
  32       -0.5338
  33       -0.5236
  34       -0.5236
  35       -0.5205
  36       -0.5205
  37       -0.4950
  38       -0.4950
  39       -0.3207
  40       -0.3207
  41       -0.3206
  42       -0.3206
  43       -0.1638
  44       -0.0383
  45       -0.0383
  46       -0.0123
  47       -0.0123
  48        0.0030
  49        0.0030
  50        0.0288
  51        0.0288
  52        0.0987
  53        0.0987
  54        0.1881
  55        0.1881
  56        0.2008
  57        0.2324
  58        0.2324
  59        0.2543
  60        0.2543
  61        0.2614
  62        0.2833
  63        0.2833
  64        0.3470
  65        0.3470
  66        0.3648
  67        0.3648
  68        0.3822
  69        0.3822
  70        0.4800
  71        0.4986
  72        0.4986
  73        0.5152
  74        0.5433
  75        0.5495
  76        0.5495
  77        0.5580
  78        0.5580
  79        0.5675
  80        0.5945
  81        0.5945
  82        0.5960
  83        0.6036
  84        0.6086
  85        0.6113
  86        0.6416
  87        0.7299
  88        0.7299
  89        1.0120
  90        1.0120
  91        1.0530
  92        1.0530
  93        1.1718
  94        1.1948
  95        1.2783
  96        1.2783
  97        1.2973
  98        1.3139
  99        1.3681
 100        1.3681
 101        1.4206
 102        1.4802
 103        1.5014
 104        1.5014
 105        1.5240
 106        1.5240
 107        1.5242
 108        1.5242
 109        1.5649
 110        1.5649
 111        1.7246
 112        1.7246
 113        1.7480
 114        1.7480
 115        1.7633
 116        1.7633
 117        1.8454
 118        1.8454
 119        1.8610
 120        1.8610
 121        1.8781
 122        1.9166
 123        1.9166
 124        1.9413
 125        1.9601
 126        1.9601
 127        1.9964
 128        2.0175
 129        2.0175
 130        2.0492
 131        2.1385
 132        2.1385
 133        2.1716
 134        2.1716
 135        2.1850
 136        2.2255
 137        2.2383
 138        2.2383
 139        2.2832
 140        2.4363
 141        2.4363
 142        2.5541
 143        2.5707
 144        2.5707
 145        2.5879
 146        2.5879
 147        2.6002
 148        2.7798
 149        2.8732
 150        2.8732
 151        2.9074
 152        2.9174
 153        2.9666
 154        2.9666
 155        2.9760
 156        2.9767
 157        2.9767
 158        3.1301
 159        3.1915
 160        3.1915
 161        3.1925
 162        3.1925
 163        3.2079
 164        3.2735
 165        3.2735
 166        3.2737
 167        3.2737
 168        3.8149
 169        3.8149
 170        3.8794
 171        4.1864
 172        4.2189
 173        4.2189
 174        4.4954
 175        4.4954
 176        4.6322
 177        4.6322
 178        4.8332
 179        5.0977
 180        5.1251
 181        5.1251
 182        5.5563
 183        5.5832
 184        5.5832
 185        6.4996
 186        6.4996
 187        7.7998
 188        8.0951
 189        8.0951
 190        8.5761
 191        8.7117
 192        8.7117
 193        8.9256
 194        8.9256
 195        9.2560
 196        9.2560
 197       10.2019
 198       10.2028
 199       10.3583
 200       10.3606
 201       10.7117
 202       10.7124
 203       10.9276
 204       10.9336
 205       11.2449
 206       11.6514
 207       11.8329
 208       11.9600
 209       12.0219
 210       12.1754
 211       12.2014
 212       12.2750
 
  0.3125000E+00  0.6250000E-01  0.6250000E-01  0.4687500E-01
   1       -3.9457
   2       -2.9802
   3       -1.9337
   4       -1.9337
   5       -1.7250
   6       -1.6541
   7       -1.6541
   8       -1.6094
   9       -1.5574
  10       -1.5574
  11       -1.4751
  12       -1.3927
  13       -1.3927
  14       -1.3666
  15       -1.3261
  16       -1.3261
  17       -1.2592
  18       -1.1910
  19       -1.1405
  20       -1.1405
  21       -1.1202
  22       -1.1202
  23       -1.0276
  24       -0.9990
  25       -0.9990
  26       -0.8563
  27       -0.8563
  28       -0.8513
  29       -0.5879
  30       -0.5879
  31       -0.4908
  32       -0.4908
  33       -0.4841
  34       -0.4841
  35       -0.4368
  36       -0.4368
  37       -0.4347
  38       -0.4347
  39       -0.3656
  40       -0.3656
  41       -0.2732
  42       -0.2732
  43       -0.1213
  44       -0.1213
  45       -0.0695
  46       -0.0695
  47       -0.0447
  48       -0.0447
  49       -0.0241
  50       -0.0241
  51        0.0080
  52        0.0080
  53        0.0127
  54        0.1081
  55        0.1081
  56        0.1588
  57        0.1588
  58        0.1976
  59        0.1976
  60        0.2433
  61        0.3067
  62        0.3067
  63        0.3559
  64        0.3559
  65        0.3562
  66        0.3562
  67        0.3913
  68        0.4105
  69        0.4105
  70        0.4256
  71        0.4348
  72        0.4626
  73        0.4626
  74        0.5272
  75        0.5751
  76        0.5751
  77        0.6312
  78        0.6710
  79        0.6710
  80        0.6823
  81        0.6844
  82        0.6899
  83        0.8440
  84        0.8440
  85        0.8542
  86        0.8542
  87        0.8791
  88        0.8823
  89        0.8823
  90        0.9913
  91        1.0211
  92        1.0917
  93        1.1102
  94        1.1142
  95        1.1142
  96        1.1257
  97        1.1555
  98        1.1555
  99        1.4138
 100        1.4399
 101        1.4399
 102        1.5139
 103        1.5139
 104        1.6075
 105        1.6075
 106        1.6511
 107        1.6511
 108        1.6898
 109        1.6898
 110        1.7130
 111        1.7130
 112        1.7468
 113        1.7468
 114        1.7933
 115        1.8161
 116        1.8161
 117        1.8455
 118        1.8455
 119        1.8832
 120        1.8832
 121        1.9056
 122        1.9056
 123        1.9161
 124        1.9789
 125        2.0619
 126        2.0619
 127        2.1580
 128        2.1580
 129        2.1883
 130        2.1885
 131        2.2008
 132        2.2008
 133        2.2100
 134        2.3082
 135        2.3165
 136        2.3446
 137        2.3446
 138        2.3916
 139        2.3916
 140        2.4129
 141        2.4266
 142        2.4266
 143        2.5388
 144        2.5388
 145        2.5452
 146        2.5792
 147        2.5792
 148        2.7070
 149        2.7705
 150        2.7705
 151        2.7821
 152        2.7821
 153        2.7829
 154        2.8563
 155        2.8796
 156        2.8796
 157        2.8930
 158        2.9653
 159        3.0420
 160        3.0420
 161        3.0429
 162        3.0429
 163        3.0823
 164        3.2732
 165        3.2732
 166        3.2734
 167        3.2734
 168        3.4554
 169        3.4554
 170        3.8255
 171        3.8255
 172        3.9313
 173        4.1516
 174        4.5553
 175        4.5553
 176        4.6284
 177        4.6284
 178        4.6904
 179        5.0704
 180        5.1251
 181        5.6980
 182        5.6980
 183        6.1548
 184        6.1548
 185        7.0211
 186        7.0211
 187        7.9148
 188        7.9148
 189        8.1388
 190        8.2610
 191        8.2610
 192        8.6382
 193        8.6382
 194        8.9139
 195        8.9139
 196        9.2270
 197        9.9191
 198        9.9192
 199       10.2340
 200       10.2353
 201       10.5875
 202       10.8433
 203       10.8471
 204       11.1504
 205       11.1631
 206       11.2012
 207       11.2315
 208       11.8160
 209       11.8668
 210       12.0007
 211       12.0881
 212       12.2304
 
  0.4375000E+00  0.6250000E-01  0.6250000E-01  0.4687500E-01
   1       -3.6940
   2       -3.3683
   3       -1.7633
   4       -1.7633
   5       -1.6093
   6       -1.5549
   7       -1.5549
   8       -1.5154
   9       -1.5154
  10       -1.4516
  11       -1.4509
  12       -1.4129
  13       -1.3934
  14       -1.3934
  15       -1.3635
  16       -1.3352
  17       -1.3352
  18       -1.2541
  19       -1.2406
  20       -1.2406
  21       -1.1989
  22       -1.1989
  23       -1.1028
  24       -1.0554
  25       -1.0554
  26       -1.0002
  27       -1.0002
  28       -0.9885
  29       -0.8150
  30       -0.8150
  31       -0.4515
  32       -0.4515
  33       -0.4460
  34       -0.4460
  35       -0.3521
  36       -0.3521
  37       -0.3138
  38       -0.3138
  39       -0.2446
  40       -0.2446
  41       -0.2311
  42       -0.2311
  43       -0.2067
  44       -0.2067
  45       -0.1374
  46       -0.1374
  47       -0.1273
  48       -0.1273
  49       -0.0835
  50       -0.0835
  51       -0.0677
  52       -0.0677
  53       -0.0004
  54       -0.0004
  55        0.1335
  56        0.1335
  57        0.1393
  58        0.1393
  59        0.1764
  60        0.2996
  61        0.3196
  62        0.3618
  63        0.3618
  64        0.3623
  65        0.3623
  66        0.3629
  67        0.3629
  68        0.3630
  69        0.4157
  70        0.4157
  71        0.4534
  72        0.4964
  73        0.5039
  74        0.5039
  75        0.6272
  76        0.6272
  77        0.6534
  78        0.6534
  79        0.7212
  80        0.7212
  81        0.7306
  82        0.7814
  83        0.7814
  84        0.7918
  85        0.7930
  86        0.8095
  87        0.8625
  88        0.9182
  89        0.9182
  90        0.9331
  91        0.9356
  92        0.9576
  93        1.3074
  94        1.3261
  95        1.3261
  96        1.3836
  97        1.4868
  98        1.4868
  99        1.5037
 100        1.5037
 101        1.5391
 102        1.6091
 103        1.6091
 104        1.6757
 105        1.6860
 106        1.6860
 107        1.7255
 108        1.7255
 109        1.7287
 110        1.7287
 111        1.7575
 112        1.7575
 113        1.7635
 114        1.7635
 115        1.7898
 116        1.7943
 117        1.7943
 118        1.8002
 119        1.8215
 120        1.8215
 121        1.8231
 122        1.8231
 123        1.8779
 124        1.8779
 125        1.9478
 126        1.9478
 127        2.0183
 128        2.0183
 129        2.0339
 130        2.0784
 131        2.0784
 132        2.1045
 133        2.3797
 134        2.3822
 135        2.3822
 136        2.4229
 137        2.5493
 138        2.5493
 139        2.5496
 140        2.5941
 141        2.5941
 142        2.5998
 143        2.6180
 144        2.6215
 145        2.6215
 146        2.6360
 147        2.6360
 148        2.7224
 149        2.7325
 150        2.7325
 151        2.7413
 152        2.7644
 153        2.8147
 154        2.8201
 155        2.8201
 156        2.8451
 157        2.8451
 158        2.8484
 159        2.8484
 160        2.9372
 161        3.0652
 162        3.0930
 163        3.0930
 164        3.1209
 165        3.1209
 166        3.2731
 167        3.2731
 168        3.2732
 169        3.2732
 170        3.4484
 171        3.4484
 172        3.8148
 173        4.0206
 174        4.0966
 175        4.5960
 176        4.5960
 177        4.6182
 178        4.6182
 179        5.1525
 180        5.1527
 181        6.3618
 182        6.3618
 183        6.8042
 184        6.8042
 185        7.1100
 186        7.1100
 187        7.5200
 188        7.5200
 189        7.6445
 190        7.6445
 191        8.3046
 192        8.3046
 193        8.7782
 194        9.3679
 195        9.3679
 196        9.6200
 197        9.9510
 198        9.9513
 199       10.0029
 200       10.0840
 201       10.0843
 202       10.2311
 203       10.2318
 204       10.8846
 205       11.1029
 206       11.1113
 207       11.4251
 208       11.4345
 209       11.4537
 210       11.6022
 211       11.7909
 212       12.3792
 
  0.1875000E+00  0.1875000E+00  0.6250000E-01  0.4687500E-01
   1       -4.0313
   2       -2.4846
   3       -2.4846
   4       -2.0008
   5       -1.7982
   6       -1.7256
   7       -1.6571
   8       -1.6571
   9       -1.6262
  10       -1.4709
  11       -1.4709
  12       -1.4532
  13       -1.4158
  14       -1.4158
  15       -1.3838
  16       -1.2242
  17       -1.2242
  18       -1.2046
  19       -1.2046
  20       -1.1816
  21       -0.9983
  22       -0.9983
  23       -0.7314
  24       -0.7314
  25       -0.7026
  26       -0.7026
  27       -0.6719
  28       -0.6719
  29       -0.6610
  30       -0.6610
  31       -0.6335
  32       -0.6335
  33       -0.5852
  34       -0.5789
  35       -0.5789
  36       -0.4916
  37       -0.4916
  38       -0.4548
  39       -0.3066
  40       -0.3066
  41       -0.2881
  42       -0.2881
  43       -0.2869
  44       -0.1445
  45       -0.1445
  46       -0.0819
  47       -0.0819
  48       -0.0295
  49       -0.0295
  50        0.0360
  51        0.1354
  52        0.1354
  53        0.1425
  54        0.1425
  55        0.1936
  56        0.1936
  57        0.2092
  58        0.2207
  59        0.2207
  60        0.2259
  61        0.2259
  62        0.3435
  63        0.3435
  64        0.4305
  65        0.4305
  66        0.4362
  67        0.4362
  68        0.4532
  69        0.4916
  70        0.4919
  71        0.4919
  72        0.4963
  73        0.5531
  74        0.5847
  75        0.5847
  76        0.5944
  77        0.6253
  78        0.6316
  79        0.6355
  80        0.6355
  81        0.6397
  82        0.6397
  83        0.6436
  84        0.6594
  85        0.6594
  86        0.6614
  87        0.7220
  88        0.7220
  89        0.9339
  90        0.9524
  91        1.0401
  92        1.0401
  93        1.1963
  94        1.1963
  95        1.2421
  96        1.2421
  97        1.3035
  98        1.3035
  99        1.3144
 100        1.3265
 101        1.3265
 102        1.3980
 103        1.3980
 104        1.4212
 105        1.4212
 106        1.4307
 107        1.5529
 108        1.5529
 109        1.5765
 110        1.5858
 111        1.6396
 112        1.6747
 113        1.6747
 114        1.8505
 115        1.8505
 116        1.8669
 117        1.9189
 118        1.9260
 119        1.9260
 120        1.9321
 121        1.9511
 122        1.9511
 123        1.9926
 124        1.9926
 125        2.0144
 126        2.0144
 127        2.1182
 128        2.1182
 129        2.1413
 130        2.1413
 131        2.2393
 132        2.3095
 133        2.3095
 134        2.3141
 135        2.3141
 136        2.3225
 137        2.3225
 138        2.3307
 139        2.3307
 140        2.3451
 141        2.3549
 142        2.3653
 143        2.3653
 144        2.4568
 145        2.5890
 146        2.5898
 147        2.7314
 148        2.7314
 149        2.7770
 150        2.7770
 151        2.7780
 152        2.8195
 153        2.9348
 154        2.9348
 155        2.9348
 156        2.9908
 157        2.9908
 158        3.0026
 159        3.1267
 160        3.1267
 161        3.1910
 162        3.1910
 163        3.1938
 164        3.1938
 165        3.2066
 166        3.2066
 167        3.2317
 168        3.4578
 169        3.4842
 170        3.7899
 171        3.7899
 172        4.2078
 173        4.2078
 174        4.2512
 175        4.6909
 176        4.6909
 177        5.1335
 178        5.1335
 179        5.1488
 180        5.1488
 181        5.6239
 182        5.6239
 183        5.8724
 184        5.8724
 185        6.0827
 186        6.7831
 187        7.7957
 188        7.7957
 189        8.4065
 190        8.4065
 191        8.5974
 192        8.6549
 193        8.6549
 194        9.0657
 195        9.0657
 196        9.1842
 197       10.1530
 198       10.1537
 199       10.2022
 200       10.2023
 201       10.2777
 202       10.8056
 203       10.8138
 204       11.1073
 205       11.1175
 206       11.1365
 207       11.1739
 208       11.6944
 209       11.7354
 210       11.9355
 211       12.4374
 212       12.6770
 
  0.3125000E+00  0.1875000E+00  0.6250000E-01  0.9375000E-01
   1       -3.8626
   2       -2.9094
   3       -2.3560
   4       -1.8994
   5       -1.7566
   6       -1.6696
   7       -1.6581
   8       -1.5452
   9       -1.5348
  10       -1.5245
  11       -1.4182
  12       -1.4063
  13       -1.3918
  14       -1.3626
  15       -1.3617
  16       -1.3047
  17       -1.2963
  18       -1.2063
  19       -1.1458
  20       -1.1275
  21       -1.1119
  22       -1.0772
  23       -0.9741
  24       -0.9252
  25       -0.8669
  26       -0.8184
  27       -0.8134
  28       -0.7295
  29       -0.6658
  30       -0.6214
  31       -0.6141
  32       -0.5933
  33       -0.5796
  34       -0.5673
  35       -0.5515
  36       -0.5186
  37       -0.4524
  38       -0.4103
  39       -0.3952
  40       -0.3739
  41       -0.2793
  42       -0.2201
  43       -0.2200
  44       -0.2000
  45       -0.1669
  46       -0.1548
  47       -0.1088
  48       -0.0624
  49        0.0066
  50        0.0200
  51        0.0265
  52        0.0358
  53        0.0431
  54        0.0884
  55        0.1272
  56        0.1311
  57        0.1558
  58        0.1894
  59        0.2753
  60        0.3468
  61        0.3596
  62        0.3624
  63        0.3781
  64        0.4173
  65        0.4182
  66        0.4293
  67        0.4353
  68        0.4382
  69        0.4723
  70        0.4760
  71        0.5418
  72        0.5545
  73        0.5822
  74        0.5990
  75        0.6488
  76        0.6723
  77        0.6879
  78        0.7023
  79        0.7036
  80        0.7089
  81        0.7158
  82        0.7425
  83        0.7522
  84        0.7588
  85        0.7969
  86        0.8178
  87        0.8230
  88        0.9144
  89        0.9561
  90        0.9613
  91        1.0199
  92        1.0261
  93        1.0385
  94        1.1055
  95        1.1326
  96        1.1476
  97        1.2292
  98        1.2391
  99        1.2480
 100        1.2993
 101        1.3196
 102        1.3698
 103        1.3919
 104        1.4956
 105        1.5303
 106        1.5328
 107        1.5614
 108        1.5764
 109        1.5788
 110        1.6345
 111        1.6845
 112        1.7969
 113        1.8019
 114        1.8207
 115        1.8414
 116        1.8434
 117        1.9266
 118        1.9305
 119        1.9647
 120        1.9797
 121        1.9802
 122        1.9929
 123        1.9954
 124        2.0259
 125        2.0355
 126        2.1359
 127        2.1409
 128        2.1462
 129        2.1565
 130        2.1579
 131        2.1937
 132        2.2035
 133        2.2678
 134        2.3290
 135        2.3437
 136        2.3539
 137        2.3805
 138        2.3909
 139        2.4097
 140        2.4317
 141        2.4910
 142        2.5144
 143        2.5145
 144        2.5305
 145        2.5366
 146        2.5606
 147        2.5931
 148        2.6249
 149        2.7073
 150        2.7527
 151        2.7899
 152        2.8101
 153        2.8561
 154        2.9406
 155        2.9437
 156        2.9490
 157        2.9993
 158        3.0095
 159        3.0105
 160        3.0438
 161        3.0457
 162        3.0505
 163        3.0899
 164        3.1346
 165        3.1912
 166        3.1954
 167        3.2028
 168        3.2076
 169        3.4266
 170        3.4627
 171        3.7394
 172        3.8089
 173        4.1461
 174        4.1865
 175        4.2678
 176        5.0299
 177        5.1934
 178        5.2527
 179        5.2836
 180        5.6208
 181        5.6980
 182        5.7539
 183        6.2267
 184        6.3630
 185        6.6394
 186        7.2633
 187        7.5210
 188        7.8084
 189        7.9892
 190        8.0124
 191        8.1447
 192        8.3047
 193        8.5720
 194        8.9860
 195        9.2531
 196        9.7361
 197        9.8522
 198        9.8962
 199       10.0414
 200       10.1264
 201       10.1331
 202       10.3001
 203       10.6057
 204       10.6480
 205       10.7311
 206       11.0369
 207       11.1500
 208       11.3017
 209       11.3908
 210       11.9671
 211       12.1009
 212       12.5483
 
  0.4375000E+00  0.1875000E+00  0.6250000E-01  0.9375000E-01
   1       -3.6141
   2       -3.2925
   3       -2.1704
   4       -1.9372
   5       -1.7579
   6       -1.6719
   7       -1.5887
   8       -1.5477
   9       -1.5467
  10       -1.4108
  11       -1.3942
  12       -1.3913
  13       -1.3544
  14       -1.3536
  15       -1.3031
  16       -1.2695
  17       -1.2291
  18       -1.2088
  19       -1.1989
  20       -1.1503
  21       -1.1283
  22       -1.0609
  23       -1.0593
  24       -1.0212
  25       -0.9733
  26       -0.9474
  27       -0.9291
  28       -0.9256
  29       -0.7906
  30       -0.7351
  31       -0.6583
  32       -0.6452
  33       -0.5262
  34       -0.4927
  35       -0.4577
  36       -0.4426
  37       -0.4328
  38       -0.3604
  39       -0.3536
  40       -0.3195
  41       -0.2603
  42       -0.2522
  43       -0.2378
  44       -0.1663
  45       -0.1586
  46       -0.1439
  47       -0.1226
  48       -0.1179
  49       -0.0928
  50       -0.0760
  51       -0.0629
  52       -0.0161
  53       -0.0010
  54        0.0071
  55        0.1073
  56        0.1846
  57        0.2115
  58        0.2477
  59        0.2844
  60        0.2864
  61        0.3129
  62        0.3217
  63        0.3633
  64        0.3930
  65        0.4075
  66        0.4437
  67        0.4517
  68        0.4862
  69        0.5039
  70        0.5137
  71        0.5431
  72        0.5467
  73        0.6170
  74        0.6238
  75        0.6371
  76        0.6703
  77        0.6853
  78        0.7064
  79        0.7352
  80        0.7564
  81        0.7931
  82        0.8034
  83        0.8036
  84        0.8189
  85        0.8505
  86        0.8760
  87        0.8893
  88        0.9059
  89        0.9179
  90        0.9342
  91        1.0053
  92        1.0429
  93        1.1472
  94        1.1506
  95        1.2616
  96        1.2842
  97        1.3014
  98        1.3128
  99        1.3177
 100        1.3256
 101        1.4517
 102        1.4763
 103        1.5051
 104        1.5497
 105        1.5668
 106        1.5707
 107        1.5725
 108        1.6154
 109        1.6272
 110        1.6298
 111        1.6602
 112        1.6607
 113        1.6898
 114        1.7104
 115        1.7593
 116        1.7941
 117        1.8012
 118        1.8766
 119        1.9030
 120        1.9350
 121        1.9616
 122        1.9641
 123        1.9716
 124        1.9825
 125        2.0093
 126        2.0241
 127        2.0257
 128        2.0372
 129        2.1064
 130        2.1900
 131        2.2288
 132        2.2630
 133        2.3048
 134        2.3230
 135        2.3473
 136        2.3900
 137        2.4146
 138        2.5087
 139        2.5459
 140        2.5846
 141        2.5927
 142        2.6107
 143        2.6200
 144        2.6203
 145        2.6679
 146        2.6956
 147        2.6970
 148        2.6993
 149        2.7041
 150        2.7136
 151        2.7891
 152        2.7896
 153        2.8138
 154        2.8427
 155        2.8445
 156        2.8472
 157        2.8477
 158        2.8599
 159        2.8618
 160        2.8622
 161        2.9551
 162        3.0673
 163        3.0904
 164        3.1928
 165        3.1972
 166        3.1973
 167        3.1996
 168        3.4279
 169        3.4399
 170        3.5008
 171        3.5643
 172        3.6632
 173        3.8501
 174        4.1347
 175        4.1583
 176        4.2028
 177        5.2502
 178        5.2972
 179        5.7818
 180        5.8070
 181        5.9167
 182        6.4511
 183        6.6791
 184        6.9072
 185        6.9197
 186        7.2230
 187        7.2584
 188        7.4787
 189        7.6366
 190        7.8521
 191        7.9224
 192        8.2660
 193        8.4770
 194        8.7947
 195        9.0657
 196        9.6402
 197        9.7609
 198        9.9379
 199        9.9517
 200       10.0296
 201       10.2535
 202       10.3490
 203       10.6161
 204       10.6987
 205       10.7036
 206       10.7659
 207       10.8728
 208       10.9048
 209       11.0035
 210       11.7044
 211       11.7757
 212       12.3026
 
  0.3125000E+00  0.3125000E+00  0.6250000E-01  0.4687500E-01
   1       -3.6981
   2       -2.7700
   3       -2.7700
   4       -2.0034
   5       -1.8345
   6       -1.7489
   7       -1.6215
   8       -1.5183
   9       -1.5183
  10       -1.4920
  11       -1.4005
  12       -1.4005
  13       -1.3077
  14       -1.3077
  15       -1.2955
  16       -1.2876
  17       -1.2876
  18       -1.1843
  19       -1.1843
  20       -1.0553
  21       -1.0553
  22       -0.9585
  23       -0.8683
  24       -0.8683
  25       -0.8209
  26       -0.8209
  27       -0.8104
  28       -0.8104
  29       -0.7479
  30       -0.7479
  31       -0.7376
  32       -0.7376
  33       -0.7264
  34       -0.5848
  35       -0.5848
  36       -0.5259
  37       -0.5259
  38       -0.4233
  39       -0.4233
  40       -0.4021
  41       -0.4021
  42       -0.2815
  43       -0.2815
  44       -0.2496
  45       -0.2469
  46       -0.2469
  47       -0.1146
  48        0.0452
  49        0.0456
  50        0.0456
  51        0.0492
  52        0.0492
  53        0.0518
  54        0.0518
  55        0.0632
  56        0.2554
  57        0.2554
  58        0.2839
  59        0.2839
  60        0.3931
  61        0.4024
  62        0.4024
  63        0.4055
  64        0.4055
  65        0.4371
  66        0.4371
  67        0.4687
  68        0.4992
  69        0.4992
  70        0.5616
  71        0.6091
  72        0.6091
  73        0.7066
  74        0.7105
  75        0.7228
  76        0.7247
  77        0.7475
  78        0.7475
  79        0.7526
  80        0.7579
  81        0.7704
  82        0.8010
  83        0.8450
  84        0.8450
  85        0.8676
  86        0.8676
  87        0.8779
  88        0.8779
  89        0.9417
  90        0.9417
  91        1.0630
  92        1.0630
  93        1.0830
  94        1.0830
  95        1.1068
  96        1.1068
  97        1.1939
  98        1.1939
  99        1.2071
 100        1.2071
 101        1.2329
 102        1.2544
 103        1.3628
 104        1.3628
 105        1.3939
 106        1.3939
 107        1.4198
 108        1.4727
 109        1.5611
 110        1.5611
 111        1.6228
 112        1.7251
 113        1.7251
 114        1.7428
 115        1.7633
 116        1.7633
 117        1.7684
 118        1.7866
 119        1.9755
 120        1.9889
 121        1.9889
 122        2.0883
 123        2.0883
 124        2.1606
 125        2.1606
 126        2.1865
 127        2.1865
 128        2.1959
 129        2.2243
 130        2.2243
 131        2.2419
 132        2.2419
 133        2.2585
 134        2.2629
 135        2.2629
 136        2.3917
 137        2.3917
 138        2.4218
 139        2.4218
 140        2.5610
 141        2.5693
 142        2.5693
 143        2.5899
 144        2.5989
 145        2.6552
 146        2.6700
 147        2.6700
 148        2.6709
 149        2.6709
 150        2.7106
 151        2.7611
 152        2.7611
 153        2.8501
 154        2.8635
 155        2.9538
 156        2.9538
 157        2.9544
 158        2.9544
 159        2.9696
 160        3.0499
 161        3.0499
 162        3.0500
 163        3.0500
 164        3.0769
 165        3.0769
 166        3.1365
 167        3.1880
 168        3.3698
 169        3.3698
 170        3.4415
 171        3.4415
 172        3.7794
 173        3.7794
 174        3.8740
 175        4.8071
 176        4.8071
 177        5.5178
 178        5.5178
 179        5.8596
 180        5.8596
 181        6.0269
 182        6.0269
 183        6.3600
 184        6.3600
 185        7.0726
 186        7.0726
 187        7.1659
 188        7.6887
 189        7.8043
 190        7.8043
 191        8.1362
 192        8.1362
 193        8.8300
 194        8.8300
 195        9.2212
 196        9.2212
 197        9.5543
 198        9.5544
 199        9.7105
 200        9.7106
 201        9.9249
 202        9.9651
 203       10.0807
 204       10.0810
 205       10.6407
 206       10.9639
 207       11.4225
 208       11.4909
 209       12.1664
 210       12.2339
 211       12.3656
 212       12.7822
 
  0.4375000E+00  0.3125000E+00  0.6250000E-01  0.9375000E-01
   1       -3.4561
   2       -3.1430
   3       -2.5669
   4       -2.3076
   5       -1.7448
   6       -1.7033
   7       -1.6373
   8       -1.6237
   9       -1.5453
  10       -1.4336
  11       -1.4321
  12       -1.3641
  13       -1.2407
  14       -1.2395
  15       -1.2242
  16       -1.1908
  17       -1.1855
  18       -1.1507
  19       -1.0473
  20       -1.0446
  21       -1.0232
  22       -1.0132
  23       -0.9723
  24       -0.9583
  25       -0.9201
  26       -0.8652
  27       -0.8483
  28       -0.8055
  29       -0.8019
  30       -0.7955
  31       -0.7420
  32       -0.6823
  33       -0.6635
  34       -0.6597
  35       -0.6238
  36       -0.6031
  37       -0.5854
  38       -0.5445
  39       -0.5125
  40       -0.4716
  41       -0.4623
  42       -0.3757
  43       -0.2565
  44       -0.2074
  45       -0.1838
  46       -0.0987
  47       -0.0878
  48       -0.0739
  49       -0.0683
  50        0.0399
  51        0.0711
  52        0.0793
  53        0.1048
  54        0.1196
  55        0.1598
  56        0.1891
  57        0.1925
  58        0.2000
  59        0.2306
  60        0.3112
  61        0.3964
  62        0.4454
  63        0.4593
  64        0.5049
  65        0.5345
  66        0.5533
  67        0.5649
  68        0.5836
  69        0.6053
  70        0.6161
  71        0.6171
  72        0.6411
  73        0.6666
  74        0.6776
  75        0.7686
  76        0.7752
  77        0.7867
  78        0.8109
  79        0.8175
  80        0.8261
  81        0.8436
  82        0.8549
  83        0.8644
  84        0.8800
  85        0.8832
  86        0.8993
  87        0.9416
  88        0.9486
  89        1.0005
  90        1.0046
  91        1.0118
  92        1.0380
  93        1.0413
  94        1.1117
  95        1.1222
  96        1.1445
  97        1.1633
  98        1.1727
  99        1.2040
 100        1.2222
 101        1.2376
 102        1.2506
 103        1.2594
 104        1.2919
 105        1.3218
 106        1.4256
 107        1.4526
 108        1.4758
 109        1.5077
 110        1.5094
 111        1.5367
 112        1.5396
 113        1.5601
 114        1.6011
 115        1.6472
 116        1.6679
 117        1.6905
 118        1.7037
 119        1.8594
 120        1.8692
 121        1.9066
 122        2.0115
 123        2.0382
 124        2.1155
 125        2.1327
 126        2.1376
 127        2.1979
 128        2.2110
 129        2.2560
 130        2.2771
 131        2.3171
 132        2.3974
 133        2.4291
 134        2.4321
 135        2.4466
 136        2.4539
 137        2.4743
 138        2.4946
 139        2.5157
 140        2.6006
 141        2.6103
 142        2.6176
 143        2.6308
 144        2.6574
 145        2.6744
 146        2.6986
 147        2.7236
 148        2.7310
 149        2.7608
 150        2.7871
 151        2.7913
 152        2.8024
 153        2.8086
 154        2.8552
 155        2.8773
 156        2.8798
 157        2.8823
 158        2.8837
 159        2.9018
 160        2.9077
 161        2.9234
 162        3.0259
 163        3.0307
 164        3.0560
 165        3.0635
 166        3.0647
 167        3.0897
 168        3.1944
 169        3.2878
 170        3.3942
 171        3.7499
 172        3.7570
 173        3.8983
 174        3.9944
 175        4.3554
 176        4.7006
 177        5.4583
 178        5.9965
 179        6.0486
 180        6.1063
 181        6.2192
 182        6.5152
 183        6.5177
 184        6.5759
 185        6.6210
 186        7.1039
 187        7.4394
 188        7.7365
 189        7.8505
 190        7.8676
 191        8.2220
 192        8.2881
 193        8.3246
 194        8.5666
 195        8.7468
 196        8.8723
 197        9.1058
 198        9.1379
 199        9.2816
 200        9.4556
 201        9.6273
 202        9.6677
 203       10.0352
 204       10.4888
 205       10.7641
 206       11.4623
 207       11.6566
 208       11.7558
 209       11.8908
 210       12.0668
 211       12.1728
 212       12.3312
 
  0.4375000E+00  0.4375000E+00  0.6250000E-01  0.4687500E-01
   1       -3.2237
   2       -2.9238
   3       -2.9238
   4       -2.6418
   5       -1.7201
   6       -1.7050
   7       -1.6806
   8       -1.6806
   9       -1.5121
  10       -1.4498
  11       -1.4498
  12       -1.4491
  13       -1.1161
  14       -1.0789
  15       -1.0789
  16       -1.0643
  17       -1.0643
  18       -1.0181
  19       -1.0181
  20       -1.0019
  21       -1.0019
  22       -0.9206
  23       -0.8801
  24       -0.8801
  25       -0.8762
  26       -0.8762
  27       -0.8734
  28       -0.8734
  29       -0.8420
  30       -0.8420
  31       -0.8127
  32       -0.8127
  33       -0.7417
  34       -0.7417
  35       -0.7022
  36       -0.7022
  37       -0.6699
  38       -0.6699
  39       -0.6275
  40       -0.5771
  41       -0.5771
  42       -0.4393
  43       -0.4393
  44       -0.2622
  45       -0.1169
  46       -0.1169
  47       -0.0089
  48       -0.0089
  49       -0.0073
  50       -0.0073
  51        0.0883
  52        0.0883
  53        0.1488
  54        0.1774
  55        0.1853
  56        0.1853
  57        0.2680
  58        0.2691
  59        0.4320
  60        0.4320
  61        0.4686
  62        0.5353
  63        0.5353
  64        0.5471
  65        0.5471
  66        0.5627
  67        0.5820
  68        0.6091
  69        0.6091
  70        0.6392
  71        0.7417
  72        0.7417
  73        0.7953
  74        0.7953
  75        0.8577
  76        0.8581
  77        0.8661
  78        0.8682
  79        0.8773
  80        0.8873
  81        0.8873
  82        0.9101
  83        0.9381
  84        0.9381
  85        0.9595
  86        0.9731
  87        0.9731
  88        0.9740
  89        0.9740
  90        0.9929
  91        0.9929
  92        1.0018
  93        1.0018
  94        1.0470
  95        1.0562
  96        1.0862
  97        1.0862
  98        1.1237
  99        1.1237
 100        1.1250
 101        1.1507
 102        1.1507
 103        1.1831
 104        1.2256
 105        1.2256
 106        1.3284
 107        1.3284
 108        1.3352
 109        1.3352
 110        1.3539
 111        1.3539
 112        1.4228
 113        1.4228
 114        1.5045
 115        1.5045
 116        1.5347
 117        1.5847
 118        1.5847
 119        1.6255
 120        1.6483
 121        2.0446
 122        2.1078
 123        2.1736
 124        2.1736
 125        2.2331
 126        2.2331
 127        2.2896
 128        2.2896
 129        2.3267
 130        2.3937
 131        2.3966
 132        2.3966
 133        2.4065
 134        2.4065
 135        2.5409
 136        2.5409
 137        2.5515
 138        2.5515
 139        2.5957
 140        2.6556
 141        2.6556
 142        2.6709
 143        2.7003
 144        2.7003
 145        2.7739
 146        2.7746
 147        2.7746
 148        2.8092
 149        2.8208
 150        2.8647
 151        2.8647
 152        2.8685
 153        2.8685
 154        2.8696
 155        2.8696
 156        2.8880
 157        2.8880
 158        2.8905
 159        2.8905
 160        2.9085
 161        2.9091
 162        2.9100
 163        2.9100
 164        2.9261
 165        2.9261
 166        2.9473
 167        2.9473
 168        2.9939
 169        3.0747
 170        3.3786
 171        3.3786
 172        3.4812
 173        4.4926
 174        4.4926
 175        4.9829
 176        4.9829
 177        5.2191
 178        5.2191
 179        5.7301
 180        5.7301
 181        6.8449
 182        6.8449
 183        6.9796
 184        6.9796
 185        7.3498
 186        7.3498
 187        7.7443
 188        7.7443
 189        7.8782
 190        7.8782
 191        8.1245
 192        8.1245
 193        8.2347
 194        8.2771
 195        8.2771
 196        8.6362
 197        8.6362
 198        8.6552
 199        8.6915
 200        8.6915
 201        9.3605
 202        9.4817
 203        9.4817
 204        9.9459
 205       11.5944
 206       12.1597
 207       12.2566
 208       12.3239
 209       12.3774
 210       12.4677
 211       12.5735
 212       12.9197
 
  0.1875000E+00  0.1875000E+00  0.1875000E+00  0.1562500E-01
   1       -3.9473
   2       -2.4252
   3       -2.4252
   4       -2.4252
   5       -1.8300
   6       -1.6138
   7       -1.6138
   8       -1.6138
   9       -1.4649
  10       -1.4649
  11       -1.4649
  12       -1.4244
  13       -1.4244
  14       -1.4244
  15       -1.3692
  16       -1.3692
  17       -1.3692
  18       -1.1517
  19       -1.1517
  20       -1.1517
  21       -0.7982
  22       -0.7982
  23       -0.7982
  24       -0.7982
  25       -0.7982
  26       -0.7982
  27       -0.6949
  28       -0.6949
  29       -0.6949
  30       -0.6376
  31       -0.6376
  32       -0.6376
  33       -0.6376
  34       -0.6376
  35       -0.6376
  36       -0.6152
  37       -0.6152
  38       -0.6152
  39       -0.2788
  40       -0.2788
  41       -0.2788
  42       -0.2788
  43       -0.2788
  44       -0.2788
  45       -0.1174
  46       -0.1174
  47       -0.1174
  48        0.1226
  49        0.1226
  50        0.1226
  51        0.1880
  52        0.1880
  53        0.1880
  54        0.1880
  55        0.1880
  56        0.1880
  57        0.2078
  58        0.2078
  59        0.2078
  60        0.2739
  61        0.2739
  62        0.2739
  63        0.2739
  64        0.2739
  65        0.2739
  66        0.4138
  67        0.4138
  68        0.4138
  69        0.4820
  70        0.5950
  71        0.5950
  72        0.6478
  73        0.6478
  74        0.6478
  75        0.6478
  76        0.6478
  77        0.6478
  78        0.6554
  79        0.6554
  80        0.6814
  81        0.6814
  82        0.6814
  83        0.6956
  84        0.6956
  85        0.6956
  86        0.7052
  87        0.7052
  88        0.7052
  89        0.9776
  90        0.9776
  91        0.9776
  92        1.1080
  93        1.1080
  94        1.1080
  95        1.1330
  96        1.1330
  97        1.1330
  98        1.2388
  99        1.2388
 100        1.2388
 101        1.4568
 102        1.4568
 103        1.4568
 104        1.4942
 105        1.4942
 106        1.4942
 107        1.4942
 108        1.4942
 109        1.4942
 110        1.6861
 111        1.6861
 112        1.6861
 113        1.7981
 114        1.7981
 115        1.7981
 116        1.8590
 117        1.8590
 118        1.8590
 119        1.8916
 120        1.8916
 121        1.9656
 122        1.9656
 123        1.9656
 124        1.9656
 125        1.9656
 126        1.9656
 127        2.1012
 128        2.1012
 129        2.1012
 130        2.3285
 131        2.3285
 132        2.3285
 133        2.3345
 134        2.3345
 135        2.3345
 136        2.3345
 137        2.3345
 138        2.3345
 139        2.4596
 140        2.4596
 141        2.4596
 142        2.6392
 143        2.6392
 144        2.6392
 145        2.6693
 146        2.6693
 147        2.6693
 148        2.7204
 149        2.7204
 150        2.7204
 151        2.7570
 152        2.7604
 153        2.7604
 154        2.7604
 155        2.8186
 156        2.8186
 157        3.0182
 158        3.0182
 159        3.0182
 160        3.1294
 161        3.1294
 162        3.1294
 163        3.1294
 164        3.1294
 165        3.1294
 166        3.2012
 167        3.2012
 168        3.2012
 169        3.4271
 170        3.4271
 171        3.4271
 172        4.7044
 173        4.7044
 174        4.7044
 175        4.7044
 176        4.7044
 177        4.7044
 178        5.0553
 179        5.0553
 180        5.0553
 181        6.1428
 182        6.1428
 183        6.1428
 184        6.1477
 185        6.1477
 186        6.1477
 187        8.1122
 188        8.1122
 189        8.1122
 190        8.4670
 191        8.4670
 192        8.4670
 193        8.4670
 194        8.4670
 195        8.4670
 196        9.8543
 197       10.2162
 198       10.2162
 199       10.2162
 200       10.2162
 201       10.2163
 202       10.2167
 203       10.6290
 204       10.6294
 205       10.6326
 206       11.0417
 207       11.0457
 208       11.0698
 209       12.2217
 210       12.2507
 211       12.3560
 212       12.5263
 
  0.3125000E+00  0.1875000E+00  0.1875000E+00  0.4687500E-01
   1       -3.7811
   2       -2.8430
   3       -2.3096
   4       -2.3096
   5       -1.8211
   6       -1.7081
   7       -1.7081
   8       -1.5798
   9       -1.5277
  10       -1.5277
  11       -1.4658
  12       -1.3721
  13       -1.3333
  14       -1.3333
  15       -1.2817
  16       -1.2817
  17       -1.2589
  18       -1.0928
  19       -1.0474
  20       -1.0474
  21       -1.0291
  22       -1.0291
  23       -0.9036
  24       -0.9036
  25       -0.8779
  26       -0.8384
  27       -0.8384
  28       -0.7633
  29       -0.6905
  30       -0.6905
  31       -0.6487
  32       -0.6487
  33       -0.6390
  34       -0.6390
  35       -0.5798
  36       -0.5798
  37       -0.5223
  38       -0.5223
  39       -0.4940
  40       -0.4940
  41       -0.2574
  42       -0.2574
  43       -0.2190
  44       -0.2190
  45       -0.0656
  46       -0.0656
  47        0.0311
  48        0.0311
  49        0.0439
  50        0.0439
  51        0.0467
  52        0.0677
  53        0.0677
  54        0.1150
  55        0.1589
  56        0.1589
  57        0.2354
  58        0.2354
  59        0.2491
  60        0.2491
  61        0.2972
  62        0.2972
  63        0.3262
  64        0.3761
  65        0.3761
  66        0.4262
  67        0.4599
  68        0.5275
  69        0.5275
  70        0.6061
  71        0.6061
  72        0.6166
  73        0.6336
  74        0.6672
  75        0.6672
  76        0.7031
  77        0.7031
  78        0.7070
  79        0.7155
  80        0.7204
  81        0.7204
  82        0.7641
  83        0.7905
  84        0.7905
  85        0.8130
  86        0.8862
  87        0.8862
  88        0.8948
  89        0.8948
  90        0.9630
  91        0.9758
  92        0.9849
  93        1.0280
  94        1.0280
  95        1.0685
  96        1.1312
  97        1.1312
  98        1.1979
  99        1.1979
 100        1.2875
 101        1.2971
 102        1.2972
 103        1.4107
 104        1.5713
 105        1.5713
 106        1.5745
 107        1.5745
 108        1.5815
 109        1.6685
 110        1.6685
 111        1.7570
 112        1.7570
 113        1.7682
 114        1.7682
 115        1.7811
 116        1.7811
 117        1.7946
 118        1.7946
 119        1.8154
 120        1.8328
 121        1.9082
 122        1.9082
 123        1.9403
 124        1.9668
 125        1.9668
 126        2.0279
 127        2.0807
 128        2.1254
 129        2.1492
 130        2.1492
 131        2.2087
 132        2.3056
 133        2.3056
 134        2.3912
 135        2.3912
 136        2.3979
 137        2.3979
 138        2.4580
 139        2.5403
 140        2.5403
 141        2.5555
 142        2.5555
 143        2.5887
 144        2.5887
 145        2.6167
 146        2.6379
 147        2.6379
 148        2.6467
 149        2.6608
 150        2.6633
 151        2.6633
 152        2.8461
 153        2.9814
 154        2.9903
 155        3.0003
 156        3.0003
 157        3.0172
 158        3.0172
 159        3.0197
 160        3.0197
 161        3.0436
 162        3.0436
 163        3.1024
 164        3.1024
 165        3.1324
 166        3.1355
 167        3.1355
 168        3.1432
 169        3.1824
 170        3.1824
 171        3.3652
 172        4.2761
 173        4.2761
 174        4.7332
 175        4.7332
 176        4.9483
 177        4.9483
 178        5.2996
 179        5.2996
 180        5.3000
 181        5.8324
 182        6.2660
 183        6.5847
 184        6.5847
 185        6.7337
 186        6.7337
 187        7.6371
 188        7.6371
 189        7.7911
 190        8.1077
 191        8.1077
 192        8.4398
 193        8.4398
 194        8.6757
 195        8.6757
 196        9.5315
 197        9.6567
 198        9.6567
 199       10.2001
 200       10.2003
 201       10.2962
 202       10.2963
 203       10.4320
 204       10.4323
 205       10.6011
 206       10.8732
 207       10.8744
 208       11.2269
 209       11.2325
 210       11.7056
 211       11.7264
 212       12.2331
 
  0.4375000E+00  0.1875000E+00  0.1875000E+00  0.4687500E-01
   1       -3.5364
   2       -3.2199
   3       -2.1444
   4       -2.1444
   5       -1.9395
   6       -1.9395
   7       -1.7727
   8       -1.6892
   9       -1.4000
  10       -1.4000
  11       -1.3089
  12       -1.2868
  13       -1.2578
  14       -1.2326
  15       -1.2326
  16       -1.2015
  17       -1.2015
  18       -1.1642
  19       -1.1642
  20       -1.0855
  21       -1.0336
  22       -1.0336
  23       -1.0321
  24       -1.0321
  25       -1.0063
  26       -0.8958
  27       -0.8958
  28       -0.8952
  29       -0.7062
  30       -0.7062
  31       -0.6807
  32       -0.6807
  33       -0.6651
  34       -0.6651
  35       -0.5436
  36       -0.5436
  37       -0.5307
  38       -0.5307
  39       -0.3812
  40       -0.3812
  41       -0.2090
  42       -0.2090
  43       -0.1936
  44       -0.1936
  45       -0.1298
  46       -0.1298
  47       -0.1072
  48       -0.1072
  49       -0.0258
  50       -0.0258
  51        0.0055
  52        0.0055
  53        0.0858
  54        0.0858
  55        0.1620
  56        0.1978
  57        0.2380
  58        0.2808
  59        0.2808
  60        0.2989
  61        0.2989
  62        0.3276
  63        0.3296
  64        0.3296
  65        0.3992
  66        0.3992
  67        0.4606
  68        0.4606
  69        0.5888
  70        0.6174
  71        0.6667
  72        0.6667
  73        0.6860
  74        0.6860
  75        0.6983
  76        0.6983
  77        0.7092
  78        0.7511
  79        0.7511
  80        0.7982
  81        0.8050
  82        0.8053
  83        0.8053
  84        0.8201
  85        0.9044
  86        0.9044
  87        0.9069
  88        0.9232
  89        0.9284
  90        0.9284
  91        0.9507
  92        1.0702
  93        1.1123
  94        1.1493
  95        1.1493
  96        1.1667
  97        1.1667
  98        1.1708
  99        1.1708
 100        1.2653
 101        1.4193
 102        1.4193
 103        1.4450
 104        1.4450
 105        1.5524
 106        1.5529
 107        1.6169
 108        1.6445
 109        1.6445
 110        1.7004
 111        1.7004
 112        1.7052
 113        1.7052
 114        1.7151
 115        1.7819
 116        1.7819
 117        1.7894
 118        1.8164
 119        1.8164
 120        1.8179
 121        1.8179
 122        1.8200
 123        1.8200
 124        1.8795
 125        1.8795
 126        1.9229
 127        1.9229
 128        2.0111
 129        2.1016
 130        2.1564
 131        2.2554
 132        2.2942
 133        2.3488
 134        2.3488
 135        2.4698
 136        2.4738
 137        2.4738
 138        2.4872
 139        2.5270
 140        2.5270
 141        2.5617
 142        2.5617
 143        2.5655
 144        2.5655
 145        2.7212
 146        2.7212
 147        2.7330
 148        2.7330
 149        2.7558
 150        2.7558
 151        2.7699
 152        2.8114
 153        2.8114
 154        2.8794
 155        2.8794
 156        2.8801
 157        2.8801
 158        2.8959
 159        2.9105
 160        2.9105
 161        2.9614
 162        3.0619
 163        3.1459
 164        3.1459
 165        3.1465
 166        3.1618
 167        3.1618
 168        3.2717
 169        3.4434
 170        3.4434
 171        3.7408
 172        3.8562
 173        3.8562
 174        4.4723
 175        4.7810
 176        4.7810
 177        4.8524
 178        4.8524
 179        5.9988
 180        5.9988
 181        6.3482
 182        6.3931
 183        6.7891
 184        6.7891
 185        7.1034
 186        7.1034
 187        7.3778
 188        7.3778
 189        7.6313
 190        7.6313
 191        7.8671
 192        8.0229
 193        8.0229
 194        8.5481
 195        9.4141
 196        9.4142
 197        9.5712
 198        9.5712
 199        9.8274
 200        9.8275
 201       10.2767
 202       10.2770
 203       10.4548
 204       10.4577
 205       10.6621
 206       10.6639
 207       10.7630
 208       10.7688
 209       11.1816
 210       11.1871
 211       11.5050
 212       13.5422
 
  0.3125000E+00  0.3125000E+00  0.1875000E+00  0.4687500E-01
   1       -3.6199
   2       -2.7127
   3       -2.7127
   4       -2.2201
   5       -2.0076
   6       -1.8510
   7       -1.7646
   8       -1.7646
   9       -1.4724
  10       -1.3697
  11       -1.3697
  12       -1.2822
  13       -1.2822
  14       -1.2700
  15       -1.2519
  16       -1.1723
  17       -1.1723
  18       -1.0899
  19       -1.0899
  20       -0.9882
  21       -0.9882
  22       -0.9271
  23       -0.8686
  24       -0.8686
  25       -0.8521
  26       -0.8521
  27       -0.8263
  28       -0.8263
  29       -0.7903
  30       -0.7903
  31       -0.7667
  32       -0.7667
  33       -0.7636
  34       -0.6624
  35       -0.6624
  36       -0.6336
  37       -0.6336
  38       -0.4416
  39       -0.4416
  40       -0.3854
  41       -0.3765
  42       -0.3765
  43       -0.2049
  44       -0.2049
  45       -0.0902
  46       -0.0902
  47        0.0191
  48        0.0234
  49        0.0510
  50        0.0510
  51        0.0827
  52        0.0827
  53        0.0892
  54        0.0892
  55        0.1721
  56        0.2480
  57        0.2480
  58        0.2729
  59        0.2729
  60        0.3165
  61        0.3165
  62        0.3615
  63        0.3974
  64        0.4053
  65        0.4053
  66        0.4191
  67        0.4191
  68        0.5645
  69        0.5645
  70        0.6143
  71        0.6143
  72        0.6353
  73        0.6788
  74        0.7374
  75        0.7374
  76        0.7395
  77        0.7568
  78        0.7781
  79        0.7920
  80        0.8003
  81        0.8349
  82        0.8540
  83        0.8540
  84        0.8683
  85        0.9106
  86        0.9106
  87        0.9128
  88        0.9128
  89        0.9237
  90        0.9237
  91        0.9712
  92        0.9712
  93        1.0026
  94        1.0026
  95        1.0476
  96        1.0476
  97        1.0730
  98        1.1104
  99        1.1332
 100        1.1332
 101        1.3538
 102        1.3538
 103        1.4050
 104        1.4050
 105        1.4603
 106        1.4603
 107        1.4733
 108        1.5702
 109        1.5702
 110        1.6029
 111        1.6667
 112        1.6667
 113        1.6716
 114        1.6738
 115        1.7463
 116        1.7663
 117        1.7663
 118        1.8065
 119        1.8561
 120        1.8561
 121        1.9414
 122        1.9660
 123        1.9834
 124        1.9834
 125        1.9931
 126        1.9931
 127        2.0621
 128        2.0621
 129        2.0840
 130        2.0840
 131        2.0851
 132        2.1393
 133        2.1393
 134        2.2509
 135        2.2509
 136        2.4061
 137        2.5146
 138        2.5569
 139        2.5569
 140        2.6007
 141        2.6007
 142        2.6384
 143        2.6384
 144        2.6813
 145        2.6971
 146        2.7167
 147        2.7199
 148        2.7199
 149        2.7229
 150        2.7229
 151        2.8185
 152        2.8351
 153        2.8351
 154        2.8474
 155        2.9727
 156        2.9727
 157        2.9998
 158        2.9998
 159        3.0292
 160        3.0347
 161        3.0347
 162        3.0378
 163        3.0378
 164        3.0390
 165        3.0390
 166        3.1356
 167        3.1356
 168        3.1458
 169        3.1498
 170        3.5174
 171        3.5174
 172        4.3004
 173        4.3004
 174        4.6718
 175        4.8513
 176        4.8513
 177        5.3925
 178        5.3925
 179        5.7273
 180        5.7273
 181        5.8239
 182        5.8239
 183        6.9097
 184        6.9097
 185        6.9647
 186        7.2010
 187        7.2010
 188        7.2843
 189        7.8451
 190        7.8451
 191        8.1758
 192        8.1758
 193        8.2860
 194        8.2860
 195        9.0738
 196        9.0738
 197        9.3422
 198        9.5078
 199        9.5078
 200        9.6975
 201        9.6976
 202        9.7855
 203       10.6154
 204       10.6616
 205       10.6630
 206       10.7544
 207       10.7598
 208       11.4079
 209       11.8696
 210       11.9158
 211       11.9844
 212       12.2273
 
  0.4375000E+00  0.3125000E+00  0.1875000E+00  0.9375000E-01
   1       -3.3828
   2       -3.0767
   3       -2.5239
   4       -2.2849
   5       -2.0937
   6       -1.9388
   7       -1.8480
   8       -1.8164
   9       -1.3798
  10       -1.2514
  11       -1.2370
  12       -1.2205
  13       -1.2075
  14       -1.1909
  15       -1.1708
  16       -1.1686
  17       -1.1521
  18       -1.1517
  19       -1.0692
  20       -1.0534
  21       -1.0284
  22       -1.0031
  23       -0.9860
  24       -0.9135
  25       -0.9014
  26       -0.8464
  27       -0.8364
  28       -0.8170
  29       -0.7907
  30       -0.7667
  31       -0.7631
  32       -0.7419
  33       -0.7382
  34       -0.7223
  35       -0.7002
  36       -0.6563
  37       -0.6475
  38       -0.5714
  39       -0.5107
  40       -0.3559
  41       -0.3136
  42       -0.2357
  43       -0.2345
  44       -0.1926
  45       -0.1526
  46       -0.1258
  47       -0.0918
  48       -0.0493
  49       -0.0344
  50        0.0395
  51        0.0932
  52        0.1250
  53        0.1398
  54        0.1462
  55        0.1593
  56        0.1737
  57        0.2101
  58        0.2165
  59        0.2810
  60        0.3056
  61        0.3255
  62        0.3376
  63        0.4559
  64        0.4879
  65        0.5498
  66        0.5520
  67        0.5702
  68        0.6231
  69        0.6304
  70        0.6507
  71        0.6509
  72        0.7170
  73        0.7359
  74        0.7404
  75        0.7415
  76        0.7788
  77        0.8107
  78        0.8207
  79        0.8208
  80        0.8213
  81        0.8316
  82        0.8365
  83        0.8713
  84        0.8824
  85        0.8833
  86        0.8890
  87        0.8975
  88        0.9188
  89        0.9555
  90        0.9660
  91        1.0045
  92        1.0267
  93        1.0406
  94        1.0479
  95        1.0493
  96        1.0581
  97        1.1317
  98        1.1390
  99        1.1654
 100        1.2285
 101        1.2417
 102        1.2715
 103        1.2770
 104        1.2829
 105        1.3539
 106        1.3745
 107        1.4164
 108        1.4574
 109        1.4934
 110        1.5521
 111        1.6207
 112        1.6599
 113        1.6662
 114        1.6692
 115        1.6903
 116        1.7102
 117        1.7363
 118        1.7503
 119        1.7585
 120        1.7916
 121        1.8049
 122        1.8495
 123        1.9175
 124        1.9413
 125        1.9418
 126        2.0128
 127        2.0209
 128        2.0426
 129        2.0725
 130        2.1207
 131        2.1970
 132        2.2295
 133        2.2318
 134        2.3118
 135        2.3727
 136        2.3800
 137        2.3946
 138        2.4540
 139        2.4682
 140        2.5197
 141        2.5710
 142        2.6820
 143        2.7353
 144        2.7511
 145        2.7665
 146        2.7729
 147        2.7946
 148        2.8211
 149        2.8245
 150        2.8304
 151        2.8365
 152        2.8465
 153        2.8498
 154        2.8680
 155        2.9081
 156        2.9153
 157        2.9153
 158        2.9159
 159        2.9464
 160        2.9466
 161        2.9641
 162        2.9686
 163        2.9829
 164        3.0635
 165        3.0659
 166        3.0659
 167        3.1020
 168        3.1026
 169        3.4893
 170        3.8854
 171        3.9552
 172        4.1444
 173        4.3581
 174        4.4029
 175        4.4751
 176        4.8916
 177        5.5269
 178        5.5407
 179        5.6863
 180        6.1567
 181        6.2184
 182        6.3322
 183        6.7063
 184        6.7205
 185        6.9982
 186        7.0927
 187        7.4263
 188        7.6097
 189        7.8117
 190        7.8577
 191        7.8976
 192        8.0361
 193        8.0860
 194        8.2937
 195        8.6938
 196        8.7241
 197        8.8559
 198        9.3021
 199        9.4312
 200        9.7068
 201        9.7573
 202        9.9508
 203       10.1175
 204       10.1644
 205       10.2863
 206       11.0027
 207       11.1367
 208       11.3042
 209       11.7306
 210       12.2173
 211       12.7297
 212       13.0461
 
  0.4375000E+00  0.4375000E+00  0.1875000E+00  0.4687500E-01
   1       -3.1576
   2       -2.8676
   3       -2.8676
   4       -2.5998
   5       -2.0206
   6       -1.9274
   7       -1.9274
   8       -1.8988
   9       -1.3310
  10       -1.2542
  11       -1.2542
  12       -1.2395
  13       -1.0998
  14       -1.0936
  15       -1.0936
  16       -1.0664
  17       -1.0664
  18       -1.0481
  19       -1.0481
  20       -0.9923
  21       -0.9923
  22       -0.9324
  23       -0.9324
  24       -0.9219
  25       -0.9146
  26       -0.9146
  27       -0.9025
  28       -0.9025
  29       -0.8960
  30       -0.8960
  31       -0.7850
  32       -0.7850
  33       -0.7485
  34       -0.7485
  35       -0.6367
  36       -0.6367
  37       -0.5941
  38       -0.5583
  39       -0.5583
  40       -0.4425
  41       -0.4425
  42       -0.4082
  43       -0.4082
  44       -0.2373
  45       -0.0760
  46       -0.0760
  47        0.0101
  48        0.0101
  49        0.0207
  50        0.0207
  51        0.0371
  52        0.0980
  53        0.0980
  54        0.2082
  55        0.2253
  56        0.2253
  57        0.2448
  58        0.2448
  59        0.2945
  60        0.3257
  61        0.3311
  62        0.5450
  63        0.5450
  64        0.5845
  65        0.5845
  66        0.5861
  67        0.6652
  68        0.7342
  69        0.7342
  70        0.7461
  71        0.7502
  72        0.7502
  73        0.7624
  74        0.7624
  75        0.8056
  76        0.8200
  77        0.8200
  78        0.8220
  79        0.8491
  80        0.8534
  81        0.8680
  82        0.8767
  83        0.8767
  84        0.8911
  85        0.8911
  86        0.9286
  87        0.9331
  88        0.9331
  89        0.9555
  90        0.9555
  91        0.9571
  92        0.9759
  93        0.9976
  94        0.9976
  95        1.0750
  96        1.0750
  97        1.0815
  98        1.0832
  99        1.0941
 100        1.0941
 101        1.2274
 102        1.2274
 103        1.2423
 104        1.2423
 105        1.2535
 106        1.2535
 107        1.3349
 108        1.3862
 109        1.3862
 110        1.3867
 111        1.3867
 112        1.4167
 113        1.4167
 114        1.5338
 115        1.5701
 116        1.5701
 117        1.6509
 118        1.6729
 119        1.6729
 120        1.7128
 121        1.9378
 122        2.0466
 123        2.0466
 124        2.0794
 125        2.0836
 126        2.0836
 127        2.1278
 128        2.1278
 129        2.2074
 130        2.2074
 131        2.2091
 132        2.2091
 133        2.2279
 134        2.2424
 135        2.2708
 136        2.2708
 137        2.3151
 138        2.3151
 139        2.3656
 140        2.4952
 141        2.5028
 142        2.6089
 143        2.6689
 144        2.6689
 145        2.8430
 146        2.8430
 147        2.8771
 148        2.9073
 149        2.9073
 150        2.9158
 151        2.9158
 152        2.9212
 153        2.9212
 154        2.9268
 155        2.9268
 156        2.9285
 157        2.9285
 158        2.9447
 159        2.9590
 160        2.9590
 161        2.9660
 162        2.9660
 163        2.9699
 164        2.9699
 165        3.0054
 166        3.0228
 167        3.0228
 168        3.0353
 169        3.6654
 170        3.9778
 171        3.9778
 172        4.1752
 173        4.6031
 174        4.6031
 175        5.0738
 176        5.0738
 177        5.3673
 178        5.3673
 179        5.8548
 180        5.8548
 181        6.3750
 182        6.3750
 183        6.6133
 184        6.6133
 185        7.2887
 186        7.2887
 187        7.6190
 188        7.6190
 189        7.8217
 190        7.9424
 191        7.9424
 192        8.1904
 193        8.1904
 194        8.2393
 195        8.3618
 196        8.3618
 197        8.7992
 198        8.7992
 199        9.1817
 200        9.2040
 201        9.2040
 202        9.4202
 203        9.4202
 204        9.8297
 205       10.9016
 206       11.7221
 207       11.7448
 208       11.8214
 209       11.9279
 210       12.2745
 211       12.4006
 212       12.4918
 
  0.3125000E+00  0.3125000E+00  0.3125000E+00  0.1562500E-01
   1       -3.4653
   2       -2.6009
   3       -2.6009
   4       -2.6009
   5       -2.0100
   6       -2.0100
   7       -2.0100
   8       -1.9265
   9       -1.3080
  10       -1.3080
  11       -1.3080
  12       -1.2247
  13       -1.2247
  14       -1.2247
  15       -1.1426
  16       -1.1426
  17       -1.1426
  18       -0.9425
  19       -0.9425
  20       -0.9425
  21       -0.9425
  22       -0.9425
  23       -0.9425
  24       -0.8645
  25       -0.8645
  26       -0.8645
  27       -0.8478
  28       -0.8478
  29       -0.8478
  30       -0.8306
  31       -0.8306
  32       -0.8306
  33       -0.8306
  34       -0.8306
  35       -0.8306
  36       -0.5226
  37       -0.5226
  38       -0.5226
  39       -0.3211
  40       -0.3211
  41       -0.3211
  42       -0.3211
  43       -0.3211
  44       -0.3211
  45        0.0205
  46        0.0205
  47        0.0205
  48        0.0635
  49        0.0635
  50        0.0635
  51        0.0635
  52        0.0635
  53        0.0635
  54        0.1461
  55        0.1461
  56        0.1461
  57        0.2486
  58        0.2486
  59        0.2486
  60        0.3792
  61        0.3792
  62        0.3792
  63        0.3877
  64        0.4741
  65        0.4741
  66        0.4741
  67        0.4741
  68        0.4741
  69        0.4741
  70        0.6879
  71        0.6879
  72        0.7709
  73        0.7709
  74        0.8007
  75        0.8007
  76        0.8007
  77        0.8684
  78        0.8684
  79        0.8684
  80        0.8684
  81        0.8684
  82        0.8684
  83        0.8876
  84        0.8876
  85        0.8876
  86        0.9025
  87        0.9025
  88        0.9025
  89        0.9295
  90        0.9295
  91        0.9295
  92        0.9826
  93        0.9826
  94        0.9826
  95        0.9900
  96        0.9900
  97        0.9900
  98        0.9972
  99        0.9972
 100        0.9972
 101        1.3206
 102        1.3206
 103        1.3206
 104        1.4933
 105        1.5064
 106        1.5064
 107        1.5064
 108        1.5310
 109        1.5310
 110        1.5310
 111        1.5310
 112        1.5310
 113        1.5310
 114        1.7969
 115        1.7969
 116        1.7969
 117        1.7981
 118        1.7981
 119        1.7981
 120        1.8766
 121        1.8766
 122        1.8766
 123        1.8797
 124        1.8797
 125        1.8912
 126        1.8912
 127        1.8912
 128        1.9921
 129        1.9921
 130        1.9921
 131        1.9921
 132        1.9921
 133        1.9921
 134        2.2532
 135        2.2532
 136        2.2532
 137        2.3712
 138        2.3712
 139        2.3712
 140        2.5370
 141        2.5370
 142        2.7578
 143        2.7578
 144        2.7578
 145        2.8021
 146        2.8021
 147        2.8021
 148        2.8021
 149        2.8021
 150        2.8021
 151        2.8052
 152        2.8052
 153        2.8052
 154        2.9643
 155        2.9643
 156        2.9643
 157        3.0096
 158        3.0096
 159        3.0096
 160        3.0096
 161        3.0096
 162        3.0096
 163        3.0393
 164        3.0393
 165        3.0393
 166        3.1439
 167        3.1439
 168        3.1439
 169        3.7438
 170        3.7438
 171        3.7438
 172        4.9451
 173        4.9451
 174        4.9451
 175        4.9451
 176        4.9451
 177        4.9451
 178        5.5557
 179        5.5557
 180        5.5557
 181        6.0846
 182        6.0846
 183        6.0846
 184        7.4371
 185        7.4371
 186        7.4371
 187        7.4371
 188        7.4371
 189        7.4371
 190        7.5134
 191        7.5134
 192        7.5134
 193        8.6429
 194        8.6429
 195        8.6429
 196        8.7775
 197        8.7775
 198        8.7775
 199        9.9176
 200        9.9176
 201        9.9176
 202        9.9176
 203        9.9177
 204        9.9184
 205       11.3061
 206       11.3061
 207       11.3062
 208       11.3065
 209       11.3492
 210       11.3922
 211       11.4179
 212       11.4351
 
  0.4375000E+00  0.3125000E+00  0.3125000E+00  0.4687500E-01
   1       -3.2385
   2       -2.9466
   3       -2.4405
   4       -2.4405
   5       -2.2397
   6       -2.2397
   7       -2.0019
   8       -1.9758
   9       -1.2157
  10       -1.2157
  11       -1.1719
  12       -1.1383
  13       -1.1327
  14       -1.1304
  15       -1.1304
  16       -1.0934
  17       -1.0934
  18       -1.0918
  19       -1.0918
  20       -1.0222
  21       -1.0222
  22       -0.9983
  23       -0.9983
  24       -0.9783
  25       -0.8597
  26       -0.8597
  27       -0.8553
  28       -0.8553
  29       -0.8547
  30       -0.8547
  31       -0.8239
  32       -0.8239
  33       -0.7723
  34       -0.6979
  35       -0.6979
  36       -0.6552
  37       -0.5064
  38       -0.5064
  39       -0.3336
  40       -0.3336
  41       -0.2298
  42       -0.2298
  43       -0.1885
  44       -0.1885
  45       -0.1180
  46       -0.1180
  47       -0.0998
  48       -0.0998
  49       -0.0655
  50       -0.0655
  51        0.0618
  52        0.1433
  53        0.1526
  54        0.1526
  55        0.2094
  56        0.2094
  57        0.2301
  58        0.2301
  59        0.2577
  60        0.3162
  61        0.3162
  62        0.3420
  63        0.5759
  64        0.5759
  65        0.5875
  66        0.5875
  67        0.6369
  68        0.7141
  69        0.7154
  70        0.7154
  71        0.7254
  72        0.7254
  73        0.7337
  74        0.7830
  75        0.7830
  76        0.8150
  77        0.8154
  78        0.8214
  79        0.8214
  80        0.8215
  81        0.8346
  82        0.8475
  83        0.8475
  84        0.8715
  85        0.8824
  86        0.8824
  87        0.8923
  88        0.8923
  89        0.8939
  90        0.9314
  91        0.9314
  92        0.9530
  93        0.9530
  94        1.0088
  95        1.0088
  96        1.0324
  97        1.1094
  98        1.1511
  99        1.1511
 100        1.1520
 101        1.1727
 102        1.1993
 103        1.1993
 104        1.2788
 105        1.3190
 106        1.3190
 107        1.3256
 108        1.5536
 109        1.5536
 110        1.5953
 111        1.6012
 112        1.6012
 113        1.6473
 114        1.6473
 115        1.6818
 116        1.6818
 117        1.7099
 118        1.7099
 119        1.7590
 120        1.8069
 121        1.8169
 122        1.8169
 123        1.8689
 124        1.8689
 125        1.8707
 126        1.8707
 127        1.8728
 128        1.8728
 129        1.9829
 130        1.9981
 131        2.1097
 132        2.1149
 133        2.1269
 134        2.1269
 135        2.1933
 136        2.2460
 137        2.2460
 138        2.3333
 139        2.3339
 140        2.3339
 141        2.5164
 142        2.5164
 143        2.5835
 144        2.6741
 145        2.8906
 146        2.8906
 147        2.8908
 148        2.8908
 149        2.9093
 150        2.9093
 151        2.9189
 152        2.9507
 153        2.9507
 154        2.9585
 155        2.9585
 156        2.9609
 157        2.9609
 158        2.9725
 159        2.9725
 160        3.0007
 161        3.0296
 162        3.0296
 163        3.0552
 164        3.0597
 165        3.0597
 166        3.1109
 167        3.1109
 168        3.1154
 169        4.1008
 170        4.1008
 171        4.4378
 172        4.5122
 173        4.5122
 174        5.0951
 175        5.0951
 176        5.2251
 177        5.3023
 178        5.3023
 179        5.7019
 180        5.7019
 181        6.5144
 182        6.5206
 183        6.5206
 184        6.5457
 185        6.5457
 186        6.9838
 187        6.9838
 188        7.5283
 189        7.7444
 190        7.7444
 191        7.8710
 192        7.9829
 193        7.9829
 194        8.2794
 195        8.4576
 196        8.4576
 197        9.0963
 198        9.0963
 199        9.5243
 200        9.5243
 201       10.2868
 202       10.2876
 203       10.3766
 204       10.3774
 205       10.3936
 206       10.3946
 207       10.7583
 208       10.7674
 209       10.9089
 210       10.9268
 211       12.0375
 212       12.2053
 
  0.4375000E+00  0.4375000E+00  0.3125000E+00  0.4687500E-01
   1       -3.0277
   2       -2.7577
   3       -2.7577
   4       -2.5182
   5       -2.3213
   6       -2.1727
   7       -2.1727
   8       -2.0845
   9       -1.1740
  10       -1.1110
  11       -1.1099
  12       -1.1099
  13       -1.0892
  14       -1.0892
  15       -1.0743
  16       -1.0657
  17       -1.0657
  18       -1.0651
  19       -1.0651
  20       -0.9817
  21       -0.9817
  22       -0.9719
  23       -0.9719
  24       -0.9707
  25       -0.9707
  26       -0.9706
  27       -0.9706
  28       -0.9425
  29       -0.9425
  30       -0.9346
  31       -0.8915
  32       -0.8915
  33       -0.6005
  34       -0.6005
  35       -0.5261
  36       -0.4754
  37       -0.4754
  38       -0.4066
  39       -0.4066
  40       -0.3436
  41       -0.3436
  42       -0.2739
  43       -0.2739
  44       -0.1835
  45       -0.1282
  46       -0.1074
  47       -0.1074
  48       -0.0056
  49       -0.0056
  50        0.0091
  51        0.0091
  52        0.0597
  53        0.0597
  54        0.0897
  55        0.0897
  56        0.1706
  57        0.3008
  58        0.3008
  59        0.3246
  60        0.3392
  61        0.3774
  62        0.5390
  63        0.5390
  64        0.6691
  65        0.6691
  66        0.7156
  67        0.7260
  68        0.7499
  69        0.7499
  70        0.7680
  71        0.7680
  72        0.7790
  73        0.7988
  74        0.7988
  75        0.8065
  76        0.8065
  77        0.8167
  78        0.8218
  79        0.8363
  80        0.8365
  81        0.8417
  82        0.8417
  83        0.8493
  84        0.8547
  85        0.8571
  86        0.8571
  87        0.8825
  88        0.8825
  89        0.8870
  90        0.8923
  91        0.9165
  92        0.9165
  93        0.9583
  94        0.9583
  95        0.9852
  96        0.9852
  97        1.0079
  98        1.0266
  99        1.0266
 100        1.1213
 101        1.1213
 102        1.2335
 103        1.2976
 104        1.2976
 105        1.3000
 106        1.3000
 107        1.3658
 108        1.3918
 109        1.3918
 110        1.4707
 111        1.4707
 112        1.4879
 113        1.4879
 114        1.5071
 115        1.6593
 116        1.6593
 117        1.7731
 118        1.7929
 119        1.7929
 120        1.8137
 121        1.8137
 122        1.8233
 123        1.8280
 124        1.8787
 125        1.8787
 126        1.9351
 127        1.9351
 128        1.9751
 129        1.9751
 130        2.0298
 131        2.0314
 132        2.0698
 133        2.0722
 134        2.0722
 135        2.0878
 136        2.0878
 137        2.1658
 138        2.1658
 139        2.2746
 140        2.3151
 141        2.3251
 142        2.4219
 143        2.4493
 144        2.4493
 145        2.9641
 146        2.9741
 147        2.9741
 148        2.9883
 149        2.9883
 150        2.9944
 151        2.9944
 152        2.9960
 153        2.9960
 154        3.0193
 155        3.0193
 156        3.0243
 157        3.0243
 158        3.0248
 159        3.0248
 160        3.0358
 161        3.0399
 162        3.0399
 163        3.0475
 164        3.0475
 165        3.0594
 166        3.0809
 167        3.0963
 168        3.0963
 169        4.3573
 170        4.7001
 171        4.7001
 172        4.8245
 173        4.8245
 174        4.9683
 175        5.2547
 176        5.2547
 177        5.6391
 178        5.6391
 179        5.9325
 180        5.9325
 181        6.0882
 182        6.0882
 183        6.2152
 184        6.2152
 185        6.8394
 186        6.8394
 187        6.9052
 188        7.1907
 189        7.1907
 190        7.3276
 191        7.3276
 192        7.7092
 193        8.5573
 194        8.5573
 195        8.9530
 196        8.9965
 197        8.9965
 198        9.3870
 199        9.3872
 200        9.6482
 201        9.6483
 202        9.8369
 203        9.8382
 204       10.2696
 205       10.2865
 206       10.8799
 207       10.9288
 208       11.1450
 209       11.3668
 210       11.4674
 211       11.6423
 212       11.9090
 
  0.4375000E+00  0.4375000E+00  0.4375000E+00  0.1562500E-01
   1       -2.8390
   2       -2.5996
   3       -2.5996
   4       -2.5996
   5       -2.4011
   6       -2.4011
   7       -2.4011
   8       -2.2543
   9       -1.0571
  10       -1.0571
  11       -1.0571
  12       -1.0534
  13       -1.0534
  14       -1.0534
  15       -1.0529
  16       -1.0529
  17       -1.0529
  18       -1.0229
  19       -1.0229
  20       -1.0229
  21       -1.0229
  22       -1.0229
  23       -1.0229
  24       -0.9857
  25       -0.9857
  26       -0.9857
  27       -0.9857
  28       -0.9857
  29       -0.9857
  30       -0.9741
  31       -0.9741
  32       -0.9741
  33       -0.4231
  34       -0.4231
  35       -0.4231
  36       -0.2876
  37       -0.2876
  38       -0.2876
  39       -0.2429
  40       -0.2429
  41       -0.2429
  42       -0.2429
  43       -0.2429
  44       -0.2429
  45       -0.1065
  46       -0.1065
  47       -0.1065
  48       -0.1065
  49       -0.1065
  50       -0.1065
  51       -0.0961
  52       -0.0961
  53       -0.0961
  54        0.0247
  55        0.0247
  56        0.0247
  57        0.3824
  58        0.3983
  59        0.3983
  60        0.3983
  61        0.4895
  62        0.4895
  63        0.4895
  64        0.6774
  65        0.7863
  66        0.7863
  67        0.7997
  68        0.7997
  69        0.7997
  70        0.7997
  71        0.7997
  72        0.7997
  73        0.8212
  74        0.8212
  75        0.8212
  76        0.8255
  77        0.8255
  78        0.8255
  79        0.8305
  80        0.8305
  81        0.8336
  82        0.8336
  83        0.8336
  84        0.8457
  85        0.8457
  86        0.8457
  87        0.8589
  88        0.8589
  89        0.8589
  90        0.9179
  91        0.9179
  92        0.9179
  93        0.9263
  94        0.9263
  95        0.9263
  96        0.9596
  97        0.9596
  98        0.9596
  99        0.9596
 100        0.9596
 101        0.9596
 102        1.1487
 103        1.1487
 104        1.1487
 105        1.4046
 106        1.4046
 107        1.4046
 108        1.5720
 109        1.5720
 110        1.5720
 111        1.5720
 112        1.5720
 113        1.5720
 114        1.5885
 115        1.5885
 116        1.5885
 117        1.6934
 118        1.6934
 119        1.6934
 120        1.7578
 121        1.7578
 122        1.7578
 123        1.7578
 124        1.7578
 125        1.7578
 126        1.8852
 127        1.8852
 128        1.8852
 129        1.9586
 130        1.9586
 131        1.9586
 132        1.9773
 133        1.9773
 134        2.0188
 135        2.0188
 136        2.0188
 137        2.1466
 138        2.1466
 139        2.1466
 140        2.2220
 141        2.2220
 142        2.2566
 143        2.2566
 144        2.2566
 145        3.0339
 146        3.0339
 147        3.0339
 148        3.0612
 149        3.0612
 150        3.0612
 151        3.0612
 152        3.0612
 153        3.0612
 154        3.0622
 155        3.0622
 156        3.0622
 157        3.0622
 158        3.0622
 159        3.0622
 160        3.0683
 161        3.0683
 162        3.0683
 163        3.0891
 164        3.0891
 165        3.0891
 166        3.1030
 167        3.1030
 168        3.1030
 169        5.1394
 170        5.1394
 171        5.1394
 172        5.5169
 173        5.5169
 174        5.5169
 175        5.5169
 176        5.5169
 177        5.5169
 178        5.8434
 179        5.8434
 180        5.8434
 181        5.9966
 182        5.9966
 183        5.9966
 184        6.4047
 185        6.4047
 186        6.4047
 187        6.4047
 188        6.4047
 189        6.4047
 190        6.7787
 191        6.7787
 192        6.7787
 193        9.2621
 194        9.2626
 195        9.2630
 196        9.7278
 197        9.7288
 198        9.7317
 199       10.0408
 200       10.0408
 201       10.0423
 202       10.0435
 203       10.0612
 204       10.1369
 205       10.5411
 206       10.5411
 207       10.5521
 208       10.5750
 209       10.6781
 210       10.7354
 211       10.9808
 212       11.2753
