  108  108  100    1
  0.1240280E+02  0.1102337E-08  0.1102337E-08  0.1102337E-08  0.5000000E-15
  1.000000000000000E-004
  CAR 
 No title                                
 1188    1  712
 
  0.2500000E+00  0.2500000E+00  0.2500000E+00  0.1000000E+01
   1       -5.3571
   2       -4.7208
   3       -4.7208
   4       -4.7208
   5       -4.1108
   6       -4.1108
   7       -4.1108
   8       -3.5465
   9       -3.5240
  10       -3.5240
  11       -3.5240
  12       -2.9801
  13       -2.9801
  14       -2.9801
  15       -2.9801
  16       -2.9801
  17       -2.9801
  18       -2.5387
  19       -2.5387
  20       -2.5387
  21       -2.0773
  22       -2.0773
  23       -2.0773
  24       -2.0307
  25       -2.0307
  26       -2.0307
  27       -1.8503
  28       -1.8503
  29       -1.8503
  30       -1.6581
  31       -1.6581
  32       -1.6581
  33       -1.6581
  34       -1.6581
  35       -1.6581
  36       -1.6118
  37       -1.4509
  38       -1.4509
  39       -1.4509
  40       -1.3369
  41       -1.3369
  42       -1.3369
  43       -1.2703
  44       -1.2703
  45       -1.2703
  46       -1.2148
  47       -1.2148
  48       -1.2148
  49       -1.2148
  50       -1.2148
  51       -1.2148
  52       -1.1686
  53       -1.1686
  54       -1.1686
  55       -1.0542
  56       -1.0542
  57       -1.0542
  58       -1.0542
  59       -1.0542
  60       -1.0542
  61       -0.9936
  62       -0.9936
  63       -0.9936
  64       -0.9578
  65       -0.9578
  66       -0.9578
  67       -0.9578
  68       -0.9578
  69       -0.9578
  70       -0.9046
  71       -0.9046
  72       -0.9046
  73       -0.9046
  74       -0.9046
  75       -0.9046
  76       -0.8336
  77       -0.8336
  78       -0.8336
  79       -0.7592
  80       -0.7592
  81       -0.7592
  82       -0.7394
  83       -0.7394
  84       -0.7394
  85       -0.7394
  86       -0.7394
  87       -0.7394
  88       -0.7052
  89       -0.7052
  90       -0.7052
  91       -0.6363
  92       -0.6363
  93       -0.6363
  94       -0.6052
  95       -0.6052
  96       -0.6052
  97       -0.5902
  98       -0.5902
  99       -0.5902
 100       -0.5902
 101       -0.5902
 102       -0.5902
 103       -0.5594
 104       -0.5594
 105       -0.5594
 106       -0.5594
 107       -0.5594
 108       -0.5594
 109       -0.5325
 110       -0.5325
 111       -0.5325
 112       -0.5325
 113       -0.5325
 114       -0.5325
 115       -0.4689
 116       -0.4689
 117       -0.4689
 118       -0.4564
 119       -0.4564
 120       -0.4564
 121       -0.4564
 122       -0.4564
 123       -0.4564
 124       -0.4322
 125       -0.4322
 126       -0.4322
 127       -0.4322
 128       -0.4322
 129       -0.4322
 130       -0.3342
 131       -0.3342
 132       -0.3342
 133       -0.3067
 134       -0.3067
 135       -0.3067
 136       -0.3067
 137       -0.3067
 138       -0.3067
 139       -0.2948
 140       -0.2948
 141       -0.2948
 142       -0.2628
 143       -0.2628
 144       -0.2628
 145       -0.2628
 146       -0.2628
 147       -0.2628
 148       -0.2240
 149       -0.2240
 150       -0.2240
 151       -0.2240
 152       -0.2240
 153       -0.2240
 154       -0.2085
 155       -0.2085
 156       -0.2085
 157       -0.2085
 158       -0.2085
 159       -0.2085
 160       -0.0867
 161       -0.0867
 162       -0.0867
 163       -0.0867
 164       -0.0867
 165       -0.0867
 166       -0.0291
 167       -0.0291
 168       -0.0291
 169       -0.0150
 170       -0.0150
 171       -0.0150
 172       -0.0072
 173       -0.0072
 174       -0.0072
 175       -0.0072
 176       -0.0072
 177       -0.0072
 178       -0.0004
 179       -0.0004
 180       -0.0004
 181        0.0253
 182        0.0253
 183        0.0253
 184        0.0253
 185        0.0253
 186        0.0253
 187        0.0519
 188        0.0519
 189        0.0519
 190        0.1160
 191        0.1160
 192        0.1160
 193        0.1160
 194        0.1160
 195        0.1160
 196        0.1520
 197        0.1520
 198        0.1520
 199        0.1782
 200        0.1782
 201        0.1782
 202        0.1782
 203        0.1782
 204        0.1782
 205        0.1981
 206        0.1981
 207        0.1981
 208        0.2093
 209        0.2093
 210        0.2093
 211        0.2099
 212        0.2099
 213        0.2099
 214        0.2388
 215        0.2433
 216        0.2433
 217        0.2433
 218        0.2433
 219        0.2433
 220        0.2433
 221        0.2653
 222        0.2653
 223        0.2653
 224        0.2734
 225        0.2734
 226        0.2734
 227        0.2734
 228        0.2734
 229        0.2734
 230        0.2797
 231        0.2797
 232        0.2797
 233        0.2797
 234        0.2797
 235        0.2797
 236        0.3607
 237        0.3607
 238        0.3607
 239        0.3971
 240        0.3971
 241        0.3971
 242        0.4046
 243        0.4046
 244        0.4046
 245        0.4046
 246        0.4046
 247        0.4046
 248        0.4091
 249        0.4091
 250        0.4091
 251        0.4091
 252        0.4091
 253        0.4091
 254        0.4174
 255        0.4275
 256        0.4275
 257        0.4275
 258        0.4648
 259        0.4648
 260        0.4648
 261        0.4684
 262        0.4684
 263        0.4990
 264        0.4990
 265        0.4990
 266        0.5084
 267        0.5084
 268        0.5121
 269        0.5121
 270        0.5121
 271        0.5168
 272        0.5168
 273        0.5168
 274        0.5272
 275        0.5272
 276        0.5272
 277        0.5303
 278        0.5303
 279        0.5303
 280        0.5303
 281        0.5303
 282        0.5303
 283        0.5532
 284        0.5532
 285        0.5532
 286        0.5532
 287        0.5532
 288        0.5532
 289        0.5777
 290        0.5777
 291        0.5777
 292        0.6119
 293        0.6119
 294        0.6119
 295        0.6119
 296        0.6119
 297        0.6119
 298        0.6121
 299        0.6121
 300        0.6261
 301        0.6261
 302        0.6261
 303        0.6266
 304        0.6266
 305        0.6266
 306        0.6318
 307        0.6318
 308        0.6318
 309        0.6440
 310        0.6440
 311        0.6440
 312        0.6483
 313        0.6483
 314        0.6483
 315        0.6767
 316        0.6767
 317        0.6767
 318        0.6896
 319        0.6896
 320        0.6896
 321        0.6976
 322        0.6976
 323        0.6976
 324        0.6976
 325        0.6976
 326        0.6976
 327        0.7063
 328        0.7063
 329        0.7063
 330        0.7070
 331        0.7070
 332        0.7070
 333        0.7252
 334        0.7252
 335        0.7252
 336        0.8081
 337        0.8081
 338        0.8081
 339        0.8111
 340        0.8111
 341        0.8111
 342        0.8273
 343        0.8273
 344        0.8273
 345        0.8273
 346        0.8273
 347        0.8273
 348        0.8660
 349        0.8660
 350        0.8660
 351        0.9114
 352        0.9114
 353        0.9114
 354        0.9114
 355        0.9114
 356        0.9114
 357        0.9550
 358        0.9550
 359        0.9550
 360        0.9550
 361        0.9550
 362        0.9550
 363        0.9585
 364        0.9585
 365        0.9585
 366        0.9629
 367        0.9629
 368        0.9629
 369        0.9629
 370        0.9629
 371        0.9629
 372        1.0607
 373        1.0607
 374        1.0607
 375        1.0794
 376        1.0794
 377        1.0794
 378        1.0794
 379        1.0794
 380        1.0794
 381        1.0802
 382        1.0802
 383        1.0802
 384        1.0847
 385        1.0847
 386        1.0847
 387        1.0849
 388        1.0849
 389        1.0849
 390        1.1296
 391        1.1296
 392        1.1296
 393        1.1296
 394        1.1296
 395        1.1296
 396        1.1480
 397        1.1480
 398        1.1480
 399        1.1480
 400        1.1480
 401        1.1480
 402        1.1516
 403        1.1516
 404        1.1516
 405        1.1642
 406        1.1642
 407        1.1642
 408        1.1741
 409        1.1741
 410        1.1741
 411        1.1741
 412        1.1741
 413        1.1741
 414        1.1744
 415        1.1744
 416        1.1744
 417        1.2162
 418        1.2162
 419        1.2410
 420        1.2410
 421        1.2410
 422        1.2410
 423        1.2410
 424        1.2410
 425        1.2413
 426        1.2413
 427        1.2413
 428        1.2976
 429        1.2976
 430        1.2976
 431        1.3063
 432        1.3063
 433        1.3063
 434        1.3081
 435        1.3081
 436        1.3592
 437        1.3592
 438        1.3592
 439        1.3592
 440        1.3592
 441        1.3592
 442        1.3747
 443        1.3747
 444        1.3747
 445        1.3844
 446        1.3844
 447        1.3844
 448        1.3844
 449        1.3844
 450        1.3844
 451        1.4388
 452        1.4388
 453        1.4388
 454        1.4592
 455        1.4592
 456        1.4592
 457        1.4616
 458        1.4616
 459        1.4616
 460        1.4733
 461        1.4733
 462        1.4733
 463        1.4733
 464        1.4733
 465        1.4733
 466        1.4783
 467        1.4783
 468        1.4783
 469        1.4843
 470        1.4843
 471        1.4843
 472        1.4893
 473        1.4893
 474        1.4893
 475        1.4893
 476        1.4893
 477        1.4893
 478        1.5352
 479        1.5352
 480        1.5352
 481        1.5364
 482        1.5546
 483        1.5546
 484        1.5546
 485        1.6020
 486        1.6020
 487        1.6020
 488        1.6102
 489        1.6102
 490        1.6102
 491        1.6471
 492        1.6471
 493        1.6471
 494        1.6471
 495        1.6471
 496        1.6471
 497        1.6478
 498        1.6478
 499        1.6478
 500        1.6478
 501        1.6478
 502        1.6478
 503        1.6541
 504        1.6541
 505        1.6541
 506        1.6541
 507        1.6541
 508        1.6541
 509        1.6573
 510        1.6573
 511        1.6573
 512        1.6573
 513        1.6573
 514        1.6573
 515        1.6632
 516        1.6632
 517        1.6632
 518        1.6660
 519        1.6660
 520        1.6660
 521        1.6840
 522        1.6840
 523        1.7079
 524        1.7079
 525        1.7079
 526        1.7079
 527        1.7079
 528        1.7079
 529        1.7221
 530        1.7221
 531        1.7221
 532        1.7221
 533        1.7221
 534        1.7221
 535        1.7266
 536        1.7266
 537        1.7266
 538        1.7354
 539        1.7354
 540        1.7354
 541        1.7496
 542        1.7496
 543        1.7496
 544        1.7603
 545        1.7603
 546        1.7603
 547        1.7925
 548        1.7925
 549        1.7925
 550        1.8243
 551        1.8243
 552        1.8243
 553        1.8243
 554        1.8243
 555        1.8243
 556        1.8309
 557        1.8309
 558        1.8309
 559        1.8309
 560        1.8309
 561        1.8309
 562        1.8507
 563        1.8507
 564        1.8507
 565        1.9858
 566        1.9858
 567        1.9858
 568        2.1451
 569        2.1451
 570        2.1451
 571        2.1998
 572        2.1998
 573        2.1998
 574        2.1998
 575        2.1998
 576        2.1998
 577        2.3893
 578        2.3893
 579        2.3893
 580        2.6917
 581        2.6917
 582        2.6917
 583        3.0861
 584        3.0861
 585        3.0861
 586        3.0861
 587        3.0861
 588        3.0861
 589        3.1096
 590        3.1096
 591        3.1096
 592        3.1096
 593        3.1096
 594        3.1096
 595        3.1444
 596        3.1444
 597        3.1444
 598        3.6582
 599        3.6582
 600        3.6582
 601        3.6582
 602        3.6582
 603        3.6582
 604        4.2712
 605        4.2712
 606        4.2712
 607        4.3624
 608        4.3624
 609        4.3624
 610        4.4894
 611        4.4894
 612        4.4894
 613        4.7937
 614        4.7937
 615        4.7937
 616        4.9643
 617        4.9643
 618        4.9643
 619        4.9643
 620        4.9643
 621        4.9643
 622        5.1964
 623        5.1964
 624        5.1964
 625        5.1964
 626        5.1964
 627        5.1964
 628        5.9444
 629        5.9444
 630        5.9444
 631        5.9444
 632        5.9444
 633        5.9444
 634        6.6437
 635        6.6437
 636        6.6437
 637        6.6437
 638        6.6437
 639        6.6437
 640        6.8331
 641        6.8331
 642        6.8331
 643        7.1925
 644        7.1925
 645        7.1925
 646        7.4743
 647        7.4743
 648        7.4743
 649        7.5944
 650        7.5944
 651        7.5944
 652        7.5944
 653        7.5944
 654        7.5944
 655        7.8029
 656        7.8029
 657        7.8029
 658        7.8029
 659        7.8029
 660        7.8029
 661        8.5023
 662        8.5023
 663        8.5023
 664        8.5023
 665        8.5023
 666        8.5023
 667        8.5215
 668        8.9463
 669        8.9463
 670        8.9463
 671        8.9463
 672        8.9463
 673        8.9463
 674        9.1017
 675        9.1017
 676        9.1017
 677        9.6261
 678        9.6261
 679        9.6261
 680        9.6261
 681        9.6261
 682        9.6261
 683        9.8495
 684        9.8495
 685        9.8495
 686        9.8581
 687        9.8581
 688        9.8581
 689       10.3703
 690       10.3703
 691       10.3703
 692       10.3703
 693       10.3703
 694       10.3703
 695       10.7199
 696       10.7199
 697       10.7199
 698       10.9435
 699       10.9435
 700       10.9435
 701       11.1979
 702       11.1979
 703       11.1979
 704       11.3002
 705       11.3002
 706       11.3002
 707       11.3002
 708       11.3002
 709       11.3002
 710       11.7200
 711       11.7227
 712       11.7340
