   32   32  100    1
  0.1758057E+02  0.8255201E-09  0.8255201E-09  0.8255201E-09  0.5000000E-15
  1.000000000000000E-004
  CAR 
 No title                                
  352    1  212
 
  0.2500000E+00  0.2500000E+00  0.2500000E+00  0.1000000E+01
   1       -3.6487
   2       -2.4198
   3       -2.4198
   4       -2.4198
   5       -1.7324
   6       -1.6189
   7       -1.6189
   8       -1.6189
   9       -1.3282
  10       -1.3282
  11       -1.3282
  12       -1.1902
  13       -1.1902
  14       -1.1902
  15       -1.0871
  16       -1.0871
  17       -1.0871
  18       -0.8730
  19       -0.8730
  20       -0.8730
  21       -0.7094
  22       -0.7094
  23       -0.7094
  24       -0.7094
  25       -0.7094
  26       -0.7094
  27       -0.6016
  28       -0.6016
  29       -0.6016
  30       -0.5614
  31       -0.5614
  32       -0.5614
  33       -0.5614
  34       -0.5614
  35       -0.5614
  36       -0.4194
  37       -0.4194
  38       -0.4194
  39       -0.1387
  40       -0.1387
  41       -0.1387
  42       -0.1387
  43       -0.1387
  44       -0.1387
  45        0.2221
  46        0.2221
  47        0.2221
  48        0.2724
  49        0.2724
  50        0.2724
  51        0.3573
  52        0.3573
  53        0.3573
  54        0.3573
  55        0.3573
  56        0.3573
  57        0.5134
  58        0.5134
  59        0.5134
  60        0.5519
  61        0.5519
  62        0.5519
  63        0.5519
  64        0.5519
  65        0.5519
  66        0.5599
  67        0.5599
  68        0.5599
  69        0.6705
  70        0.8835
  71        0.8835
  72        0.9681
  73        0.9681
  74        0.9976
  75        0.9976
  76        0.9976
  77        1.0106
  78        1.0106
  79        1.0106
  80        1.0106
  81        1.0106
  82        1.0106
  83        1.0660
  84        1.0660
  85        1.0660
  86        1.0894
  87        1.0894
  88        1.0894
  89        1.1856
  90        1.1856
  91        1.1856
  92        1.2882
  93        1.2882
  94        1.2882
  95        1.2922
  96        1.2922
  97        1.2922
  98        1.3762
  99        1.3762
 100        1.3762
 101        1.7662
 102        1.7662
 103        1.7662
 104        1.8049
 105        1.8049
 106        1.8049
 107        1.8049
 108        1.8049
 109        1.8049
 110        1.9718
 111        1.9718
 112        1.9718
 113        2.0408
 114        2.0408
 115        2.0408
 116        2.1490
 117        2.1490
 118        2.1490
 119        2.1496
 120        2.1496
 121        2.1496
 122        2.1951
 123        2.1951
 124        2.3288
 125        2.3288
 126        2.3288
 127        2.3288
 128        2.3288
 129        2.3288
 130        2.3341
 131        2.6026
 132        2.6026
 133        2.6026
 134        2.6364
 135        2.6364
 136        2.6364
 137        2.9309
 138        2.9309
 139        2.9309
 140        2.9309
 141        2.9309
 142        2.9309
 143        2.9412
 144        2.9412
 145        2.9412
 146        3.0035
 147        3.0035
 148        3.0035
 149        3.0496
 150        3.0496
 151        3.2236
 152        3.2236
 153        3.2236
 154        3.4133
 155        3.4133
 156        3.4133
 157        3.4334
 158        3.4334
 159        3.4334
 160        3.4334
 161        3.4334
 162        3.4334
 163        3.4504
 164        3.4504
 165        3.4504
 166        3.5023
 167        3.5023
 168        3.5023
 169        3.5631
 170        3.5631
 171        3.5631
 172        5.2086
 173        5.2086
 174        5.2086
 175        5.2086
 176        5.2086
 177        5.2086
 178        5.7045
 179        5.7045
 180        5.7045
 181        6.5098
 182        6.5098
 183        6.5098
 184        7.2339
 185        7.2339
 186        7.2339
 187        8.4400
 188        8.4400
 189        8.4400
 190        8.4400
 191        8.4400
 192        8.4400
 193        8.9146
 194        8.9146
 195        8.9146
 196       10.1219
 197       10.1219
 198       10.1219
 199       10.4872
 200       10.4872
 201       10.4872
 202       10.4872
 203       10.4872
 204       10.4872
 205       11.5040
 206       11.8954
 207       11.8954
 208       11.8955
 209       12.2799
 210       12.2799
 211       12.2799
 212       12.2799
