   32   32    1    1
  0.1758057E+02  0.8255201E-09  0.8255201E-09  0.8255201E-09  0.5000000E-15
  1.000000000000000E-004
  CAR 
 No title                                
  352    6  212
 
  0.0000000E+00  0.0000000E+00  0.0000000E+00  0.3703704E-01
   1       -4.1714
   2       -1.8185
   3       -1.8117
   4       -1.8116
   5       -1.8116
   6       -1.8116
   7       -1.8050
   8       -1.7116
   9       -1.7115
  10       -1.7115
  11       -1.7115
  12       -1.4690
  13       -1.4689
  14       -1.4688
  15       -1.1780
  16       -1.1779
  17       -1.1779
  18       -0.5337
  19       -0.5308
  20       -0.5308
  21       -0.5270
  22       -0.5267
  23       -0.5265
  24       -0.5265
  25       -0.5265
  26       -0.5261
  27       -0.5225
  28       -0.5225
  29       -0.5194
  30       -0.4179
  31       -0.4133
  32       -0.4132
  33       -0.4132
  34       -0.4132
  35       -0.4087
  36       -0.2867
  37       -0.2820
  38       -0.2820
  39       -0.2820
  40       -0.2819
  41       -0.2773
  42        0.2747
  43        0.2807
  44        0.2807
  45        0.2835
  46        0.2836
  47        0.2836
  48        0.2836
  49        0.2836
  50        0.2837
  51        0.2859
  52        0.2859
  53        0.2913
  54        0.3453
  55        0.3453
  56        0.3501
  57        0.3501
  58        0.3501
  59        0.3501
  60        0.3501
  61        0.3503
  62        0.3503
  63        0.3512
  64        0.3555
  65        0.3555
  66        0.6100
  67        0.6181
  68        0.6182
  69        0.6182
  70        0.6188
  71        0.6188
  72        0.6188
  73        0.6189
  74        0.6193
  75        0.6194
  76        0.6194
  77        0.6273
  78        0.7464
  79        0.7465
  80        0.7465
  81        0.7467
  82        0.7467
  83        0.7467
  84        0.7468
  85        0.7470
  86        0.7790
  87        0.7790
  88        0.7790
  89        1.4587
  90        1.4631
  91        1.4634
  92        1.4634
  93        1.4635
  94        1.4681
  95        1.6531
  96        1.6550
  97        1.6576
  98        1.6576
  99        1.6589
 100        1.6589
 101        1.6589
 102        1.6589
 103        1.6601
 104        1.6601
 105        1.6632
 106        1.6643
 107        1.9486
 108        1.9486
 109        1.9545
 110        1.9545
 111        1.9548
 112        1.9550
 113        1.9550
 114        1.9550
 115        1.9553
 116        1.9553
 117        1.9608
 118        1.9608
 119        2.0904
 120        2.0944
 121        2.0945
 122        2.0945
 123        2.0946
 124        2.0985
 125        2.2078
 126        2.2078
 127        2.2119
 128        2.2134
 129        2.2142
 130        2.2143
 131        2.2143
 132        2.2144
 133        2.2146
 134        2.2153
 135        2.2176
 136        2.2203
 137        2.2214
 138        2.2214
 139        2.7399
 140        2.7427
 141        2.7428
 142        2.7428
 143        2.7428
 144        2.7456
 145        3.3122
 146        3.3122
 147        3.3123
 148        3.3539
 149        3.3540
 150        3.3540
 151        3.3541
 152        3.3541
 153        3.3541
 154        3.3541
 155        3.3541
 156        3.6567
 157        3.6578
 158        3.6579
 159        3.6579
 160        3.6580
 161        3.6580
 162        3.6595
 163        3.6596
 164        3.6596
 165        3.6597
 166        3.6597
 167        3.6607
 168        4.5312
 169        4.5313
 170        4.5313
 171        4.5314
 172        5.0167
 173        5.0177
 174        5.0177
 175        5.0192
 176        5.0202
 177        5.0202
 178        5.0202
 179        5.0202
 180        5.0214
 181        5.0229
 182        5.0229
 183        5.0239
 184        6.4728
 185        6.4728
 186        6.4730
 187        8.2825
 188        8.2825
 189        8.2825
 190        8.2826
 191       10.0148
 192       10.0153
 193       10.0155
 194       10.0155
 195       10.0155
 196       10.0161
 197       10.9288
 198       10.9290
 199       10.9291
 200       11.5703
 201       11.5703
 202       11.5768
 203       11.5768
 204       11.5778
 205       11.5778
 206       11.5779
 207       11.5782
 208       11.5788
 209       11.5788
 210       11.5853
 211       11.5853
 212       13.8127
 
  0.3333333E+00  0.0000000E+00  0.8271806E-24  0.7407407E-01
   1       -3.8578
   2       -2.9722
   3       -1.5900
   4       -1.5898
   5       -1.5898
   6       -1.5898
   7       -1.5359
   8       -1.5359
   9       -1.5359
  10       -1.5359
  11       -1.3700
  12       -1.2658
  13       -1.2653
  14       -1.2553
  15       -1.0655
  16       -1.0411
  17       -1.0411
  18       -1.0400
  19       -1.0397
  20       -1.0376
  21       -1.0372
  22       -1.0365
  23       -1.0365
  24       -1.0053
  25       -1.0053
  26       -0.7595
  27       -0.7594
  28       -0.7467
  29       -0.4919
  30       -0.4919
  31       -0.2729
  32       -0.2725
  33       -0.2725
  34       -0.2725
  35       -0.2183
  36       -0.2183
  37       -0.2183
  38       -0.2181
  39       -0.1879
  40       -0.1879
  41       -0.1879
  42       -0.1877
  43        0.0492
  44        0.0493
  45        0.0493
  46        0.0494
  47        0.2044
  48        0.2045
  49        0.2045
  50        0.2045
  51        0.2232
  52        0.2525
  53        0.2526
  54        0.2526
  55        0.2527
  56        0.3623
  57        0.3647
  58        0.3647
  59        0.3649
  60        0.3747
  61        0.3749
  62        0.3749
  63        0.3774
  64        0.5274
  65        0.5274
  66        0.5275
  67        0.5275
  68        0.6245
  69        0.6776
  70        0.6777
  71        0.6777
  72        0.6778
  73        0.7055
  74        0.7057
  75        0.7057
  76        0.7060
  77        0.8871
  78        0.8872
  79        0.8872
  80        0.8875
  81        0.9182
  82        0.9182
  83        1.0368
  84        1.0369
  85        1.0370
  86        1.0370
  87        1.2288
  88        1.2288
  89        1.2288
  90        1.2289
  91        1.2754
  92        1.2755
  93        1.2755
  94        1.2756
  95        1.3246
  96        1.3246
  97        1.4864
  98        1.4864
  99        1.6634
 100        1.8755
 101        1.8756
 102        1.8757
 103        1.8757
 104        1.9498
 105        1.9498
 106        1.9498
 107        1.9500
 108        1.9808
 109        1.9808
 110        1.9808
 111        1.9809
 112        1.9861
 113        1.9861
 114        1.9862
 115        1.9862
 116        2.0539
 117        2.1317
 118        2.1319
 119        2.1321
 120        2.1321
 121        2.1483
 122        2.1483
 123        2.1485
 124        2.1486
 125        2.2854
 126        2.4636
 127        2.4745
 128        2.4790
 129        2.4790
 130        2.4790
 131        2.4790
 132        2.4899
 133        2.4900
 134        2.6533
 135        2.6533
 136        2.6533
 137        2.6535
 138        2.7074
 139        2.7074
 140        2.7388
 141        2.7388
 142        2.7388
 143        2.7389
 144        2.8033
 145        2.8033
 146        3.0213
 147        3.0469
 148        3.0471
 149        3.0471
 150        3.0471
 151        3.0763
 152        3.0766
 153        3.1552
 154        3.1552
 155        3.1552
 156        3.1554
 157        3.2330
 158        3.3628
 159        3.3628
 160        3.3628
 161        3.3628
 162        3.3765
 163        3.3765
 164        3.6569
 165        3.6582
 166        3.6591
 167        3.6606
 168        3.9374
 169        3.9374
 170        3.9374
 171        3.9375
 172        4.7218
 173        4.8432
 174        4.8432
 175        4.8432
 176        4.8432
 177        4.9960
 178        4.9960
 179        4.9960
 180        4.9962
 181        6.4371
 182        6.4371
 183        6.4372
 184        6.4372
 185        7.5477
 186        7.5477
 187        8.4102
 188        8.4102
 189        8.4102
 190        8.4102
 191        9.2465
 192        9.2465
 193        9.2465
 194        9.2465
 195        9.4955
 196        9.4955
 197       10.2178
 198       10.2178
 199       10.6746
 200       10.6747
 201       11.5318
 202       11.5319
 203       11.5319
 204       11.5319
 205       12.1069
 206       12.1069
 207       12.1069
 208       12.1070
 209       12.1424
 210       12.1424
 211       12.1424
 212       12.1424
 
  0.0000000E+00  0.3333333E+00  0.0000000E+00  0.1481481E+00
   1       -3.8578
   2       -2.9722
   3       -1.5951
   4       -1.5898
   5       -1.5898
   6       -1.5850
   7       -1.5363
   8       -1.5362
   9       -1.5356
  10       -1.5354
  11       -1.3700
  12       -1.2653
  13       -1.2652
  14       -1.2557
  15       -1.0654
  16       -1.0456
  17       -1.0414
  18       -1.0407
  19       -1.0384
  20       -1.0377
  21       -1.0370
  22       -1.0360
  23       -1.0331
  24       -1.0056
  25       -1.0053
  26       -0.7595
  27       -0.7594
  28       -0.7467
  29       -0.4920
  30       -0.4919
  31       -0.2758
  32       -0.2727
  33       -0.2725
  34       -0.2695
  35       -0.2212
  36       -0.2188
  37       -0.2183
  38       -0.2155
  39       -0.1915
  40       -0.1878
  41       -0.1877
  42       -0.1841
  43        0.0458
  44        0.0494
  45        0.0494
  46        0.0529
  47        0.2011
  48        0.2044
  49        0.2045
  50        0.2079
  51        0.2232
  52        0.2492
  53        0.2525
  54        0.2526
  55        0.2558
  56        0.3594
  57        0.3650
  58        0.3650
  59        0.3689
  60        0.3713
  61        0.3747
  62        0.3748
  63        0.3798
  64        0.5251
  65        0.5272
  66        0.5276
  67        0.5293
  68        0.6244
  69        0.6762
  70        0.6773
  71        0.6780
  72        0.6788
  73        0.7025
  74        0.7057
  75        0.7059
  76        0.7090
  77        0.8866
  78        0.8875
  79        0.8875
  80        0.8884
  81        0.9182
  82        0.9183
  83        1.0331
  84        1.0369
  85        1.0369
  86        1.0409
  87        1.2269
  88        1.2280
  89        1.2294
  90        1.2308
  91        1.2745
  92        1.2756
  93        1.2757
  94        1.2771
  95        1.3246
  96        1.3246
  97        1.4862
  98        1.4862
  99        1.6632
 100        1.8731
 101        1.8755
 102        1.8756
 103        1.8778
 104        1.9451
 105        1.9499
 106        1.9499
 107        1.9534
 108        1.9775
 109        1.9793
 110        1.9808
 111        1.9823
 112        1.9836
 113        1.9861
 114        1.9879
 115        1.9913
 116        2.0538
 117        2.1295
 118        2.1321
 119        2.1324
 120        2.1346
 121        2.1458
 122        2.1482
 123        2.1485
 124        2.1507
 125        2.2857
 126        2.4638
 127        2.4751
 128        2.4769
 129        2.4780
 130        2.4799
 131        2.4811
 132        2.4892
 133        2.4894
 134        2.6502
 135        2.6533
 136        2.6534
 137        2.6565
 138        2.7073
 139        2.7076
 140        2.7365
 141        2.7388
 142        2.7390
 143        2.7412
 144        2.8030
 145        2.8031
 146        3.0214
 147        3.0450
 148        3.0471
 149        3.0471
 150        3.0493
 151        3.0763
 152        3.0763
 153        3.1534
 154        3.1552
 155        3.1552
 156        3.1570
 157        3.2330
 158        3.3619
 159        3.3627
 160        3.3629
 161        3.3635
 162        3.3764
 163        3.3765
 164        3.6584
 165        3.6584
 166        3.6593
 167        3.6593
 168        3.9352
 169        3.9374
 170        3.9374
 171        3.9396
 172        4.7219
 173        4.8408
 174        4.8425
 175        4.8441
 176        4.8456
 177        4.9936
 178        4.9957
 179        4.9964
 180        4.9986
 181        6.4346
 182        6.4371
 183        6.4371
 184        6.4398
 185        7.5477
 186        7.5478
 187        8.4081
 188        8.4102
 189        8.4102
 190        8.4124
 191        9.2441
 192        9.2464
 193        9.2466
 194        9.2489
 195        9.4954
 196        9.4954
 197       10.2177
 198       10.2178
 199       10.6746
 200       10.6747
 201       11.5301
 202       11.5318
 203       11.5324
 204       11.5337
 205       12.1037
 206       12.1063
 207       12.1080
 208       12.1103
 209       12.1374
 210       12.1452
 211       12.1478
 212       12.1688
 
  0.3333333E+00  0.3333333E+00  0.0000000E+00  0.2962963E+00
   1       -3.5579
   2       -2.7148
   3       -2.7098
   4       -1.9941
   5       -1.5581
   6       -1.5581
   7       -1.5095
   8       -1.5093
   9       -1.3122
  10       -1.3104
  11       -1.3096
  12       -1.3078
  13       -1.2271
  14       -1.2271
  15       -1.1581
  16       -1.1579
  17       -1.1519
  18       -1.0260
  19       -1.0231
  20       -0.9024
  21       -0.9015
  22       -0.7786
  23       -0.7662
  24       -0.7625
  25       -0.6819
  26       -0.6806
  27       -0.6775
  28       -0.6761
  29       -0.6226
  30       -0.6201
  31       -0.6108
  32       -0.6086
  33       -0.6081
  34       -0.4204
  35       -0.4185
  36       -0.4182
  37       -0.4165
  38       -0.2604
  39       -0.2572
  40       -0.2239
  41       -0.2237
  42       -0.2152
  43       -0.2137
  44       -0.1308
  45       -0.1307
  46        0.0423
  47        0.0423
  48        0.1761
  49        0.2086
  50        0.2106
  51        0.2114
  52        0.2134
  53        0.2457
  54        0.2589
  55        0.2616
  56        0.4483
  57        0.4484
  58        0.5033
  59        0.5053
  60        0.5751
  61        0.6259
  62        0.6289
  63        0.6297
  64        0.6325
  65        0.7268
  66        0.7269
  67        0.7301
  68        0.7306
  69        0.7326
  70        0.7336
  71        0.7349
  72        0.7352
  73        0.9121
  74        0.9121
  75        0.9688
  76        0.9839
  77        0.9839
  78        0.9902
  79        1.0039
  80        1.0434
  81        1.0697
  82        1.0711
  83        1.0715
  84        1.0731
  85        1.0903
  86        1.0955
  87        1.1366
  88        1.1370
  89        1.1633
  90        1.1635
  91        1.3273
  92        1.3315
  93        1.3429
  94        1.3443
  95        1.3456
  96        1.3469
  97        1.3774
  98        1.3784
  99        1.4371
 100        1.4425
 101        1.4919
 102        1.5505
 103        1.5505
 104        1.6145
 105        1.6164
 106        1.6188
 107        1.6207
 108        1.6923
 109        1.7875
 110        1.7875
 111        1.8141
 112        1.8164
 113        1.9012
 114        1.9012
 115        1.9901
 116        1.9903
 117        2.0226
 118        2.1222
 119        2.2865
 120        2.3250
 121        2.3265
 122        2.3823
 123        2.3831
 124        2.3912
 125        2.4050
 126        2.4067
 127        2.5631
 128        2.5665
 129        2.5738
 130        2.5768
 131        2.6651
 132        2.6661
 133        2.6679
 134        2.6693
 135        2.6938
 136        2.6975
 137        2.7006
 138        2.7034
 139        2.7860
 140        2.7894
 141        2.8123
 142        2.8123
 143        2.8896
 144        2.9397
 145        2.9850
 146        2.9850
 147        3.0370
 148        3.0377
 149        3.0378
 150        3.0385
 151        3.0968
 152        3.1042
 153        3.1052
 154        3.2537
 155        3.2537
 156        3.2734
 157        3.2735
 158        3.2837
 159        3.2838
 160        3.3668
 161        3.3684
 162        3.3723
 163        3.3740
 164        3.3742
 165        3.3764
 166        3.4669
 167        3.7850
 168        3.7850
 169        3.8426
 170        3.8430
 171        3.8449
 172        3.8453
 173        3.9380
 174        3.9387
 175        5.2160
 176        5.2176
 177        5.8000
 178        5.8009
 179        6.5651
 180        6.5653
 181        6.6611
 182        6.6627
 183        6.6630
 184        6.6647
 185        7.2518
 186        7.2544
 187        7.7695
 188        8.2607
 189        8.2607
 190        8.3780
 191        8.6119
 192        8.6119
 193        9.3440
 194        9.3467
 195        9.4211
 196        9.4211
 197       10.0427
 198       10.0440
 199       10.0442
 200       10.0454
 201       10.1338
 202       10.1383
 203       10.2500
 204       11.0708
 205       11.0708
 206       11.6673
 207       12.1918
 208       12.1932
 209       12.3609
 210       12.6027
 211       12.6513
 212       12.8319
 
  0.0000000E+00  0.3333333E+00  0.3333333E+00  0.1481481E+00
   1       -3.5579
   2       -2.7123
   3       -2.7123
   4       -1.9942
   5       -1.5584
   6       -1.5578
   7       -1.5113
   8       -1.5076
   9       -1.3125
  10       -1.3107
  11       -1.3092
  12       -1.3073
  13       -1.2272
  14       -1.2272
  15       -1.1580
  16       -1.1580
  17       -1.1519
  18       -1.0246
  19       -1.0246
  20       -0.9019
  21       -0.9019
  22       -0.7781
  23       -0.7647
  24       -0.7646
  25       -0.6793
  26       -0.6793
  27       -0.6788
  28       -0.6788
  29       -0.6212
  30       -0.6212
  31       -0.6095
  32       -0.6095
  33       -0.6084
  34       -0.4197
  35       -0.4195
  36       -0.4172
  37       -0.4171
  38       -0.2590
  39       -0.2588
  40       -0.2237
  41       -0.2237
  42       -0.2145
  43       -0.2144
  44       -0.1308
  45       -0.1308
  46        0.0401
  47        0.0444
  48        0.1759
  49        0.2105
  50        0.2108
  51        0.2110
  52        0.2116
  53        0.2461
  54        0.2600
  55        0.2601
  56        0.4482
  57        0.4483
  58        0.5043
  59        0.5043
  60        0.5752
  61        0.6267
  62        0.6291
  63        0.6294
  64        0.6319
  65        0.7234
  66        0.7282
  67        0.7296
  68        0.7310
  69        0.7317
  70        0.7345
  71        0.7354
  72        0.7373
  73        0.9095
  74        0.9152
  75        0.9687
  76        0.9836
  77        0.9840
  78        0.9899
  79        1.0040
  80        1.0436
  81        1.0706
  82        1.0713
  83        1.0715
  84        1.0718
  85        1.0927
  86        1.0933
  87        1.1371
  88        1.1372
  89        1.1632
  90        1.1633
  91        1.3292
  92        1.3292
  93        1.3432
  94        1.3442
  95        1.3457
  96        1.3467
  97        1.3778
  98        1.3779
  99        1.4397
 100        1.4399
 101        1.4918
 102        1.5494
 103        1.5514
 104        1.6169
 105        1.6170
 106        1.6183
 107        1.6184
 108        1.6921
 109        1.7862
 110        1.7886
 111        1.8151
 112        1.8152
 113        1.9012
 114        1.9013
 115        1.9902
 116        1.9903
 117        2.0225
 118        2.1222
 119        2.2868
 120        2.3257
 121        2.3258
 122        2.3827
 123        2.3827
 124        2.3911
 125        2.4057
 126        2.4059
 127        2.5650
 128        2.5651
 129        2.5748
 130        2.5750
 131        2.6655
 132        2.6668
 133        2.6675
 134        2.6687
 135        2.6962
 136        2.6963
 137        2.7015
 138        2.7016
 139        2.7876
 140        2.7876
 141        2.8106
 142        2.8142
 143        2.8895
 144        2.9398
 145        2.9846
 146        2.9853
 147        3.0361
 148        3.0374
 149        3.0381
 150        3.0394
 151        3.0968
 152        3.1046
 153        3.1046
 154        3.2535
 155        3.2541
 156        3.2733
 157        3.2734
 158        3.2836
 159        3.2837
 160        3.3681
 161        3.3681
 162        3.3740
 163        3.3740
 164        3.3742
 165        3.3742
 166        3.4669
 167        3.7846
 168        3.7854
 169        3.8436
 170        3.8438
 171        3.8441
 172        3.8443
 173        3.9383
 174        3.9383
 175        5.2167
 176        5.2167
 177        5.8004
 178        5.8004
 179        6.5651
 180        6.5653
 181        6.6592
 182        6.6623
 183        6.6636
 184        6.6668
 185        7.2530
 186        7.2531
 187        7.7694
 188        8.2607
 189        8.2607
 190        8.3782
 191        8.6119
 192        8.6119
 193        9.3453
 194        9.3454
 195        9.4211
 196        9.4212
 197       10.0413
 198       10.0439
 199       10.0443
 200       10.0468
 201       10.1360
 202       10.1363
 203       10.2500
 204       11.0694
 205       11.0722
 206       11.6673
 207       12.1925
 208       12.1926
 209       12.5654
 210       12.6002
 211       12.6494
 212       12.8319
 
  0.3333333E+00  0.3333333E+00  0.3333333E+00  0.2962963E+00
   1       -3.2810
   2       -2.5130
   3       -2.5096
   4       -2.5063
   5       -1.9762
   6       -1.9735
   7       -1.9709
   8       -1.8500
   9       -1.1269
  10       -1.1266
  11       -1.1263
  12       -1.0689
  13       -1.0684
  14       -1.0682
  15       -0.9947
  16       -0.9922
  17       -0.9897
  18       -0.8273
  19       -0.8264
  20       -0.8238
  21       -0.8238
  22       -0.8215
  23       -0.8206
  24       -0.7330
  25       -0.7301
  26       -0.7284
  27       -0.7264
  28       -0.7257
  29       -0.7240
  30       -0.7235
  31       -0.7224
  32       -0.7210
  33       -0.6607
  34       -0.6598
  35       -0.6589
  36       -0.3341
  37       -0.3328
  38       -0.3316
  39       -0.1569
  40       -0.1548
  41       -0.1534
  42       -0.1534
  43       -0.1520
  44       -0.1502
  45        0.1760
  46        0.1780
  47        0.1797
  48        0.2076
  49        0.2093
  50        0.2107
  51        0.2107
  52        0.2119
  53        0.2141
  54        0.3802
  55        0.3823
  56        0.3844
  57        0.4090
  58        0.4093
  59        0.4099
  60        0.5782
  61        0.6001
  62        0.6026
  63        0.6051
  64        0.7300
  65        0.7305
  66        0.7325
  67        0.7327
  68        0.7344
  69        0.7351
  70        0.9265
  71        0.9267
  72        1.0136
  73        1.0137
  74        1.0319
  75        1.0337
  76        1.0358
  77        1.1048
  78        1.1062
  79        1.1072
  80        1.1125
  81        1.1131
  82        1.1151
  83        1.1153
  84        1.1180
  85        1.1183
  86        1.1332
  87        1.1346
  88        1.1356
  89        1.1357
  90        1.1366
  91        1.1378
  92        1.1879
  93        1.1902
  94        1.1921
  95        1.1924
  96        1.1941
  97        1.1951
  98        1.2965
  99        1.2966
 100        1.2967
 101        1.4350
 102        1.4371
 103        1.4390
 104        1.5391
 105        1.7767
 106        1.7801
 107        1.7828
 108        1.7940
 109        1.7945
 110        1.7969
 111        1.7970
 112        1.7997
 113        1.7999
 114        2.0012
 115        2.0020
 116        2.0028
 117        2.0560
 118        2.0594
 119        2.0623
 120        2.0952
 121        2.0975
 122        2.1001
 123        2.1718
 124        2.1720
 125        2.1938
 126        2.1967
 127        2.1994
 128        2.2494
 129        2.2509
 130        2.2523
 131        2.2523
 132        2.2537
 133        2.2552
 134        2.5407
 135        2.5429
 136        2.5450
 137        2.5991
 138        2.5993
 139        2.5993
 140        2.8019
 141        2.8019
 142        2.9833
 143        2.9850
 144        2.9867
 145        3.1915
 146        3.1917
 147        3.1927
 148        3.2018
 149        3.2035
 150        3.2040
 151        3.2041
 152        3.2044
 153        3.2064
 154        3.3437
 155        3.3440
 156        3.3445
 157        3.3545
 158        3.3559
 159        3.3564
 160        3.3564
 161        3.3571
 162        3.3584
 163        3.3941
 164        3.3943
 165        3.3947
 166        3.4922
 167        3.4923
 168        3.4925
 169        4.3058
 170        4.3076
 171        4.3094
 172        5.3982
 173        5.3994
 174        5.4010
 175        5.4010
 176        5.4027
 177        5.4038
 178        5.9931
 179        5.9939
 180        5.9946
 181        6.4648
 182        6.4661
 183        6.4673
 184        7.7014
 185        7.7037
 186        7.7048
 187        7.7048
 188        7.7059
 189        7.7083
 190        8.2140
 191        8.2142
 192        8.2142
 193        8.7761
 194        8.7781
 195        8.7801
 196        9.4002
 197        9.4017
 198        9.4031
 199       10.3620
 200       10.3622
 201       10.3650
 202       10.3650
 203       10.3679
 204       10.3681
 205       11.6640
 206       11.6646
 207       11.6667
 208       11.6667
 209       11.6688
 210       11.6695
 211       11.8711
 212       11.8716
