   32   32  100    1
  0.1758057E+02  0.8255201E-09  0.8255201E-09  0.8255201E-09  0.5000000E-15
  1.000000000000000E-004
  CAR 
 No title                                
  352    4  212
 
  0.0000000E+00  0.0000000E+00  0.0000000E+00  0.3703704E-01
   1       -4.1713
   2       -1.8116
   3       -1.8116
   4       -1.8116
   5       -1.8116
   6       -1.8116
   7       -1.8116
   8       -1.7115
   9       -1.7115
  10       -1.7115
  11       -1.7115
  12       -1.4689
  13       -1.4689
  14       -1.4689
  15       -1.1779
  16       -1.1779
  17       -1.1779
  18       -0.5265
  19       -0.5265
  20       -0.5265
  21       -0.5265
  22       -0.5265
  23       -0.5265
  24       -0.5265
  25       -0.5265
  26       -0.5265
  27       -0.5265
  28       -0.5265
  29       -0.5265
  30       -0.4133
  31       -0.4133
  32       -0.4133
  33       -0.4133
  34       -0.4133
  35       -0.4133
  36       -0.2820
  37       -0.2820
  38       -0.2820
  39       -0.2820
  40       -0.2820
  41       -0.2820
  42        0.2836
  43        0.2836
  44        0.2836
  45        0.2836
  46        0.2836
  47        0.2836
  48        0.2836
  49        0.2836
  50        0.2836
  51        0.2836
  52        0.2836
  53        0.2836
  54        0.3502
  55        0.3502
  56        0.3502
  57        0.3502
  58        0.3502
  59        0.3502
  60        0.3502
  61        0.3502
  62        0.3502
  63        0.3502
  64        0.3502
  65        0.3502
  66        0.6188
  67        0.6188
  68        0.6188
  69        0.6188
  70        0.6188
  71        0.6188
  72        0.6188
  73        0.6188
  74        0.6188
  75        0.6188
  76        0.6188
  77        0.6188
  78        0.7466
  79        0.7466
  80        0.7466
  81        0.7466
  82        0.7466
  83        0.7466
  84        0.7466
  85        0.7466
  86        0.7790
  87        0.7790
  88        0.7790
  89        1.4634
  90        1.4634
  91        1.4634
  92        1.4634
  93        1.4634
  94        1.4634
  95        1.6588
  96        1.6588
  97        1.6588
  98        1.6588
  99        1.6588
 100        1.6588
 101        1.6588
 102        1.6588
 103        1.6588
 104        1.6588
 105        1.6588
 106        1.6588
 107        1.9549
 108        1.9549
 109        1.9549
 110        1.9549
 111        1.9549
 112        1.9549
 113        1.9549
 114        1.9549
 115        1.9549
 116        1.9549
 117        1.9549
 118        1.9549
 119        2.0944
 120        2.0944
 121        2.0944
 122        2.0944
 123        2.0944
 124        2.0944
 125        2.2143
 126        2.2143
 127        2.2143
 128        2.2143
 129        2.2143
 130        2.2143
 131        2.2143
 132        2.2143
 133        2.2143
 134        2.2143
 135        2.2143
 136        2.2143
 137        2.2174
 138        2.2174
 139        2.7427
 140        2.7427
 141        2.7427
 142        2.7427
 143        2.7427
 144        2.7427
 145        3.3121
 146        3.3121
 147        3.3121
 148        3.3540
 149        3.3540
 150        3.3540
 151        3.3540
 152        3.3540
 153        3.3540
 154        3.3540
 155        3.3540
 156        3.6578
 157        3.6578
 158        3.6578
 159        3.6578
 160        3.6578
 161        3.6578
 162        3.6596
 163        3.6596
 164        3.6596
 165        3.6596
 166        3.6596
 167        3.6596
 168        4.5313
 169        4.5313
 170        4.5313
 171        4.5313
 172        5.0202
 173        5.0202
 174        5.0202
 175        5.0202
 176        5.0202
 177        5.0202
 178        5.0202
 179        5.0202
 180        5.0202
 181        5.0202
 182        5.0202
 183        5.0202
 184        6.4728
 185        6.4728
 186        6.4728
 187        8.2825
 188        8.2825
 189        8.2825
 190        8.2825
 191       10.0154
 192       10.0154
 193       10.0154
 194       10.0154
 195       10.0154
 196       10.0154
 197       10.9290
 198       10.9290
 199       10.9290
 200       11.5778
 201       11.5778
 202       11.5778
 203       11.5778
 204       11.5778
 205       11.5778
 206       11.5778
 207       11.5778
 208       11.5778
 209       11.5778
 210       11.5778
 211       11.5778
 212       13.8111
 
  0.3333333E+00  0.0000000E+00  0.8271806E-24  0.2222222E+00
   1       -3.8577
   2       -2.9722
   3       -1.5898
   4       -1.5898
   5       -1.5898
   6       -1.5898
   7       -1.5359
   8       -1.5359
   9       -1.5359
  10       -1.5359
  11       -1.3700
  12       -1.2652
  13       -1.2652
  14       -1.2557
  15       -1.0653
  16       -1.0397
  17       -1.0397
  18       -1.0397
  19       -1.0397
  20       -1.0377
  21       -1.0377
  22       -1.0377
  23       -1.0377
  24       -1.0055
  25       -1.0055
  26       -0.7594
  27       -0.7594
  28       -0.7467
  29       -0.4918
  30       -0.4918
  31       -0.2725
  32       -0.2725
  33       -0.2725
  34       -0.2725
  35       -0.2183
  36       -0.2183
  37       -0.2183
  38       -0.2183
  39       -0.1878
  40       -0.1878
  41       -0.1878
  42       -0.1878
  43        0.0493
  44        0.0493
  45        0.0493
  46        0.0493
  47        0.2045
  48        0.2045
  49        0.2045
  50        0.2045
  51        0.2233
  52        0.2525
  53        0.2525
  54        0.2525
  55        0.2525
  56        0.3650
  57        0.3650
  58        0.3650
  59        0.3650
  60        0.3747
  61        0.3747
  62        0.3747
  63        0.3747
  64        0.5273
  65        0.5273
  66        0.5273
  67        0.5273
  68        0.6244
  69        0.6777
  70        0.6777
  71        0.6777
  72        0.6777
  73        0.7057
  74        0.7057
  75        0.7057
  76        0.7057
  77        0.8874
  78        0.8874
  79        0.8874
  80        0.8874
  81        0.9183
  82        0.9183
  83        1.0369
  84        1.0369
  85        1.0369
  86        1.0369
  87        1.2288
  88        1.2288
  89        1.2288
  90        1.2288
  91        1.2755
  92        1.2755
  93        1.2755
  94        1.2755
  95        1.3246
  96        1.3246
  97        1.4862
  98        1.4862
  99        1.6633
 100        1.8756
 101        1.8756
 102        1.8756
 103        1.8756
 104        1.9499
 105        1.9499
 106        1.9499
 107        1.9499
 108        1.9808
 109        1.9808
 110        1.9808
 111        1.9808
 112        1.9861
 113        1.9861
 114        1.9861
 115        1.9861
 116        2.0537
 117        2.1322
 118        2.1322
 119        2.1322
 120        2.1322
 121        2.1480
 122        2.1480
 123        2.1480
 124        2.1480
 125        2.2855
 126        2.4640
 127        2.4751
 128        2.4789
 129        2.4789
 130        2.4789
 131        2.4789
 132        2.4893
 133        2.4893
 134        2.6533
 135        2.6533
 136        2.6533
 137        2.6533
 138        2.7073
 139        2.7073
 140        2.7388
 141        2.7388
 142        2.7388
 143        2.7388
 144        2.8030
 145        2.8030
 146        3.0213
 147        3.0471
 148        3.0471
 149        3.0471
 150        3.0471
 151        3.0762
 152        3.0762
 153        3.1551
 154        3.1551
 155        3.1551
 156        3.1551
 157        3.2329
 158        3.3627
 159        3.3627
 160        3.3627
 161        3.3627
 162        3.3764
 163        3.3764
 164        3.6583
 165        3.6583
 166        3.6592
 167        3.6592
 168        3.9373
 169        3.9373
 170        3.9373
 171        3.9373
 172        4.7220
 173        4.8432
 174        4.8432
 175        4.8432
 176        4.8432
 177        4.9960
 178        4.9960
 179        4.9960
 180        4.9960
 181        6.4371
 182        6.4371
 183        6.4371
 184        6.4371
 185        7.5477
 186        7.5477
 187        8.4101
 188        8.4101
 189        8.4101
 190        8.4101
 191        9.2465
 192        9.2465
 193        9.2465
 194        9.2465
 195        9.4954
 196        9.4954
 197       10.2177
 198       10.2177
 199       10.6746
 200       10.6746
 201       11.5319
 202       11.5319
 203       11.5319
 204       11.5319
 205       12.1069
 206       12.1069
 207       12.1069
 208       12.1069
 209       12.1424
 210       12.1424
 211       12.1424
 212       12.1424
 
  0.3333333E+00  0.3333333E+00  0.0000000E+00  0.4444444E+00
   1       -3.5578
   2       -2.7122
   3       -2.7122
   4       -1.9941
   5       -1.5580
   6       -1.5580
   7       -1.5094
   8       -1.5094
   9       -1.3099
  10       -1.3099
  11       -1.3099
  12       -1.3099
  13       -1.2272
  14       -1.2272
  15       -1.1580
  16       -1.1580
  17       -1.1519
  18       -1.0246
  19       -1.0246
  20       -0.9018
  21       -0.9018
  22       -0.7780
  23       -0.7646
  24       -0.7646
  25       -0.6790
  26       -0.6790
  27       -0.6790
  28       -0.6790
  29       -0.6211
  30       -0.6211
  31       -0.6096
  32       -0.6096
  33       -0.6084
  34       -0.4194
  35       -0.4194
  36       -0.4173
  37       -0.4173
  38       -0.2588
  39       -0.2588
  40       -0.2237
  41       -0.2237
  42       -0.2145
  43       -0.2145
  44       -0.1308
  45       -0.1308
  46        0.0423
  47        0.0423
  48        0.1761
  49        0.2110
  50        0.2110
  51        0.2110
  52        0.2110
  53        0.2460
  54        0.2601
  55        0.2601
  56        0.4483
  57        0.4483
  58        0.5043
  59        0.5043
  60        0.5752
  61        0.6293
  62        0.6293
  63        0.6293
  64        0.6293
  65        0.7275
  66        0.7275
  67        0.7316
  68        0.7316
  69        0.7316
  70        0.7316
  71        0.7346
  72        0.7346
  73        0.9122
  74        0.9122
  75        0.9687
  76        0.9839
  77        0.9839
  78        0.9901
  79        1.0039
  80        1.0435
  81        1.0714
  82        1.0714
  83        1.0714
  84        1.0714
  85        1.0927
  86        1.0927
  87        1.1370
  88        1.1370
  89        1.1632
  90        1.1632
  91        1.3295
  92        1.3295
  93        1.3448
  94        1.3448
  95        1.3448
  96        1.3448
  97        1.3777
  98        1.3777
  99        1.4397
 100        1.4397
 101        1.4918
 102        1.5504
 103        1.5504
 104        1.6175
 105        1.6175
 106        1.6175
 107        1.6175
 108        1.6921
 109        1.7874
 110        1.7874
 111        1.8152
 112        1.8152
 113        1.9012
 114        1.9012
 115        1.9902
 116        1.9902
 117        2.0225
 118        2.1221
 119        2.2867
 120        2.3258
 121        2.3258
 122        2.3827
 123        2.3827
 124        2.3912
 125        2.4057
 126        2.4057
 127        2.5650
 128        2.5650
 129        2.5750
 130        2.5750
 131        2.6671
 132        2.6671
 133        2.6671
 134        2.6671
 135        2.6960
 136        2.6960
 137        2.7014
 138        2.7014
 139        2.7876
 140        2.7876
 141        2.8122
 142        2.8122
 143        2.8895
 144        2.9397
 145        2.9849
 146        2.9849
 147        3.0377
 148        3.0377
 149        3.0377
 150        3.0377
 151        3.0967
 152        3.1045
 153        3.1045
 154        3.2537
 155        3.2537
 156        3.2733
 157        3.2733
 158        3.2836
 159        3.2836
 160        3.3680
 161        3.3680
 162        3.3739
 163        3.3739
 164        3.3740
 165        3.3740
 166        3.4668
 167        3.7849
 168        3.7849
 169        3.8439
 170        3.8439
 171        3.8439
 172        3.8439
 173        3.9383
 174        3.9383
 175        5.2167
 176        5.2167
 177        5.8004
 178        5.8004
 179        6.5653
 180        6.5653
 181        6.6628
 182        6.6628
 183        6.6628
 184        6.6628
 185        7.2530
 186        7.2530
 187        7.7694
 188        8.2607
 189        8.2607
 190        8.3780
 191        8.6118
 192        8.6118
 193        9.3453
 194        9.3453
 195        9.4211
 196        9.4211
 197       10.0441
 198       10.0441
 199       10.0441
 200       10.0441
 201       10.1360
 202       10.1360
 203       10.2499
 204       11.0708
 205       11.0708
 206       11.6673
 207       12.1924
 208       12.1924
 209       12.3609
 210       12.6003
 211       12.6008
 212       12.8318
 
  0.3333333E+00  0.3333333E+00  0.3333333E+00  0.2962963E+00
   1       -3.2809
   2       -2.5096
   3       -2.5096
   4       -2.5096
   5       -1.9735
   6       -1.9735
   7       -1.9735
   8       -1.8500
   9       -1.1265
  10       -1.1265
  11       -1.1265
  12       -1.0684
  13       -1.0684
  14       -1.0684
  15       -0.9922
  16       -0.9922
  17       -0.9922
  18       -0.8238
  19       -0.8238
  20       -0.8238
  21       -0.8238
  22       -0.8238
  23       -0.8238
  24       -0.7300
  25       -0.7300
  26       -0.7300
  27       -0.7240
  28       -0.7240
  29       -0.7240
  30       -0.7240
  31       -0.7240
  32       -0.7240
  33       -0.6599
  34       -0.6599
  35       -0.6599
  36       -0.3328
  37       -0.3328
  38       -0.3328
  39       -0.1534
  40       -0.1534
  41       -0.1534
  42       -0.1534
  43       -0.1534
  44       -0.1534
  45        0.1781
  46        0.1781
  47        0.1781
  48        0.2106
  49        0.2106
  50        0.2106
  51        0.2106
  52        0.2106
  53        0.2106
  54        0.3823
  55        0.3823
  56        0.3823
  57        0.4093
  58        0.4093
  59        0.4093
  60        0.5784
  61        0.6026
  62        0.6026
  63        0.6026
  64        0.7325
  65        0.7325
  66        0.7325
  67        0.7325
  68        0.7325
  69        0.7325
  70        0.9266
  71        0.9266
  72        1.0138
  73        1.0138
  74        1.0339
  75        1.0339
  76        1.0339
  77        1.1065
  78        1.1065
  79        1.1065
  80        1.1153
  81        1.1153
  82        1.1153
  83        1.1153
  84        1.1153
  85        1.1153
  86        1.1350
  87        1.1350
  88        1.1350
  89        1.1358
  90        1.1358
  91        1.1358
  92        1.1910
  93        1.1910
  94        1.1910
  95        1.1926
  96        1.1926
  97        1.1926
  98        1.2964
  99        1.2964
 100        1.2964
 101        1.4370
 102        1.4370
 103        1.4370
 104        1.5390
 105        1.7800
 106        1.7800
 107        1.7800
 108        1.7969
 109        1.7969
 110        1.7969
 111        1.7969
 112        1.7969
 113        1.7969
 114        2.0020
 115        2.0020
 116        2.0020
 117        2.0592
 118        2.0592
 119        2.0592
 120        2.0975
 121        2.0975
 122        2.0975
 123        2.1719
 124        2.1719
 125        2.1964
 126        2.1964
 127        2.1964
 128        2.2522
 129        2.2522
 130        2.2522
 131        2.2522
 132        2.2522
 133        2.2522
 134        2.5428
 135        2.5428
 136        2.5428
 137        2.5991
 138        2.5991
 139        2.5991
 140        2.8018
 141        2.8018
 142        2.9849
 143        2.9849
 144        2.9849
 145        3.1920
 146        3.1920
 147        3.1920
 148        3.2039
 149        3.2039
 150        3.2039
 151        3.2039
 152        3.2039
 153        3.2039
 154        3.3441
 155        3.3441
 156        3.3441
 157        3.3563
 158        3.3563
 159        3.3563
 160        3.3563
 161        3.3563
 162        3.3563
 163        3.3943
 164        3.3943
 165        3.3943
 166        3.4923
 167        3.4923
 168        3.4923
 169        4.3076
 170        4.3076
 171        4.3076
 172        5.4010
 173        5.4010
 174        5.4010
 175        5.4010
 176        5.4010
 177        5.4010
 178        5.9938
 179        5.9938
 180        5.9938
 181        6.4660
 182        6.4660
 183        6.4660
 184        7.7048
 185        7.7048
 186        7.7048
 187        7.7048
 188        7.7048
 189        7.7048
 190        8.2141
 191        8.2141
 192        8.2141
 193        8.7780
 194        8.7780
 195        8.7780
 196        9.4016
 197        9.4016
 198        9.4016
 199       10.3650
 200       10.3650
 201       10.3650
 202       10.3650
 203       10.3650
 204       10.3650
 205       11.6667
 206       11.6667
 207       11.6667
 208       11.6667
 209       11.6667
 210       11.6668
 211       11.8714
 212       11.8714
