   1  32   1   0  0.1275737E+02  0.1000000E-03
  CAR 
 unknown system                          
   0   0   0
   1   1
 256 256 256
 256
  0.1000000E-09
  0.6250000E-11
   0
  0.5000000E-15  0.7418288E-09  0.7418288E-09  0.7418288E-09
  0.0000000E+00  0.0000000E+00
  0.000
  0.000
  0.000
  0.000
  0.000
  0.000
  0.000
  0.000
  0.000
  0.000
  0.000
  0.000
  0.000
  0.000
  0.000
  0.000
  0.000
  0.000
  0.000
  0.000
  0.000
  0.000
  0.000
  0.000
  0.000
  0.000
  0.000
  0.000
  0.000
  0.000
  0.000
  0.000
  0.000
  0.000
  0.000
  0.000
  0.000
  0.000
  0.000
  0.000
  0.000
 28.972
  0.000
  0.000
  0.000
  0.000
  0.000
  0.000
  0.000
  0.000
  0.000
  0.000
  0.000
  0.000
  0.000
  0.000
  0.000
  0.000
  0.000
  7.047
  0.000
  0.000
  0.000
  0.000
  0.000
  0.000
  0.000
  0.000
  0.000
  0.000
  0.000
  0.000
 18.986
  0.000
  0.000
  0.000
  0.000
  0.000
  0.000
  0.000
  0.000
  0.000
  0.000
  7.157
  0.000
  0.000
  0.000
  0.000
  0.000
  0.000
  0.000
  0.000
  0.000
 11.416
  0.000
  0.000
  0.000
  0.000
  0.000
  0.000
  0.000
  0.000
  3.166
  0.000
  0.000
  0.000
  0.000
  0.000
  0.000
  0.000
  0.000
 16.055
  0.000
  0.000
  0.000
  0.000
  0.000
  0.000
  0.000
  0.000
  0.000
  0.000
  0.000
  0.000
  0.000
  9.504
  0.000
  0.000
  0.000
  0.000
  0.000
  0.000
  5.684
  0.000
  0.000
  0.000
  0.000
  0.000
  0.000
  5.128
  0.000
  0.000
  0.000
  0.000
  0.000
  4.714
  0.000
  0.000
  0.000
  0.000
  0.000
 13.044
  0.000
  0.000
  0.000
  0.000
  0.000
  0.000
  0.000
  0.000
  0.000
  0.000
  7.559
  0.000
  0.000
  0.000
  0.000
  0.000
  0.000
  0.000
  0.000
  0.000
  0.000
  6.631
  0.000
  0.000
  0.000
  0.000
  3.915
  0.000
  0.000
  0.000
  8.989
  0.000
  0.000
  0.000
  0.000
  2.839
  0.000
  0.000
  0.000
  0.000
  5.386
  0.000
  0.000
  0.000
  2.585
  0.000
  0.000
  0.000
  0.000
  4.916
  0.000
  0.000
  0.000
  0.000
  0.000
  0.000
  0.000
  7.958
  0.000
  0.000
  0.000
  2.189
  0.000
  0.000
  0.000
  0.000
  8.361
  0.000
  0.000
  0.000
  4.032
  0.000
  0.000
  1.963
  0.000
  0.000
  0.000
  0.000
  0.000
  0.000
  0.000
  7.322
  0.000
  0.000
  0.000
  0.000
  0.000
  0.000
  0.000
  6.845
  0.000
  0.000
  3.339
  0.000
  0.000
  0.000
  3.232
  0.000
  0.000
  2.367
  0.000
  0.000
  0.000
  7.644
