   32   32  100    1
  0.1831576E+02  0.8368706E-09  0.8368706E-09  0.8368706E-09  0.5000000E-15
  1.000000000000000E-004
  CAR 
 No title                                
  352    1  212
 
  0.2500000E+00  0.2500000E+00  0.2500000E+00  0.1000000E+01
   1       -3.8997
   2       -2.9822
   3       -2.9491
   4       -2.9491
   5       -2.9491
   6       -2.9087
   7       -2.9087
   8       -2.9087
   9       -2.8251
  10       -2.8251
  11       -2.8251
  12       -2.7617
  13       -2.7617
  14       -2.7617
  15       -2.6330
  16       -2.6330
  17       -2.6330
  18       -2.6126
  19       -2.6126
  20       -2.6126
  21       -2.4965
  22       -2.4965
  23       -2.4965
  24       -2.4965
  25       -2.4965
  26       -2.4965
  27       -2.4343
  28       -2.4343
  29       -2.4343
  30       -2.4092
  31       -2.4092
  32       -2.4092
  33       -2.4092
  34       -2.4092
  35       -2.4092
  36       -2.3869
  37       -2.3869
  38       -2.3869
  39       -2.2307
  40       -2.2307
  41       -2.2307
  42       -2.2307
  43       -2.2307
  44       -2.2307
  45       -1.9828
  46       -1.9828
  47       -1.9828
  48       -1.9221
  49       -1.9221
  50       -1.9221
  51       -1.9040
  52       -1.9040
  53       -1.9040
  54       -1.9040
  55       -1.9040
  56       -1.9040
  57       -1.7934
  58       -1.7934
  59       -1.7934
  60       -1.7202
  61       -1.6761
  62       -1.6761
  63       -1.6761
  64       -1.5934
  65       -1.5934
  66       -1.5906
  67       -1.5906
  68       -1.5906
  69       -1.5906
  70       -1.5906
  71       -1.5906
  72       -1.5421
  73       -1.5421
  74       -1.4535
  75       -1.4535
  76       -1.4535
  77       -1.3884
  78       -1.3884
  79       -1.3884
  80       -1.3861
  81       -1.3861
  82       -1.3861
  83       -1.3861
  84       -1.3861
  85       -1.3861
  86       -1.3648
  87       -1.3648
  88       -1.3648
  89       -1.3379
  90       -1.3379
  91       -1.3379
  92       -1.3276
  93       -1.3276
  94       -1.3276
  95       -1.2680
  96       -1.2680
  97       -1.2680
  98       -1.0118
  99       -1.0118
 100       -1.0118
 101       -1.0105
 102       -1.0105
 103       -1.0105
 104       -0.9467
 105       -0.9467
 106       -0.9467
 107       -0.9467
 108       -0.9467
 109       -0.9467
 110       -0.7770
 111       -0.7770
 112       -0.7770
 113       -0.7693
 114       -0.7693
 115       -0.7693
 116       -0.7652
 117       -0.7652
 118       -0.7130
 119       -0.7130
 120       -0.7130
 121       -0.7035
 122       -0.7035
 123       -0.7035
 124       -0.6361
 125       -0.6361
 126       -0.6361
 127       -0.6361
 128       -0.6361
 129       -0.6361
 130       -0.4877
 131       -0.4877
 132       -0.4877
 133       -0.3523
 134       -0.3523
 135       -0.3523
 136       -0.2902
 137       -0.2902
 138       -0.2902
 139       -0.2756
 140       -0.2756
 141       -0.2756
 142       -0.2756
 143       -0.2756
 144       -0.2756
 145       -0.2553
 146       -0.2553
 147       -0.2553
 148       -0.2271
 149       -0.2271
 150       -0.1256
 151       -0.1256
 152       -0.1256
 153       -0.0160
 154       -0.0160
 155       -0.0160
 156        0.0099
 157        0.0099
 158        0.0099
 159        0.0099
 160        0.0099
 161        0.0099
 162        0.0777
 163        0.0777
 164        0.0777
 165        0.4171
 166        0.4171
 167        0.4171
 168        0.6421
 169        1.0776
 170        1.0776
 171        1.0776
 172        2.6117
 173        2.6117
 174        2.6117
 175        2.6117
 176        2.6117
 177        2.6117
 178        3.2545
 179        3.2545
 180        3.2545
 181        4.2956
 182        4.2956
 183        4.2956
 184        4.9779
 185        4.9779
 186        4.9779
 187        6.0887
 188        6.0887
 189        6.0887
 190        6.0887
 191        6.0887
 192        6.0887
 193        6.7979
 194        6.7979
 195        6.7979
 196        7.6130
 197        7.6130
 198        7.6130
 199        8.4775
 200        8.4775
 201        8.4775
 202        8.4775
 203        8.4775
 204        8.4775
 205        9.0119
 206        9.9151
 207        9.9151
 208        9.9151
 209        9.9151
 210        9.9152
 211        9.9152
 212       10.4194
