   32   32    1    1
  0.2055617E+02  0.8696891E-09  0.8696891E-09  0.8696891E-09  0.5000000E-15
  1.000000000000000E-004
  CAR 
 No title                                
  352    1  212
 
  0.2500000E+00  0.2500000E+00  0.2500000E+00  0.1000000E+01
   1       -4.0659
   2       -3.2779
   3       -3.2127
   4       -3.2123
   5       -3.2123
   6       -3.2107
   7       -3.2092
   8       -3.2075
   9       -3.1474
  10       -3.1473
  11       -3.1472
  12       -3.0963
  13       -3.0959
  14       -3.0956
  15       -2.9701
  16       -2.9686
  17       -2.9681
  18       -2.9671
  19       -2.9665
  20       -2.9650
  21       -2.8743
  22       -2.8731
  23       -2.8725
  24       -2.8725
  25       -2.8720
  26       -2.8709
  27       -2.8278
  28       -2.8267
  29       -2.8256
  30       -2.8013
  31       -2.8008
  32       -2.7997
  33       -2.7997
  34       -2.7985
  35       -2.7981
  36       -2.7765
  37       -2.7757
  38       -2.7751
  39       -2.6515
  40       -2.6507
  41       -2.6500
  42       -2.6500
  43       -2.6492
  44       -2.6485
  45       -2.4571
  46       -2.4560
  47       -2.4548
  48       -2.3927
  49       -2.3911
  50       -2.3909
  51       -2.3901
  52       -2.3900
  53       -2.3894
  54       -2.3893
  55       -2.3889
  56       -2.3873
  57       -2.3080
  58       -2.3079
  59       -2.3076
  60       -2.2535
  61       -2.2060
  62       -2.2051
  63       -2.2042
  64       -2.1519
  65       -2.1518
  66       -2.1157
  67       -2.1156
  68       -2.1143
  69       -2.1142
  70       -2.1135
  71       -2.1135
  72       -2.1126
  73       -2.1125
  74       -2.0367
  75       -2.0366
  76       -2.0365
  77       -1.9822
  78       -1.9818
  79       -1.9813
  80       -1.9588
  81       -1.9583
  82       -1.9574
  83       -1.9573
  84       -1.9564
  85       -1.9559
  86       -1.9340
  87       -1.9339
  88       -1.9338
  89       -1.9301
  90       -1.9293
  91       -1.9287
  92       -1.8879
  93       -1.8874
  94       -1.8869
  95       -1.8800
  96       -1.8786
  97       -1.8773
  98       -1.6732
  99       -1.6718
 100       -1.6705
 101       -1.6483
 102       -1.6468
 103       -1.6454
 104       -1.6151
 105       -1.6150
 106       -1.6138
 107       -1.6138
 108       -1.6125
 109       -1.6125
 110       -1.4875
 111       -1.4859
 112       -1.4847
 113       -1.4818
 114       -1.4815
 115       -1.4803
 116       -1.4793
 117       -1.4774
 118       -1.3999
 119       -1.3991
 120       -1.3983
 121       -1.3931
 122       -1.3917
 123       -1.3902
 124       -1.3685
 125       -1.3671
 126       -1.3668
 127       -1.3668
 128       -1.3666
 129       -1.3652
 130       -1.2560
 131       -1.2551
 132       -1.2543
 133       -1.1223
 134       -1.1222
 135       -1.1220
 136       -1.0915
 137       -1.0913
 138       -1.0913
 139       -1.0807
 140       -1.0795
 141       -1.0793
 142       -1.0793
 143       -1.0791
 144       -1.0779
 145       -1.0644
 146       -1.0641
 147       -1.0640
 148       -1.0439
 149       -1.0438
 150       -0.9661
 151       -0.9661
 152       -0.9661
 153       -0.8719
 154       -0.8718
 155       -0.8716
 156       -0.8526
 157       -0.8520
 158       -0.8518
 159       -0.8518
 160       -0.8515
 161       -0.8509
 162       -0.8001
 163       -0.8001
 164       -0.8001
 165       -0.3984
 166       -0.3972
 167       -0.3960
 168        0.0461
 169        0.3118
 170        0.3131
 171        0.3145
 172        1.6871
 173        1.6880
 174        1.6893
 175        1.6893
 176        1.6906
 177        1.6915
 178        2.4352
 179        2.4356
 180        2.4360
 181        3.3737
 182        3.3745
 183        3.3753
 184        3.9085
 185        3.9097
 186        3.9108
 187        4.9350
 188        4.9366
 189        4.9376
 190        4.9376
 191        4.9385
 192        4.9402
 193        5.4171
 194        5.4180
 195        5.4189
 196        6.2649
 197        6.2656
 198        6.2663
 199        7.1167
 200        7.1172
 201        7.1192
 202        7.1192
 203        7.1212
 204        7.1217
 205        7.5343
 206        8.4191
 207        8.4192
 208        8.4208
 209        8.4208
 210        8.4224
 211        8.4225
 212        8.7480
