   32   32    1    1
  0.1758053E+02  0.8255194E-09  0.8255194E-09  0.8255194E-09  0.5000000E-15
  1.000000000000000E-004
  CAR 
 No title                                
  352    1  212
 
  0.2500000E+00  0.2500000E+00  0.2500000E+00  0.1000000E+01
   1       -3.6487
   2       -2.4232
   3       -2.4198
   4       -2.4165
   5       -1.7325
   6       -1.6213
   7       -1.6189
   8       -1.6165
   9       -1.3285
  10       -1.3282
  11       -1.3279
  12       -1.1905
  13       -1.1902
  14       -1.1900
  15       -1.0895
  16       -1.0871
  17       -1.0846
  18       -0.8738
  19       -0.8731
  20       -0.8725
  21       -0.7131
  22       -0.7121
  23       -0.7094
  24       -0.7094
  25       -0.7069
  26       -0.7058
  27       -0.6042
  28       -0.6016
  29       -0.5992
  30       -0.5649
  31       -0.5626
  32       -0.5614
  33       -0.5613
  34       -0.5602
  35       -0.5580
  36       -0.4209
  37       -0.4194
  38       -0.4180
  39       -0.1418
  40       -0.1400
  41       -0.1386
  42       -0.1386
  43       -0.1373
  44       -0.1357
  45        0.2200
  46        0.2220
  47        0.2240
  48        0.2702
  49        0.2723
  50        0.2743
  51        0.3538
  52        0.3562
  53        0.3573
  54        0.3573
  55        0.3582
  56        0.3608
  57        0.5107
  58        0.5134
  59        0.5156
  60        0.5491
  61        0.5497
  62        0.5519
  63        0.5520
  64        0.5539
  65        0.5546
  66        0.5597
  67        0.5601
  68        0.5606
  69        0.6706
  70        0.8834
  71        0.8836
  72        0.9679
  73        0.9681
  74        0.9955
  75        0.9970
  76        0.9993
  77        1.0082
  78        1.0082
  79        1.0106
  80        1.0107
  81        1.0131
  82        1.0138
  83        1.0647
  84        1.0660
  85        1.0676
  86        1.0891
  87        1.0895
  88        1.0896
  89        1.1846
  90        1.1857
  91        1.1867
  92        1.2862
  93        1.2877
  94        1.2885
  95        1.2906
  96        1.2923
  97        1.2960
  98        1.3750
  99        1.3763
 100        1.3774
 101        1.7632
 102        1.7662
 103        1.7689
 104        1.8020
 105        1.8024
 106        1.8050
 107        1.8050
 108        1.8076
 109        1.8079
 110        1.9699
 111        1.9719
 112        1.9737
 113        2.0381
 114        2.0407
 115        2.0435
 116        2.1433
 117        2.1490
 118        2.1491
 119        2.1495
 120        2.1497
 121        2.1554
 122        2.1952
 123        2.1953
 124        2.3256
 125        2.3277
 126        2.3287
 127        2.3289
 128        2.3295
 129        2.3321
 130        2.3345
 131        2.6019
 132        2.6027
 133        2.6031
 134        2.6344
 135        2.6367
 136        2.6384
 137        2.9274
 138        2.9301
 139        2.9309
 140        2.9309
 141        2.9311
 142        2.9340
 143        2.9412
 144        2.9415
 145        2.9418
 146        3.0029
 147        3.0036
 148        3.0043
 149        3.0496
 150        3.0498
 151        3.2234
 152        3.2236
 153        3.2239
 154        3.4131
 155        3.4131
 156        3.4136
 157        3.4314
 158        3.4327
 159        3.4334
 160        3.4334
 161        3.4341
 162        3.4352
 163        3.4491
 164        3.4505
 165        3.4521
 166        3.5008
 167        3.5026
 168        3.5041
 169        3.5631
 170        3.5631
 171        3.5632
 172        5.2064
 173        5.2070
 174        5.2086
 175        5.2087
 176        5.2103
 177        5.2109
 178        5.7040
 179        5.7045
 180        5.7049
 181        6.5085
 182        6.5099
 183        6.5112
 184        7.2335
 185        7.2340
 186        7.2344
 187        8.4372
 188        8.4391
 189        8.4400
 190        8.4400
 191        8.4409
 192        8.4428
 193        8.9132
 194        8.9146
 195        8.9160
 196       10.1205
 197       10.1220
 198       10.1234
 199       10.4838
 200       10.4844
 201       10.4872
 202       10.4872
 203       10.4901
 204       10.4906
 205       11.5040
 206       11.8952
 207       11.8956
 208       11.8957
 209       12.2779
 210       12.2788
 211       12.2804
 212       12.2822
