 Fermi:  0.0
 DOS:Total
0.1181	0.0000
0.1518	0.0041
0.1856	0.0041
0.2193	0.0163
0.2531	0.0000
0.2868	0.0123
0.3206	0.0041
0.3543	0.0082
0.3880	0.0163
0.4218	0.0041
0.4555	0.0163
0.4893	0.0286
0.5230	0.0163
0.5567	0.0327
0.5905	0.0204
0.6242	0.0245
0.6580	0.0123
0.6917	0.0245
0.7255	0.0245
0.7592	0.0327
0.7929	0.0368
0.8267	0.0204
0.8604	0.0245
0.8942	0.0286
0.9279	0.0736
0.9617	0.0490
0.9954	0.0777
1.0291	0.0695
1.0629	0.1144
1.0966	0.0572
1.1304	0.0654
1.1641	0.1063
1.1978	0.1104
1.2316	0.1267
1.2653	0.1635
1.2991	0.1758
1.3328	0.1022
1.3666	0.1798
1.4003	0.2779
1.4340	0.2698
1.4678	0.2330
1.5015	0.2820
1.5353	0.3556
1.5690	0.3392
1.6028	0.4087
1.6365	0.5109
1.6702	0.5600
1.7040	0.6621
1.7377	1.2180
1.7715	0.9155
1.8052	0.6744
1.8389	0.5926
1.8727	0.5640
1.9064	0.5395
1.9402	0.5926
1.9739	0.4782
2.0077	0.5027
2.0414	0.4700
2.0751	0.4332
2.1089	0.4169
2.1426	0.3474
2.1764	0.3392
2.2101	0.3352
2.2439	0.2984
2.2776	0.3270
2.3113	0.3065
2.3451	0.2698
2.3788	0.2984
2.4126	0.3433
2.4463	0.2371
2.4800	0.2943
2.5138	0.2575
2.5475	0.2452
2.5813	0.2698
2.6150	0.2861
2.6488	0.2657
2.6825	0.2575
2.7162	0.2330
2.7500	0.2943
2.7837	0.1962
2.8175	0.2207
2.8512	0.2289
2.8850	0.2044
2.9187	0.2003
2.9524	0.2289
2.9862	0.1921
3.0199	0.1471
3.0537	0.1798
3.0874	0.1431
3.1211	0.0981
3.1549	0.1104
3.1886	0.1308
3.2224	0.1022
3.2561	0.1267
3.2899	0.0981
3.3236	0.1267
3.3573	0.1635
3.3911	0.1880
3.4248	0.2534
3.4586	0.2575
3.4923	0.3801
3.5261	0.3556
3.5598	0.3760
3.5935	0.3352
3.6273	0.3719
3.6610	0.4332
3.6948	0.4332
3.7285	0.4373
3.7622	0.4210
3.7960	0.4496
3.8297	0.4986
3.8635	0.3719
3.8972	0.3065
3.9310	0.2698
3.9647	0.2861
3.9984	0.2452
4.0322	0.1880
4.0659	0.1962
4.0997	0.1798
4.1334	0.1144
4.1672	0.1512
4.2009	0.1431
4.2346	0.0777
4.2684	0.0777
4.3021	0.0695
4.3359	0.0409
4.3696	0.0409
4.4033	0.0204
4.4371	0.0409
4.4708	0.0245
4.5046	0.0163
4.5383	0.0000
 DOS:Au	2
0.1181	0.0000	0.0000	0.0000
0.1518	0.0013	0.0002	0.0026
0.1856	0.0001	0.0035	0.0005
0.2193	0.0066	0.0020	0.0078
0.2531	0.0000	0.0000	0.0000
0.2868	0.0019	0.0040	0.0063
0.3206	0.0039	0.0001	0.0001
0.3543	0.0001	0.0040	0.0041
0.3880	0.0102	0.0044	0.0017
0.4218	0.0000	0.0040	0.0000
0.4555	0.0097	0.0030	0.0036
0.4893	0.0039	0.0114	0.0134
0.5230	0.0057	0.0086	0.0020
0.5567	0.0111	0.0116	0.0100
0.5905	0.0092	0.0051	0.0062
0.6242	0.0090	0.0068	0.0087
0.6580	0.0012	0.0079	0.0032
0.6917	0.0062	0.0115	0.0068
0.7255	0.0104	0.0081	0.0060
0.7592	0.0103	0.0108	0.0116
0.7929	0.0134	0.0125	0.0109
0.8267	0.0090	0.0038	0.0076
0.8604	0.0078	0.0066	0.0102
0.8942	0.0018	0.0148	0.0120
0.9279	0.0233	0.0242	0.0261
0.9617	0.0122	0.0140	0.0229
0.9954	0.0275	0.0168	0.0334
1.0291	0.0258	0.0235	0.0201
1.0629	0.0405	0.0338	0.0402
1.0966	0.0147	0.0260	0.0165
1.1304	0.0150	0.0248	0.0255
1.1641	0.0391	0.0446	0.0225
1.1978	0.0348	0.0346	0.0410
1.2316	0.0380	0.0460	0.0427
1.2653	0.0597	0.0571	0.0467
1.2991	0.0627	0.0606	0.0524
1.3328	0.0356	0.0193	0.0473
1.3666	0.0678	0.0470	0.0651
1.4003	0.1005	0.0874	0.0900
1.4340	0.1080	0.0782	0.0836
1.4678	0.0718	0.0774	0.0838
1.5015	0.1082	0.0948	0.0791
1.5353	0.1120	0.1283	0.1154
1.5690	0.1029	0.1284	0.1079
1.6028	0.1329	0.1227	0.1531
1.6365	0.1724	0.1726	0.1659
1.6702	0.1792	0.1926	0.1882
1.7040	0.1894	0.2586	0.2142
1.7377	0.4051	0.3986	0.4143
1.7715	0.2907	0.3044	0.3205
1.8052	0.2294	0.2178	0.2273
1.8389	0.2021	0.2028	0.1878
1.8727	0.1748	0.1981	0.1911
1.9064	0.1660	0.1853	0.1882
1.9402	0.2116	0.1875	0.1936
1.9739	0.1605	0.1498	0.1680
2.0077	0.1862	0.1266	0.1899
2.0414	0.1690	0.1466	0.1545
2.0751	0.1451	0.1403	0.1478
2.1089	0.1377	0.1602	0.1190
2.1426	0.1147	0.1158	0.1169
2.1764	0.1097	0.1242	0.1053
2.2101	0.1331	0.1051	0.0970
2.2439	0.1122	0.0947	0.0915
2.2776	0.0973	0.1215	0.1082
2.3113	0.1060	0.0953	0.1052
2.3451	0.0848	0.0941	0.0908
2.3788	0.1088	0.0930	0.0966
2.4126	0.1379	0.1002	0.1053
2.4463	0.0745	0.0815	0.0810
2.4800	0.1106	0.1104	0.0732
2.5138	0.0865	0.0914	0.0796
2.5475	0.0849	0.0648	0.0955
2.5813	0.0884	0.1055	0.0758
2.6150	0.1080	0.0951	0.0830
2.6488	0.0918	0.0781	0.0958
2.6825	0.0898	0.0866	0.0812
2.7162	0.0680	0.0761	0.0888
2.7500	0.1102	0.0807	0.1033
2.7837	0.0752	0.0522	0.0688
2.8175	0.0951	0.0553	0.0703
2.8512	0.0692	0.0820	0.0777
2.8850	0.0580	0.0676	0.0788
2.9187	0.0679	0.0541	0.0783
2.9524	0.0623	0.0834	0.0832
2.9862	0.0632	0.0693	0.0596
3.0199	0.0454	0.0521	0.0496
3.0537	0.0562	0.0607	0.0629
3.0874	0.0473	0.0551	0.0407
3.1211	0.0318	0.0447	0.0216
3.1549	0.0354	0.0342	0.0407
3.1886	0.0445	0.0384	0.0478
3.2224	0.0460	0.0346	0.0216
3.2561	0.0339	0.0518	0.0410
3.2899	0.0309	0.0441	0.0231
3.3236	0.0330	0.0340	0.0597
3.3573	0.0475	0.0445	0.0715
3.3911	0.0536	0.0716	0.0627
3.4248	0.0770	0.0750	0.1013
3.4586	0.0743	0.0818	0.1013
3.4923	0.1422	0.1190	0.1189
3.5261	0.1301	0.1202	0.1053
3.5598	0.1442	0.1307	0.1011
3.5935	0.1007	0.1339	0.1005
3.6273	0.1151	0.1224	0.1345
3.6610	0.1202	0.1427	0.1704
3.6948	0.1486	0.1594	0.1252
3.7285	0.1581	0.1472	0.1320
3.7622	0.1453	0.1305	0.1452
3.7960	0.1524	0.1584	0.1388
3.8297	0.1562	0.1709	0.1715
3.8635	0.1080	0.1218	0.1421
3.8972	0.0925	0.1179	0.0962
3.9310	0.0818	0.0852	0.1028
3.9647	0.0907	0.0859	0.1095
3.9984	0.0840	0.0870	0.0743
4.0322	0.0670	0.0583	0.0627
4.0659	0.0637	0.0694	0.0631
4.0997	0.0494	0.0620	0.0685
4.1334	0.0425	0.0390	0.0329
4.1672	0.0483	0.0500	0.0529
4.2009	0.0467	0.0482	0.0482
4.2346	0.0298	0.0304	0.0175
4.2684	0.0273	0.0273	0.0231
4.3021	0.0230	0.0233	0.0231
4.3359	0.0139	0.0137	0.0133
4.3696	0.0134	0.0135	0.0140
4.4033	0.0067	0.0069	0.0067
4.4371	0.0136	0.0137	0.0136
4.4708	0.0082	0.0081	0.0082
4.5046	0.0055	0.0054	0.0054
4.5383	0.0000	0.0000	0.0000
