        4  number of thermod.function
       71  number of points of thermod.function
   Total    
         0.0010        0.1565297E+02
         1.0000        0.1565297E+02
         2.0000        0.1565296E+02
         3.0000        0.1565293E+02
         4.0000        0.1565284E+02
         5.0000        0.1565267E+02
        10.0000        0.1564888E+02
        15.0000        0.1563127E+02
        20.0000        0.1558043E+02
        30.0000        0.1530566E+02
        40.0000        0.1473057E+02
        50.0000        0.1382680E+02
        60.0000        0.1259861E+02
        70.0000        0.1106328E+02
        80.0000        0.9242035E+01
        90.0000        0.7156163E+01
       100.0000        0.4825518E+01
       125.0000       -0.1958722E+01
       150.0000       -0.9934186E+01
       175.0000       -0.1892735E+02
       200.0000       -0.2880603E+02
       225.0000       -0.3946719E+02
       250.0000       -0.5082852E+02
       273.0000       -0.6184155E+02
       275.0000       -0.6282304E+02
       298.0000       -0.7436937E+02
       300.0000       -0.7539528E+02
       350.0000       -0.1020928E+03
       400.0000       -0.1306222E+03
       450.0000       -0.1607575E+03
       500.0000       -0.1923220E+03
       550.0000       -0.2251742E+03
       600.0000       -0.2591976E+03
       650.0000       -0.2942953E+03
       700.0000       -0.3303850E+03
       750.0000       -0.3673962E+03
       800.0000       -0.4052676E+03
       850.0000       -0.4439457E+03
       900.0000       -0.4833831E+03
       950.0000       -0.5235377E+03
      1000.0000       -0.5643719E+03
      1050.0000       -0.6058518E+03
      1100.0000       -0.6479467E+03
      1150.0000       -0.6906287E+03
      1200.0000       -0.7338723E+03
      1250.0000       -0.7776539E+03
      1300.0000       -0.8219524E+03
      1350.0000       -0.8667478E+03
      1400.0000       -0.9120214E+03
      1450.0000       -0.9577567E+03
      1500.0000       -0.1003938E+04
      1550.0000       -0.1050549E+04
      1600.0000       -0.1097577E+04
      1650.0000       -0.1145009E+04
      1700.0000       -0.1192833E+04
      1750.0000       -0.1241036E+04
      1800.0000       -0.1289609E+04
      1850.0000       -0.1338541E+04
      1900.0000       -0.1387822E+04
      1950.0000       -0.1437443E+04
      2000.0000       -0.1487395E+04
      2100.0000       -0.1588262E+04
      2200.0000       -0.1690359E+04
      2300.0000       -0.1793631E+04
      2400.0000       -0.1898028E+04
      2500.0000       -0.2003502E+04
      2600.0000       -0.2110010E+04
      2700.0000       -0.2217512E+04
      2800.0000       -0.2325971E+04
      2900.0000       -0.2435354E+04
      3000.0000       -0.2545629E+04
       71  number of points of thermod.function
   1Au__:X/D
         0.0010        0.5201405E+01
         1.0000        0.5201405E+01
         2.0000        0.5201404E+01
         3.0000        0.5201395E+01
         4.0000        0.5201367E+01
         5.0000        0.5201312E+01
        10.0000        0.5200061E+01
        15.0000        0.5194218E+01
        20.0000        0.5177307E+01
        30.0000        0.5085654E+01
        40.0000        0.4893554E+01
        50.0000        0.4591543E+01
        60.0000        0.4181111E+01
        70.0000        0.3668090E+01
        80.0000        0.3059607E+01
        90.0000        0.2362799E+01
       100.0000        0.1584314E+01
       125.0000       -0.6813722E+00
       150.0000       -0.3344372E+01
       175.0000       -0.6346746E+01
       200.0000       -0.9644392E+01
       225.0000       -0.1320292E+02
       250.0000       -0.1699488E+02
       273.0000       -0.2067039E+02
       275.0000       -0.2099795E+02
       298.0000       -0.2485124E+02
       300.0000       -0.2519360E+02
       350.0000       -0.3410266E+02
       400.0000       -0.4362238E+02
       450.0000       -0.5367744E+02
       500.0000       -0.6420893E+02
       550.0000       -0.7516963E+02
       600.0000       -0.8652080E+02
       650.0000       -0.9823006E+02
       700.0000       -0.1102700E+03
       750.0000       -0.1226171E+03
       800.0000       -0.1352510E+03
       850.0000       -0.1481537E+03
       900.0000       -0.1613095E+03
       950.0000       -0.1747044E+03
      1000.0000       -0.1883259E+03
      1050.0000       -0.2021626E+03
      1100.0000       -0.2162042E+03
      1150.0000       -0.2304417E+03
      1200.0000       -0.2448662E+03
      1250.0000       -0.2594702E+03
      1300.0000       -0.2742464E+03
      1350.0000       -0.2891883E+03
      1400.0000       -0.3042896E+03
      1450.0000       -0.3195448E+03
      1500.0000       -0.3349484E+03
      1550.0000       -0.3504956E+03
      1600.0000       -0.3661817E+03
      1650.0000       -0.3820024E+03
      1700.0000       -0.3979538E+03
      1750.0000       -0.4140317E+03
      1800.0000       -0.4302328E+03
      1850.0000       -0.4465534E+03
      1900.0000       -0.4629904E+03
      1950.0000       -0.4795409E+03
      2000.0000       -0.4962017E+03
      2100.0000       -0.5298439E+03
      2200.0000       -0.5638966E+03
      2300.0000       -0.5983407E+03
      2400.0000       -0.6331599E+03
      2500.0000       -0.6683378E+03
      2600.0000       -0.7038605E+03
      2700.0000       -0.7397148E+03
      2800.0000       -0.7758882E+03
      2900.0000       -0.8123694E+03
      3000.0000       -0.8491476E+03
       71  number of points of thermod.function
   1Au__:Y/D
         0.0010        0.5231013E+01
         1.0000        0.5231013E+01
         2.0000        0.5231011E+01
         3.0000        0.5231004E+01
         4.0000        0.5230981E+01
         5.0000        0.5230930E+01
        10.0000        0.5229719E+01
        15.0000        0.5223897E+01
        20.0000        0.5207012E+01
        30.0000        0.5115695E+01
        40.0000        0.4924569E+01
        50.0000        0.4624172E+01
        60.0000        0.4215864E+01
        70.0000        0.3705347E+01
        80.0000        0.3099649E+01
        90.0000        0.2405834E+01
       100.0000        0.1630499E+01
       125.0000       -0.6268393E+00
       150.0000       -0.3281062E+01
       175.0000       -0.6274401E+01
       200.0000       -0.9562842E+01
       225.0000       -0.1311205E+02
       250.0000       -0.1689462E+02
       273.0000       -0.2056144E+02
       275.0000       -0.2088823E+02
       298.0000       -0.2473279E+02
       300.0000       -0.2507438E+02
       350.0000       -0.3396436E+02
       400.0000       -0.4346489E+02
       450.0000       -0.5350069E+02
       500.0000       -0.6401292E+02
       550.0000       -0.7495432E+02
       600.0000       -0.8628613E+02
       650.0000       -0.9797605E+02
       700.0000       -0.1099966E+03
       750.0000       -0.1223243E+03
       800.0000       -0.1349388E+03
       850.0000       -0.1478221E+03
       900.0000       -0.1609586E+03
       950.0000       -0.1743341E+03
      1000.0000       -0.1879361E+03
      1050.0000       -0.2017534E+03
      1100.0000       -0.2157757E+03
      1150.0000       -0.2299936E+03
      1200.0000       -0.2443987E+03
      1250.0000       -0.2589833E+03
      1300.0000       -0.2737401E+03
      1350.0000       -0.2886625E+03
      1400.0000       -0.3037444E+03
      1450.0000       -0.3189801E+03
      1500.0000       -0.3343644E+03
      1550.0000       -0.3498921E+03
      1600.0000       -0.3655588E+03
      1650.0000       -0.3813602E+03
      1700.0000       -0.3972920E+03
      1750.0000       -0.4133505E+03
      1800.0000       -0.4295320E+03
      1850.0000       -0.4458332E+03
      1900.0000       -0.4622509E+03
      1950.0000       -0.4787819E+03
      2000.0000       -0.4954233E+03
      2100.0000       -0.5290267E+03
      2200.0000       -0.5630403E+03
      2300.0000       -0.5974457E+03
      2400.0000       -0.6322258E+03
      2500.0000       -0.6673650E+03
      2600.0000       -0.7028489E+03
      2700.0000       -0.7386642E+03
      2800.0000       -0.7747985E+03
      2900.0000       -0.8112410E+03
      3000.0000       -0.8479803E+03
       71  number of points of thermod.function
   1Au__:Z/D
         0.0010        0.5220547E+01
         1.0000        0.5220547E+01
         2.0000        0.5220545E+01
         3.0000        0.5220532E+01
         4.0000        0.5220496E+01
         5.0000        0.5220429E+01
        10.0000        0.5219100E+01
        15.0000        0.5213151E+01
        20.0000        0.5196110E+01
        30.0000        0.5104313E+01
        40.0000        0.4912448E+01
        50.0000        0.4611083E+01
        60.0000        0.4201632E+01
        70.0000        0.3689843E+01
        80.0000        0.3082779E+01
        90.0000        0.2387529E+01
       100.0000        0.1610706E+01
       125.0000       -0.6505105E+00
       150.0000       -0.3308754E+01
       175.0000       -0.6306202E+01
       200.0000       -0.9598806E+01
       225.0000       -0.1315222E+02
       250.0000       -0.1693901E+02
       273.0000       -0.2060974E+02
       275.0000       -0.2093687E+02
       298.0000       -0.2478535E+02
       300.0000       -0.2512729E+02
       350.0000       -0.3402582E+02
       400.0000       -0.4353494E+02
       450.0000       -0.5357935E+02
       500.0000       -0.6410020E+02
       550.0000       -0.7505022E+02
       600.0000       -0.8639069E+02
       650.0000       -0.9808923E+02
       700.0000       -0.1101185E+03
       750.0000       -0.1224548E+03
       800.0000       -0.1350779E+03
       850.0000       -0.1479699E+03
       900.0000       -0.1611151E+03
       950.0000       -0.1744992E+03
      1000.0000       -0.1881099E+03
      1050.0000       -0.2019359E+03
      1100.0000       -0.2159668E+03
      1150.0000       -0.2301934E+03
      1200.0000       -0.2446073E+03
      1250.0000       -0.2592004E+03
      1300.0000       -0.2739659E+03
      1350.0000       -0.2888970E+03
      1400.0000       -0.3039875E+03
      1450.0000       -0.3192319E+03
      1500.0000       -0.3346248E+03
      1550.0000       -0.3501613E+03
      1600.0000       -0.3658367E+03
      1650.0000       -0.3816467E+03
      1700.0000       -0.3975871E+03
      1750.0000       -0.4136543E+03
      1800.0000       -0.4298445E+03
      1850.0000       -0.4461544E+03
      1900.0000       -0.4625807E+03
      1950.0000       -0.4791203E+03
      2000.0000       -0.4957705E+03
      2100.0000       -0.5293912E+03
      2200.0000       -0.5634222E+03
      2300.0000       -0.5978450E+03
      2400.0000       -0.6326424E+03
      2500.0000       -0.6677990E+03
      2600.0000       -0.7033002E+03
      2700.0000       -0.7391328E+03
      2800.0000       -0.7752845E+03
      2900.0000       -0.8117443E+03
      3000.0000       -0.8485010E+03
