   32   32    1    1
  0.1831576E+02  0.8368706E-09  0.8368706E-09  0.8368706E-09  0.5000000E-15
  1.000000000000000E-004
  CAR 
 No title                                
  352    1  212
 
  0.2500000E+00  0.2500000E+00  0.2500000E+00  0.1000000E+01
   1       -3.8997
   2       -2.9823
   3       -2.9512
   4       -2.9492
   5       -2.9472
   6       -2.9090
   7       -2.9087
   8       -2.9085
   9       -2.8253
  10       -2.8252
  11       -2.8251
  12       -2.7622
  13       -2.7617
  14       -2.7613
  15       -2.6343
  16       -2.6331
  17       -2.6319
  18       -2.6139
  19       -2.6126
  20       -2.6112
  21       -2.4988
  22       -2.4972
  23       -2.4965
  24       -2.4965
  25       -2.4959
  26       -2.4944
  27       -2.4358
  28       -2.4344
  29       -2.4330
  30       -2.4113
  31       -2.4107
  32       -2.4092
  33       -2.4092
  34       -2.4078
  35       -2.4073
  36       -2.3877
  37       -2.3868
  38       -2.3859
  39       -2.2326
  40       -2.2316
  41       -2.2307
  42       -2.2306
  43       -2.2297
  44       -2.2288
  45       -1.9843
  46       -1.9828
  47       -1.9814
  48       -1.9235
  49       -1.9222
  50       -1.9210
  51       -1.9062
  52       -1.9048
  53       -1.9040
  54       -1.9040
  55       -1.9034
  56       -1.9017
  57       -1.7936
  58       -1.7934
  59       -1.7931
  60       -1.7203
  61       -1.6773
  62       -1.6761
  63       -1.6749
  64       -1.5940
  65       -1.5935
  66       -1.5921
  67       -1.5918
  68       -1.5906
  69       -1.5905
  70       -1.5891
  71       -1.5890
  72       -1.5421
  73       -1.5421
  74       -1.4537
  75       -1.4536
  76       -1.4535
  77       -1.3896
  78       -1.3892
  79       -1.3887
  80       -1.3874
  81       -1.3865
  82       -1.3861
  83       -1.3860
  84       -1.3844
  85       -1.3841
  86       -1.3656
  87       -1.3647
  88       -1.3638
  89       -1.3394
  90       -1.3379
  91       -1.3362
  92       -1.3277
  93       -1.3275
  94       -1.3274
  95       -1.2686
  96       -1.2679
  97       -1.2673
  98       -1.0138
  99       -1.0134
 100       -1.0112
 101       -1.0108
 102       -1.0096
 103       -1.0085
 104       -0.9483
 105       -0.9483
 106       -0.9467
 107       -0.9467
 108       -0.9451
 109       -0.9451
 110       -0.7793
 111       -0.7771
 112       -0.7757
 113       -0.7708
 114       -0.7693
 115       -0.7673
 116       -0.7650
 117       -0.7649
 118       -0.7141
 119       -0.7131
 120       -0.7121
 121       -0.7051
 122       -0.7034
 123       -0.7016
 124       -0.6381
 125       -0.6365
 126       -0.6361
 127       -0.6361
 128       -0.6357
 129       -0.6340
 130       -0.4887
 131       -0.4876
 132       -0.4865
 133       -0.3526
 134       -0.3523
 135       -0.3521
 136       -0.2904
 137       -0.2902
 138       -0.2901
 139       -0.2775
 140       -0.2758
 141       -0.2756
 142       -0.2756
 143       -0.2753
 144       -0.2738
 145       -0.2555
 146       -0.2551
 147       -0.2549
 148       -0.2271
 149       -0.2270
 150       -0.1257
 151       -0.1256
 152       -0.1255
 153       -0.0161
 154       -0.0160
 155       -0.0158
 156        0.0088
 157        0.0096
 158        0.0099
 159        0.0099
 160        0.0103
 161        0.0110
 162        0.0777
 163        0.0777
 164        0.0777
 165        0.4158
 166        0.4171
 167        0.4184
 168        0.6421
 169        1.0762
 170        1.0776
 171        1.0791
 172        2.6095
 173        2.6101
 174        2.6117
 175        2.6117
 176        2.6132
 177        2.6138
 178        3.2543
 179        3.2545
 180        3.2546
 181        4.2949
 182        4.2956
 183        4.2964
 184        4.9766
 185        4.9779
 186        4.9792
 187        6.0861
 188        6.0876
 189        6.0887
 190        6.0887
 191        6.0898
 192        6.0913
 193        6.7971
 194        6.7979
 195        6.7987
 196        7.6125
 197        7.6130
 198        7.6135
 199        8.4742
 200        8.4751
 201        8.4775
 202        8.4775
 203        8.4800
 204        8.4808
 205        9.0118
 206        9.9131
 207        9.9131
 208        9.9151
 209        9.9151
 210        9.9171
 211        9.9171
 212       10.4191
