   32   32  100    1
  0.1778233E+02  0.8286660E-09  0.8286660E-09  0.8286660E-09  0.5000000E-15
  1.000000000000000E-004
  CAR 
 No title                                
  352   20  212
 
  0.6250000E-01  0.6250000E-01  0.6250000E-01  0.1562500E-01
   1       -4.2812
   2       -3.0327
   3       -3.0327
   4       -3.0327
   5       -3.0026
   6       -2.9915
   7       -2.9915
   8       -2.9915
   9       -2.9117
  10       -2.9117
  11       -2.9117
  12       -2.6550
  13       -2.6550
  14       -2.6550
  15       -2.5523
  16       -2.5523
  17       -2.5523
  18       -2.3434
  19       -2.3434
  20       -2.3434
  21       -2.3434
  22       -2.3434
  23       -2.3434
  24       -2.3265
  25       -2.3265
  26       -2.3265
  27       -2.1916
  28       -2.1916
  29       -2.1916
  30       -2.0976
  31       -2.0976
  32       -2.0976
  33       -2.0834
  34       -2.0834
  35       -2.0834
  36       -2.0598
  37       -2.0598
  38       -2.0598
  39       -2.0598
  40       -2.0598
  41       -2.0598
  42       -1.9085
  43       -1.9085
  44       -1.9085
  45       -1.9085
  46       -1.9085
  47       -1.9085
  48       -1.8215
  49       -1.8215
  50       -1.8215
  51       -1.8178
  52       -1.8178
  53       -1.8178
  54       -1.8178
  55       -1.8178
  56       -1.8178
  57       -1.7718
  58       -1.7718
  59       -1.7718
  60       -1.6339
  61       -1.6339
  62       -1.6339
  63       -1.6339
  64       -1.6339
  65       -1.6339
  66       -1.5598
  67       -1.5598
  68       -1.5598
  69       -1.5447
  70       -1.5447
  71       -1.5379
  72       -1.5356
  73       -1.5356
  74       -1.5356
  75       -1.5231
  76       -1.5231
  77       -1.4658
  78       -1.4658
  79       -1.4658
  80       -1.4658
  81       -1.4658
  82       -1.4658
  83       -1.4428
  84       -1.4428
  85       -1.4428
  86       -1.3966
  87       -1.3966
  88       -1.3966
  89       -0.9583
  90       -0.9583
  91       -0.9583
  92       -0.9060
  93       -0.9060
  94       -0.9060
  95       -0.8975
  96       -0.8975
  97       -0.8975
  98       -0.8893
  99       -0.8893
 100       -0.8893
 101       -0.8893
 102       -0.8893
 103       -0.8893
 104       -0.8159
 105       -0.8159
 106       -0.8159
 107       -0.7139
 108       -0.7139
 109       -0.7139
 110       -0.6403
 111       -0.6403
 112       -0.6403
 113       -0.6270
 114       -0.6270
 115       -0.6270
 116       -0.5877
 117       -0.5877
 118       -0.5877
 119       -0.5733
 120       -0.5733
 121       -0.5435
 122       -0.5435
 123       -0.5435
 124       -0.5435
 125       -0.5435
 126       -0.5435
 127       -0.5196
 128       -0.5196
 129       -0.5196
 130       -0.5196
 131       -0.5196
 132       -0.5196
 133       -0.4465
 134       -0.4465
 135       -0.4465
 136       -0.2514
 137       -0.2514
 138       -0.2514
 139       -0.2308
 140       -0.2308
 141       -0.2308
 142       -0.1784
 143       -0.1784
 144       -0.1784
 145        0.1064
 146        0.1064
 147        0.1064
 148        0.1264
 149        0.1264
 150        0.1264
 151        0.1544
 152        0.1544
 153        0.1696
 154        0.1696
 155        0.1696
 156        0.3229
 157        0.3229
 158        0.3229
 159        0.3486
 160        0.3486
 161        0.3486
 162        0.3486
 163        0.3486
 164        0.3486
 165        0.3511
 166        0.3511
 167        0.3511
 168        2.0102
 169        2.0102
 170        2.0102
 171        2.5824
 172        2.5824
 173        2.5824
 174        2.5824
 175        2.5824
 176        2.5824
 177        2.6401
 178        2.9174
 179        2.9174
 180        2.9174
 181        3.1740
 182        3.1740
 183        3.1740
 184        4.7860
 185        4.7860
 186        4.7860
 187        6.5753
 188        6.5753
 189        6.5753
 190        6.8092
 191        8.4250
 192        8.4250
 193        8.4250
 194        8.4250
 195        8.4250
 196        8.4250
 197        9.1227
 198        9.1227
 199        9.1227
 200        9.1228
 201        9.1231
 202        9.1259
 203        9.6782
 204        9.6810
 205        9.7435
 206       10.2149
 207       10.2152
 208       10.2182
 209       10.2612
 210       10.3257
 211       11.2700
 212       11.3021
 
  0.1875000E+00  0.6250000E-01  0.6250000E-01  0.4687500E-01
   1       -4.2024
   2       -3.0010
   3       -2.9927
   4       -2.9927
   5       -2.9755
   6       -2.9536
   7       -2.9536
   8       -2.9428
   9       -2.8940
  10       -2.8877
  11       -2.8740
  12       -2.8740
  13       -2.6062
  14       -2.6062
  15       -2.5689
  16       -2.5057
  17       -2.5057
  18       -2.4561
  19       -2.4165
  20       -2.4165
  21       -2.3188
  22       -2.3188
  23       -2.3091
  24       -2.3091
  25       -2.3000
  26       -2.3000
  27       -2.2926
  28       -2.2509
  29       -2.2509
  30       -2.2389
  31       -2.1701
  32       -2.1701
  33       -2.1513
  34       -2.1513
  35       -2.1348
  36       -2.1348
  37       -2.1174
  38       -2.1174
  39       -2.0582
  40       -2.0582
  41       -2.0565
  42       -2.0369
  43       -2.0369
  44       -1.9099
  45       -1.9099
  46       -1.9060
  47       -1.9060
  48       -1.8439
  49       -1.8439
  50       -1.8388
  51       -1.8388
  52       -1.8358
  53       -1.8358
  54       -1.7695
  55       -1.7456
  56       -1.7456
  57       -1.7390
  58       -1.7390
  59       -1.6984
  60       -1.6545
  61       -1.6545
  62       -1.6299
  63       -1.6299
  64       -1.5872
  65       -1.5814
  66       -1.5814
  67       -1.5743
  68       -1.5743
  69       -1.5740
  70       -1.5740
  71       -1.5648
  72       -1.5427
  73       -1.5255
  74       -1.5115
  75       -1.5115
  76       -1.5053
  77       -1.5053
  78       -1.4985
  79       -1.4976
  80       -1.4957
  81       -1.4316
  82       -1.4316
  83       -1.3341
  84       -1.3341
  85       -1.2979
  86       -1.2979
  87       -1.2542
  88       -1.2431
  89       -1.0761
  90       -1.0761
  91       -1.0675
  92       -1.0342
  93       -0.9921
  94       -0.9890
  95       -0.9890
  96       -0.9800
  97       -0.9247
  98       -0.9247
  99       -0.9229
 100       -0.9229
 101       -0.8262
 102       -0.8262
 103       -0.8249
 104       -0.8249
 105       -0.8046
 106       -0.8046
 107       -0.7879
 108       -0.7785
 109       -0.7785
 110       -0.6928
 111       -0.6928
 112       -0.6530
 113       -0.6530
 114       -0.6026
 115       -0.5599
 116       -0.5545
 117       -0.5545
 118       -0.5499
 119       -0.5499
 120       -0.5413
 121       -0.5413
 122       -0.5068
 123       -0.5036
 124       -0.4727
 125       -0.4727
 126       -0.4598
 127       -0.4501
 128       -0.4501
 129       -0.4057
 130       -0.4057
 131       -0.3840
 132       -0.3840
 133       -0.3498
 134       -0.3409
 135       -0.3409
 136       -0.3219
 137       -0.2192
 138       -0.2192
 139       -0.1865
 140       -0.1865
 141       -0.1048
 142       -0.0307
 143       -0.0112
 144       -0.0112
 145        0.0495
 146        0.0495
 147        0.0840
 148        0.0840
 149        0.0908
 150        0.1048
 151        0.1083
 152        0.1496
 153        0.1515
 154        0.1515
 155        0.1926
 156        0.1926
 157        0.2737
 158        0.2970
 159        0.2970
 160        0.2977
 161        0.2977
 162        0.3072
 163        0.3083
 164        0.3485
 165        0.3485
 166        0.3486
 167        0.3486
 168        1.5098
 169        1.5098
 170        2.0143
 171        2.0533
 172        2.0533
 173        2.3885
 174        2.5971
 175        2.5971
 176        2.8716
 177        2.8716
 178        3.1450
 179        3.1943
 180        3.2336
 181        3.2336
 182        3.8356
 183        3.8356
 184        4.2674
 185        4.9861
 186        4.9861
 187        6.5945
 188        6.8353
 189        6.8353
 190        7.2425
 191        7.5705
 192        7.5705
 193        7.7287
 194        7.7287
 195        8.1929
 196        8.1929
 197        8.5453
 198        8.5453
 199        9.2409
 200        9.2416
 201        9.6948
 202        9.7089
 203        9.7424
 204        9.7562
 205       10.0727
 206       10.2453
 207       10.2698
 208       10.4197
 209       10.5148
 210       10.5558
 211       10.6411
 212       10.7194
 
  0.3125000E+00  0.6250000E-01  0.6250000E-01  0.4687500E-01
   1       -4.0472
   2       -3.2113
   3       -2.9398
   4       -2.9156
   5       -2.9156
   6       -2.9101
   7       -2.8784
   8       -2.8784
   9       -2.8581
  10       -2.8405
  11       -2.7990
  12       -2.7990
  13       -2.6497
  14       -2.5760
  15       -2.5379
  16       -2.5379
  17       -2.5148
  18       -2.5148
  19       -2.4940
  20       -2.4476
  21       -2.4476
  22       -2.4197
  23       -2.4197
  24       -2.4189
  25       -2.3621
  26       -2.3621
  27       -2.2765
  28       -2.2765
  29       -2.2446
  30       -2.2446
  31       -2.2435
  32       -2.2435
  33       -2.1779
  34       -2.1779
  35       -2.1644
  36       -2.1644
  37       -2.1272
  38       -2.1272
  39       -2.1180
  40       -2.1180
  41       -2.0216
  42       -2.0216
  43       -1.9265
  44       -1.9041
  45       -1.9041
  46       -1.9040
  47       -1.9040
  48       -1.8959
  49       -1.8959
  50       -1.8819
  51       -1.8819
  52       -1.8817
  53       -1.8817
  54       -1.7524
  55       -1.7524
  56       -1.7458
  57       -1.7025
  58       -1.7025
  59       -1.6861
  60       -1.6861
  61       -1.6729
  62       -1.6729
  63       -1.6373
  64       -1.6241
  65       -1.6237
  66       -1.6237
  67       -1.6233
  68       -1.6233
  69       -1.6218
  70       -1.5983
  71       -1.5983
  72       -1.5839
  73       -1.5839
  74       -1.5526
  75       -1.4856
  76       -1.4856
  77       -1.4786
  78       -1.4487
  79       -1.4487
  80       -1.4425
  81       -1.4413
  82       -1.4347
  83       -1.2448
  84       -1.2448
  85       -1.1934
  86       -1.1668
  87       -1.1668
  88       -1.1501
  89       -1.1501
  90       -1.1406
  91       -1.1279
  92       -1.1162
  93       -1.0138
  94       -1.0138
  95       -1.0026
  96       -0.9886
  97       -0.9886
  98       -0.9743
  99       -0.8593
 100       -0.8593
 101       -0.8467
 102       -0.8316
 103       -0.8316
 104       -0.7328
 105       -0.7328
 106       -0.7195
 107       -0.7195
 108       -0.6916
 109       -0.6916
 110       -0.6777
 111       -0.6777
 112       -0.6597
 113       -0.6597
 114       -0.6577
 115       -0.5666
 116       -0.5666
 117       -0.5438
 118       -0.5438
 119       -0.5362
 120       -0.5362
 121       -0.5335
 122       -0.4481
 123       -0.4481
 124       -0.3874
 125       -0.3601
 126       -0.3549
 127       -0.3549
 128       -0.3027
 129       -0.2829
 130       -0.2769
 131       -0.2769
 132       -0.2639
 133       -0.2639
 134       -0.2324
 135       -0.2324
 136       -0.2310
 137       -0.2224
 138       -0.2111
 139       -0.2111
 140       -0.2041
 141       -0.2041
 142       -0.0875
 143       -0.0622
 144       -0.0622
 145       -0.0319
 146        0.0234
 147        0.0240
 148        0.0240
 149        0.0356
 150        0.0356
 151        0.0695
 152        0.0908
 153        0.0908
 154        0.0957
 155        0.1791
 156        0.2013
 157        0.2013
 158        0.2023
 159        0.2023
 160        0.2265
 161        0.3483
 162        0.3483
 163        0.3484
 164        0.3484
 165        0.3810
 166        0.3810
 167        0.9954
 168        1.0710
 169        1.0710
 170        1.5769
 171        1.5769
 172        2.0253
 173        2.2093
 174        2.6267
 175        2.6267
 176        2.8021
 177        2.8021
 178        3.2307
 179        3.2695
 180        3.4865
 181        3.9661
 182        3.9661
 183        4.5717
 184        4.5717
 185        5.3528
 186        5.3528
 187        6.6025
 188        6.6025
 189        6.8949
 190        7.0540
 191        7.0540
 192        7.2089
 193        7.2089
 194        7.3175
 195        7.3175
 196        7.8305
 197        8.7768
 198        8.7768
 199        9.0686
 200        9.4626
 201        9.4720
 202        9.6616
 203        9.6651
 204        9.7312
 205        9.7639
 206        9.9068
 207        9.9604
 208       10.0298
 209       10.0971
 210       10.5264
 211       10.6528
 212       10.6882
 
  0.4375000E+00  0.6250000E-01  0.6250000E-01  0.4687500E-01
   1       -3.8210
   2       -3.5350
   3       -2.8543
   4       -2.8071
   5       -2.8071
   6       -2.8069
   7       -2.7714
   8       -2.7672
   9       -2.7672
  10       -2.7528
  11       -2.7395
  12       -2.6873
  13       -2.6873
  14       -2.6823
  15       -2.6762
  16       -2.6762
  17       -2.6674
  18       -2.6223
  19       -2.6223
  20       -2.5909
  21       -2.5410
  22       -2.5410
  23       -2.3958
  24       -2.3958
  25       -2.3124
  26       -2.3124
  27       -2.2742
  28       -2.2742
  29       -2.2301
  30       -2.2301
  31       -2.2081
  32       -2.2081
  33       -2.1928
  34       -2.1928
  35       -2.1538
  36       -2.1538
  37       -2.1524
  38       -2.1524
  39       -2.0629
  40       -2.0629
  41       -2.0606
  42       -2.0606
  43       -2.0191
  44       -2.0191
  45       -1.9796
  46       -1.9796
  47       -1.9134
  48       -1.9134
  49       -1.9078
  50       -1.9078
  51       -1.8758
  52       -1.8758
  53       -1.8168
  54       -1.8168
  55       -1.8072
  56       -1.7123
  57       -1.7123
  58       -1.7116
  59       -1.7116
  60       -1.7092
  61       -1.7040
  62       -1.6666
  63       -1.6653
  64       -1.6653
  65       -1.6299
  66       -1.6299
  67       -1.6173
  68       -1.6173
  69       -1.6095
  70       -1.6095
  71       -1.6004
  72       -1.5726
  73       -1.5219
  74       -1.5219
  75       -1.4686
  76       -1.4686
  77       -1.4055
  78       -1.3809
  79       -1.3809
  80       -1.3674
  81       -1.3674
  82       -1.3611
  83       -1.3609
  84       -1.3541
  85       -1.3541
  86       -1.3467
  87       -1.3089
  88       -1.2660
  89       -1.2660
  90       -1.2569
  91       -1.2557
  92       -1.2384
  93       -0.8397
  94       -0.8397
  95       -0.8360
  96       -0.8360
  97       -0.8050
  98       -0.7351
  99       -0.7305
 100       -0.7268
 101       -0.7268
 102       -0.6827
 103       -0.6827
 104       -0.6819
 105       -0.6819
 106       -0.6682
 107       -0.6682
 108       -0.6623
 109       -0.6546
 110       -0.6546
 111       -0.6124
 112       -0.6124
 113       -0.6044
 114       -0.6044
 115       -0.5996
 116       -0.5996
 117       -0.5616
 118       -0.5616
 119       -0.5180
 120       -0.5180
 121       -0.4951
 122       -0.4721
 123       -0.4564
 124       -0.4564
 125       -0.4514
 126       -0.4514
 127       -0.4458
 128       -0.3597
 129       -0.3597
 130       -0.3563
 131       -0.3563
 132       -0.3530
 133       -0.2196
 134       -0.2196
 135       -0.2158
 136       -0.1257
 137       -0.1257
 138       -0.1228
 139       -0.1174
 140       -0.0972
 141       -0.0895
 142       -0.0895
 143       -0.0854
 144       -0.0760
 145       -0.0760
 146       -0.0681
 147       -0.0681
 148       -0.0045
 149       -0.0045
 150       -0.0015
 151        0.0116
 152        0.0424
 153        0.0460
 154        0.0733
 155        0.0733
 156        0.0744
 157        0.0744
 158        0.1286
 159        0.3375
 160        0.3375
 161        0.3483
 162        0.3483
 163        0.3483
 164        0.3483
 165        0.6829
 166        0.6829
 167        0.7466
 168        0.7466
 169        1.1439
 170        1.1439
 171        1.7823
 172        2.0505
 173        2.1043
 174        2.6287
 175        2.6717
 176        2.6717
 177        2.7315
 178        2.7315
 179        3.2725
 180        3.2979
 181        4.7774
 182        4.7774
 183        5.3826
 184        5.3826
 185        5.6607
 186        5.6607
 187        5.8425
 188        5.8425
 189        6.2647
 190        6.2647
 191        6.4185
 192        6.4185
 193        7.4469
 194        7.9736
 195        7.9736
 196        8.1892
 197        8.5428
 198        8.7640
 199        8.7646
 200        9.1072
 201        9.1121
 202        9.3594
 203        9.5222
 204        9.5469
 205        9.7750
 206        9.7771
 207        9.8000
 208        9.8396
 209        9.8919
 210       10.1860
 211       10.9493
 212       11.0187
 
  0.1875000E+00  0.1875000E+00  0.6250000E-01  0.4687500E-01
   1       -4.1249
   2       -2.9610
   3       -2.9609
   4       -2.9609
   5       -2.9608
   6       -2.9281
   7       -2.8964
   8       -2.8964
   9       -2.8505
  10       -2.8505
  11       -2.8417
  12       -2.8417
  13       -2.8299
  14       -2.5811
  15       -2.5259
  16       -2.5259
  17       -2.4928
  18       -2.4247
  19       -2.4247
  20       -2.4089
  21       -2.4089
  22       -2.3803
  23       -2.3803
  24       -2.3335
  25       -2.3335
  26       -2.2856
  27       -2.2856
  28       -2.2764
  29       -2.2764
  30       -2.2431
  31       -2.2303
  32       -2.2303
  33       -2.2225
  34       -2.2044
  35       -2.2044
  36       -2.2041
  37       -2.1404
  38       -2.1404
  39       -2.1260
  40       -2.1189
  41       -2.1189
  42       -2.0395
  43       -2.0395
  44       -2.0352
  45       -2.0352
  46       -1.9329
  47       -1.9329
  48       -1.8517
  49       -1.8201
  50       -1.8201
  51       -1.8176
  52       -1.8176
  53       -1.8026
  54       -1.8026
  55       -1.7259
  56       -1.7259
  57       -1.7057
  58       -1.7057
  59       -1.6767
  60       -1.6671
  61       -1.6671
  62       -1.6214
  63       -1.6214
  64       -1.6176
  65       -1.6176
  66       -1.5787
  67       -1.5766
  68       -1.5356
  69       -1.5102
  70       -1.5057
  71       -1.4857
  72       -1.4779
  73       -1.4711
  74       -1.4571
  75       -1.4571
  76       -1.4403
  77       -1.4403
  78       -1.3906
  79       -1.3906
  80       -1.3781
  81       -1.3781
  82       -1.3545
  83       -1.3403
  84       -1.3403
  85       -1.3290
  86       -1.3290
  87       -1.3121
  88       -1.3121
  89       -1.1531
  90       -1.1490
  91       -1.1490
  92       -1.0452
  93       -1.0452
  94       -1.0176
  95       -0.9871
  96       -0.9871
  97       -0.9836
  98       -0.9332
  99       -0.9332
 100       -0.9149
 101       -0.9149
 102       -0.8970
 103       -0.8806
 104       -0.8806
 105       -0.7937
 106       -0.7911
 107       -0.7484
 108       -0.7208
 109       -0.7208
 110       -0.6775
 111       -0.6775
 112       -0.6725
 113       -0.6725
 114       -0.6100
 115       -0.5653
 116       -0.5573
 117       -0.5573
 118       -0.5459
 119       -0.5459
 120       -0.4867
 121       -0.4867
 122       -0.4729
 123       -0.4729
 124       -0.4625
 125       -0.4625
 126       -0.4040
 127       -0.4040
 128       -0.3987
 129       -0.3987
 130       -0.2915
 131       -0.2915
 132       -0.2779
 133       -0.2779
 134       -0.2691
 135       -0.2647
 136       -0.2537
 137       -0.2537
 138       -0.2009
 139       -0.1736
 140       -0.1736
 141       -0.1300
 142       -0.1106
 143       -0.0992
 144       -0.0992
 145       -0.0028
 146        0.0411
 147        0.0411
 148        0.0471
 149        0.0937
 150        0.1225
 151        0.1522
 152        0.1595
 153        0.1595
 154        0.1662
 155        0.1662
 156        0.1667
 157        0.2574
 158        0.2574
 159        0.2965
 160        0.2965
 161        0.2986
 162        0.2986
 163        0.3061
 164        0.3061
 165        0.3208
 166        0.5474
 167        0.5474
 168        1.0491
 169        1.5064
 170        1.5064
 171        1.9824
 172        2.0652
 173        2.0652
 174        2.6023
 175        2.6860
 176        2.6860
 177        3.2609
 178        3.2609
 179        3.3498
 180        3.3498
 181        3.8636
 182        3.8636
 183        4.4585
 184        4.4585
 185        4.4999
 186        5.1766
 187        6.6134
 188        6.6134
 189        6.9563
 190        6.9563
 191        7.2767
 192        7.6681
 193        7.6681
 194        7.7848
 195        7.8558
 196        7.8558
 197        8.2979
 198        8.2979
 199        8.8163
 200        8.8164
 201        9.5018
 202        9.5037
 203        9.7111
 204        9.9200
 205        9.9253
 206        9.9872
 207       10.0985
 208       10.1561
 209       10.3221
 210       10.3719
 211       10.4229
 212       11.2377
 
  0.3125000E+00  0.1875000E+00  0.6250000E-01  0.9375000E-01
   1       -3.9722
   2       -3.1528
   3       -2.9087
   4       -2.8995
   5       -2.8976
   6       -2.8835
   7       -2.8663
   8       -2.8155
   9       -2.8062
  10       -2.8040
  11       -2.7762
  12       -2.7446
  13       -2.7427
  14       -2.6093
  15       -2.5434
  16       -2.5414
  17       -2.5373
  18       -2.5294
  19       -2.5032
  20       -2.4714
  21       -2.4648
  22       -2.4492
  23       -2.3944
  24       -2.3895
  25       -2.3821
  26       -2.3784
  27       -2.3561
  28       -2.3461
  29       -2.3192
  30       -2.3186
  31       -2.3100
  32       -2.3052
  33       -2.2898
  34       -2.2473
  35       -2.2215
  36       -2.2192
  37       -2.1509
  38       -2.1418
  39       -2.1362
  40       -2.1193
  41       -2.0544
  42       -2.0504
  43       -2.0375
  44       -2.0075
  45       -1.9755
  46       -1.9618
  47       -1.9148
  48       -1.9140
  49       -1.9117
  50       -1.9049
  51       -1.8760
  52       -1.8574
  53       -1.8035
  54       -1.7874
  55       -1.7324
  56       -1.7285
  57       -1.6683
  58       -1.6635
  59       -1.6611
  60       -1.6607
  61       -1.6577
  62       -1.6381
  63       -1.6235
  64       -1.6137
  65       -1.6029
  66       -1.5910
  67       -1.5881
  68       -1.5719
  69       -1.5334
  70       -1.4739
  71       -1.4702
  72       -1.4657
  73       -1.4563
  74       -1.4544
  75       -1.4392
  76       -1.4257
  77       -1.4214
  78       -1.3883
  79       -1.3883
  80       -1.3836
  81       -1.3601
  82       -1.3544
  83       -1.2758
  84       -1.2576
  85       -1.2443
  86       -1.2240
  87       -1.1926
  88       -1.1869
  89       -1.1845
  90       -1.1317
  91       -1.1009
  92       -1.0738
  93       -1.0300
  94       -1.0263
  95       -1.0176
  96       -1.0107
  97       -1.0067
  98       -0.9903
  99       -0.9834
 100       -0.9760
 101       -0.9724
 102       -0.9364
 103       -0.8848
 104       -0.8197
 105       -0.8176
 106       -0.7956
 107       -0.7835
 108       -0.7756
 109       -0.7135
 110       -0.6555
 111       -0.6268
 112       -0.5918
 113       -0.5776
 114       -0.5765
 115       -0.5709
 116       -0.5420
 117       -0.5167
 118       -0.5165
 119       -0.5115
 120       -0.4807
 121       -0.4537
 122       -0.3816
 123       -0.3779
 124       -0.3755
 125       -0.3730
 126       -0.3729
 127       -0.3727
 128       -0.3499
 129       -0.3391
 130       -0.3237
 131       -0.2938
 132       -0.2742
 133       -0.2394
 134       -0.2365
 135       -0.1740
 136       -0.1708
 137       -0.1695
 138       -0.1530
 139       -0.1480
 140       -0.1478
 141       -0.1446
 142       -0.1402
 143       -0.1380
 144       -0.1237
 145       -0.1193
 146       -0.0452
 147       -0.0217
 148       -0.0101
 149        0.0225
 150        0.0483
 151        0.0590
 152        0.1111
 153        0.1293
 154        0.1320
 155        0.1340
 156        0.1834
 157        0.1843
 158        0.2018
 159        0.2044
 160        0.2318
 161        0.2964
 162        0.2996
 163        0.3040
 164        0.3056
 165        0.4278
 166        0.6593
 167        0.8949
 168        1.0636
 169        1.2099
 170        1.5043
 171        1.5895
 172        1.7083
 173        2.0930
 174        2.1841
 175        2.3862
 176        3.3116
 177        3.4078
 178        3.4392
 179        3.6727
 180        3.7201
 181        3.9089
 182        4.0068
 183        4.6086
 184        4.8044
 185        5.2321
 186        5.5288
 187        6.0189
 188        6.3574
 189        6.6578
 190        6.6834
 191        6.9211
 192        7.1903
 193        7.2646
 194        7.8381
 195        7.8707
 196        7.9094
 197        8.1047
 198        8.4363
 199        8.5004
 200        8.5320
 201        9.0064
 202        9.1128
 203        9.3872
 204        9.4068
 205        9.5983
 206        9.7429
 207       10.1485
 208       10.2417
 209       10.3670
 210       10.4375
 211       10.8468
 212       11.0340
 
  0.4375000E+00  0.1875000E+00  0.6250000E-01  0.9375000E-01
   1       -3.7501
   2       -3.4697
   3       -2.8191
   4       -2.8139
   5       -2.8035
   6       -2.7747
   7       -2.7688
   8       -2.7356
   9       -2.7127
  10       -2.7019
  11       -2.6922
  12       -2.6862
  13       -2.6823
  14       -2.6657
  15       -2.6469
  16       -2.6431
  17       -2.6366
  18       -2.6237
  19       -2.6090
  20       -2.5585
  21       -2.5416
  22       -2.5214
  23       -2.4840
  24       -2.4746
  25       -2.4600
  26       -2.4292
  27       -2.4225
  28       -2.3719
  29       -2.3709
  30       -2.3562
  31       -2.3384
  32       -2.2536
  33       -2.2406
  34       -2.2153
  35       -2.2106
  36       -2.2091
  37       -2.1319
  38       -2.1037
  39       -2.0919
  40       -2.0880
  41       -2.0838
  42       -2.0340
  43       -2.0308
  44       -2.0249
  45       -1.9888
  46       -1.9643
  47       -1.9634
  48       -1.9607
  49       -1.9215
  50       -1.9169
  51       -1.9085
  52       -1.8467
  53       -1.8126
  54       -1.7990
  55       -1.7701
  56       -1.7585
  57       -1.7476
  58       -1.7215
  59       -1.7027
  60       -1.7002
  61       -1.6440
  62       -1.6328
  63       -1.6094
  64       -1.5730
  65       -1.5559
  66       -1.5478
  67       -1.5393
  68       -1.5299
  69       -1.5163
  70       -1.5129
  71       -1.4721
  72       -1.4644
  73       -1.4561
  74       -1.4201
  75       -1.4022
  76       -1.3923
  77       -1.3798
  78       -1.3677
  79       -1.3619
  80       -1.3610
  81       -1.3510
  82       -1.3499
  83       -1.3338
  84       -1.3155
  85       -1.2968
  86       -1.2876
  87       -1.2654
  88       -1.2621
  89       -1.2572
  90       -1.2356
  91       -1.1941
  92       -1.1747
  93       -0.9889
  94       -0.9817
  95       -0.9793
  96       -0.9606
  97       -0.8505
  98       -0.8412
  99       -0.8317
 100       -0.8300
 101       -0.8234
 102       -0.7801
 103       -0.7551
 104       -0.7522
 105       -0.7326
 106       -0.7249
 107       -0.7211
 108       -0.7109
 109       -0.6854
 110       -0.6697
 111       -0.6477
 112       -0.6320
 113       -0.6187
 114       -0.6029
 115       -0.5957
 116       -0.5673
 117       -0.5646
 118       -0.5177
 119       -0.4989
 120       -0.4982
 121       -0.4931
 122       -0.4614
 123       -0.4419
 124       -0.4387
 125       -0.4338
 126       -0.4263
 127       -0.3991
 128       -0.3478
 129       -0.3308
 130       -0.3101
 131       -0.2692
 132       -0.2465
 133       -0.2212
 134       -0.2190
 135       -0.2004
 136       -0.1873
 137       -0.1713
 138       -0.1262
 139       -0.1236
 140       -0.0854
 141       -0.0753
 142       -0.0681
 143       -0.0667
 144       -0.0488
 145       -0.0271
 146       -0.0268
 147       -0.0252
 148       -0.0242
 149        0.0146
 150        0.0435
 151        0.0480
 152        0.0652
 153        0.0698
 154        0.0702
 155        0.0756
 156        0.0806
 157        0.0862
 158        0.0871
 159        0.1486
 160        0.2972
 161        0.2996
 162        0.3008
 163        0.3022
 164        0.3278
 165        0.3290
 166        0.6744
 167        0.7736
 168        1.1610
 169        1.2905
 170        1.5159
 171        1.5682
 172        1.7205
 173        1.9803
 174        2.1455
 175        2.2374
 176        2.8174
 177        3.3755
 178        3.4312
 179        3.9076
 180        3.9430
 181        4.2126
 182        4.8314
 183        5.0893
 184        5.2594
 185        5.4286
 186        5.7278
 187        5.7858
 188        6.0035
 189        6.0349
 190        6.3191
 191        6.5661
 192        6.9064
 193        7.0287
 194        7.4822
 195        7.6844
 196        8.1963
 197        8.2307
 198        8.4518
 199        8.5684
 200        8.5864
 201        8.7919
 202        8.8860
 203        9.1625
 204        9.1825
 205        9.4042
 206        9.7685
 207        9.7875
 208       10.0405
 209       10.4451
 210       10.4856
 211       10.6120
 212       10.6686
 
  0.3125000E+00  0.3125000E+00  0.6250000E-01  0.4687500E-01
   1       -3.8249
   2       -3.0401
   3       -3.0401
   4       -2.8731
   5       -2.8525
   6       -2.8220
   7       -2.8220
   8       -2.8215
   9       -2.7309
  10       -2.7309
  11       -2.7242
  12       -2.7242
  13       -2.6478
  14       -2.5598
  15       -2.5543
  16       -2.5543
  17       -2.5378
  18       -2.5378
  19       -2.5368
  20       -2.5368
  21       -2.5004
  22       -2.4971
  23       -2.4915
  24       -2.4915
  25       -2.4672
  26       -2.4672
  27       -2.4367
  28       -2.4367
  29       -2.3896
  30       -2.3346
  31       -2.3346
  32       -2.3203
  33       -2.3203
  34       -2.3134
  35       -2.3134
  36       -2.2098
  37       -2.2098
  38       -2.1970
  39       -2.1970
  40       -2.1952
  41       -2.1952
  42       -2.0389
  43       -2.0389
  44       -2.0334
  45       -2.0334
  46       -1.9831
  47       -1.8925
  48       -1.8925
  49       -1.8865
  50       -1.8865
  51       -1.8857
  52       -1.8778
  53       -1.8778
  54       -1.8570
  55       -1.8234
  56       -1.7234
  57       -1.7234
  58       -1.6466
  59       -1.6121
  60       -1.6121
  61       -1.5919
  62       -1.5658
  63       -1.5658
  64       -1.5421
  65       -1.5421
  66       -1.5275
  67       -1.4998
  68       -1.4998
  69       -1.4233
  70       -1.4129
  71       -1.3819
  72       -1.3767
  73       -1.3767
  74       -1.3759
  75       -1.3374
  76       -1.3372
  77       -1.3061
  78       -1.3061
  79       -1.3029
  80       -1.3029
  81       -1.2965
  82       -1.2670
  83       -1.2554
  84       -1.2554
  85       -1.2472
  86       -1.2472
  87       -1.1838
  88       -1.1838
  89       -1.1763
  90       -1.1763
  91       -1.1318
  92       -1.1318
  93       -1.1021
  94       -1.1021
  95       -1.0655
  96       -1.0655
  97       -1.0447
  98       -1.0245
  99       -1.0190
 100       -1.0190
 101       -0.9385
 102       -0.9385
 103       -0.9056
 104       -0.9019
 105       -0.9019
 106       -0.8734
 107       -0.7916
 108       -0.7916
 109       -0.7440
 110       -0.7440
 111       -0.6756
 112       -0.6430
 113       -0.6425
 114       -0.6425
 115       -0.5616
 116       -0.5616
 117       -0.5305
 118       -0.5243
 119       -0.4543
 120       -0.4543
 121       -0.4169
 122       -0.4169
 123       -0.3751
 124       -0.3259
 125       -0.3259
 126       -0.3247
 127       -0.3247
 128       -0.3059
 129       -0.3059
 130       -0.3034
 131       -0.3034
 132       -0.2782
 133       -0.2782
 134       -0.2666
 135       -0.2217
 136       -0.2217
 137       -0.1701
 138       -0.1701
 139       -0.1282
 140       -0.1038
 141       -0.0946
 142       -0.0461
 143       -0.0461
 144       -0.0442
 145       -0.0442
 146       -0.0413
 147       -0.0413
 148       -0.0274
 149        0.0391
 150        0.0391
 151        0.0757
 152        0.0806
 153        0.1375
 154        0.1375
 155        0.1452
 156        0.1498
 157        0.1498
 158        0.2050
 159        0.2050
 160        0.2072
 161        0.2072
 162        0.2239
 163        0.2239
 164        0.2585
 165        0.3263
 166        0.5807
 167        1.0558
 168        1.0558
 169        1.3435
 170        1.5509
 171        1.5509
 172        1.6227
 173        1.6227
 174        2.0580
 175        2.8895
 176        2.8895
 177        4.0046
 178        4.0046
 179        4.0470
 180        4.0470
 181        4.0780
 182        4.0780
 183        4.6607
 184        4.6607
 185        5.4584
 186        5.4584
 187        5.8582
 188        5.9539
 189        6.7010
 190        6.7010
 191        6.7701
 192        6.7701
 193        7.4514
 194        7.4514
 195        7.5931
 196        7.5931
 197        8.0554
 198        8.0554
 199        8.5015
 200        8.5015
 201        8.5282
 202        8.6230
 203        8.6230
 204        8.8109
 205        9.1243
 206        9.7466
 207       10.2326
 208       10.2522
 209       10.7877
 210       10.8358
 211       10.8546
 212       11.0525
 
  0.4375000E+00  0.3125000E+00  0.6250000E-01  0.9375000E-01
   1       -3.6113
   2       -3.3426
   3       -2.8827
   4       -2.8023
   5       -2.7763
   6       -2.7438
   7       -2.7368
   8       -2.7130
   9       -2.6960
  10       -2.6959
  11       -2.6697
  12       -2.6634
  13       -2.6378
  14       -2.6336
  15       -2.6222
  16       -2.6138
  17       -2.6082
  18       -2.5802
  19       -2.5739
  20       -2.5708
  21       -2.5685
  22       -2.5192
  23       -2.5122
  24       -2.5096
  25       -2.5059
  26       -2.4815
  27       -2.4778
  28       -2.4741
  29       -2.4634
  30       -2.4430
  31       -2.3690
  32       -2.3496
  33       -2.3483
  34       -2.3297
  35       -2.2769
  36       -2.2642
  37       -2.2591
  38       -2.2429
  39       -2.2176
  40       -2.1984
  41       -2.1736
  42       -2.1654
  43       -2.0889
  44       -2.0682
  45       -2.0288
  46       -1.9883
  47       -1.9595
  48       -1.9541
  49       -1.8693
  50       -1.8547
  51       -1.8453
  52       -1.8391
  53       -1.8052
  54       -1.7889
  55       -1.7888
  56       -1.7825
  57       -1.7038
  58       -1.6951
  59       -1.6356
  60       -1.6033
  61       -1.5962
  62       -1.5239
  63       -1.5228
  64       -1.4966
  65       -1.4763
  66       -1.4547
  67       -1.4358
  68       -1.4210
  69       -1.4141
  70       -1.3930
  71       -1.3732
  72       -1.3642
  73       -1.3492
  74       -1.3386
  75       -1.3320
  76       -1.3275
  77       -1.3057
  78       -1.3017
  79       -1.2914
  80       -1.2889
  81       -1.2865
  82       -1.2803
  83       -1.2725
  84       -1.2530
  85       -1.2410
  86       -1.2166
  87       -1.2014
  88       -1.1970
  89       -1.1259
  90       -1.1220
  91       -1.1170
  92       -1.1084
  93       -1.0936
  94       -1.0806
  95       -1.0789
  96       -1.0698
  97       -1.0031
  98       -1.0026
  99       -0.9684
 100       -0.9625
 101       -0.9506
 102       -0.9265
 103       -0.8748
 104       -0.8357
 105       -0.8338
 106       -0.8077
 107       -0.7734
 108       -0.7704
 109       -0.7687
 110       -0.7666
 111       -0.7651
 112       -0.7615
 113       -0.7322
 114       -0.7240
 115       -0.7169
 116       -0.6363
 117       -0.6032
 118       -0.5676
 119       -0.5576
 120       -0.4973
 121       -0.4823
 122       -0.4789
 123       -0.4300
 124       -0.4065
 125       -0.3714
 126       -0.3666
 127       -0.3309
 128       -0.3228
 129       -0.2995
 130       -0.2404
 131       -0.1877
 132       -0.1867
 133       -0.1776
 134       -0.1600
 135       -0.1578
 136       -0.1464
 137       -0.1418
 138       -0.1067
 139       -0.0912
 140       -0.0664
 141       -0.0609
 142       -0.0318
 143       -0.0202
 144       -0.0142
 145       -0.0135
 146        0.0014
 147        0.0350
 148        0.0386
 149        0.0404
 150        0.0450
 151        0.0461
 152        0.0562
 153        0.0810
 154        0.0946
 155        0.0967
 156        0.1002
 157        0.1021
 158        0.1044
 159        0.1091
 160        0.1299
 161        0.2111
 162        0.2127
 163        0.2164
 164        0.2285
 165        0.3370
 166        0.6692
 167        0.8559
 168        1.0671
 169        1.1411
 170        1.2101
 171        1.6943
 172        1.8307
 173        1.9578
 174        2.3131
 175        2.4064
 176        3.1460
 177        3.6826
 178        4.1533
 179        4.1745
 180        4.4342
 181        4.4909
 182        4.5475
 183        4.6652
 184        4.9205
 185        4.9261
 186        5.4777
 187        5.8287
 188        6.3082
 189        6.3155
 190        6.7401
 191        6.7829
 192        6.8478
 193        7.0896
 194        7.2667
 195        7.3598
 196        7.5819
 197        7.6491
 198        7.7644
 199        7.8360
 200        7.8432
 201        8.1965
 202        8.2852
 203        9.1662
 204        9.2766
 205        9.6588
 206        9.8901
 207       10.1094
 208       10.1357
 209       10.2990
 210       10.3811
 211       10.5822
 212       11.2739
 
  0.4375000E+00  0.4375000E+00  0.6250000E-01  0.4687500E-01
   1       -3.4111
   2       -3.1615
   3       -3.1615
   4       -2.9392
   5       -2.7554
   6       -2.7186
   7       -2.6920
   8       -2.6777
   9       -2.6777
  10       -2.6362
  11       -2.6299
  12       -2.6299
  13       -2.6293
  14       -2.6293
  15       -2.6128
  16       -2.6128
  17       -2.5722
  18       -2.5611
  19       -2.5553
  20       -2.5553
  21       -2.5362
  22       -2.5362
  23       -2.5068
  24       -2.5068
  25       -2.4971
  26       -2.4971
  27       -2.4620
  28       -2.4620
  29       -2.4169
  30       -2.4169
  31       -2.4113
  32       -2.4113
  33       -2.3887
  34       -2.3887
  35       -2.3870
  36       -2.3841
  37       -2.3841
  38       -2.3196
  39       -2.3196
  40       -2.2868
  41       -2.2868
  42       -2.2384
  43       -2.2384
  44       -2.0943
  45       -2.0049
  46       -2.0049
  47       -1.9298
  48       -1.9298
  49       -1.9267
  50       -1.9267
  51       -1.8609
  52       -1.8609
  53       -1.8093
  54       -1.7884
  55       -1.7884
  56       -1.7311
  57       -1.6428
  58       -1.5862
  59       -1.5860
  60       -1.5860
  61       -1.5079
  62       -1.4928
  63       -1.4928
  64       -1.4847
  65       -1.4135
  66       -1.3597
  67       -1.3082
  68       -1.3064
  69       -1.2962
  70       -1.2702
  71       -1.2702
  72       -1.2667
  73       -1.2667
  74       -1.2649
  75       -1.2643
  76       -1.2643
  77       -1.2576
  78       -1.2576
  79       -1.2377
  80       -1.2307
  81       -1.2307
  82       -1.1786
  83       -1.1765
  84       -1.1765
  85       -1.1681
  86       -1.1593
  87       -1.1593
  88       -1.1488
  89       -1.1488
  90       -1.1229
  91       -1.1229
  92       -1.1143
  93       -1.1143
  94       -1.0881
  95       -1.0881
  96       -1.0757
  97       -1.0295
  98       -1.0200
  99       -1.0200
 100       -1.0018
 101       -0.9608
 102       -0.9608
 103       -0.9391
 104       -0.9391
 105       -0.9390
 106       -0.9390
 107       -0.9009
 108       -0.8933
 109       -0.8933
 110       -0.8786
 111       -0.8786
 112       -0.8367
 113       -0.8367
 114       -0.8325
 115       -0.7899
 116       -0.7899
 117       -0.7561
 118       -0.7227
 119       -0.7227
 120       -0.6608
 121       -0.4646
 122       -0.4188
 123       -0.3746
 124       -0.3746
 125       -0.3095
 126       -0.3095
 127       -0.2739
 128       -0.2563
 129       -0.2563
 130       -0.1999
 131       -0.1999
 132       -0.1788
 133       -0.1788
 134       -0.1532
 135       -0.0911
 136       -0.0911
 137       -0.0714
 138       -0.0714
 139       -0.0531
 140       -0.0452
 141       -0.0452
 142       -0.0045
 143       -0.0045
 144        0.0162
 145        0.0422
 146        0.0422
 147        0.0427
 148        0.0468
 149        0.0852
 150        0.0852
 151        0.0888
 152        0.0888
 153        0.0902
 154        0.0902
 155        0.1044
 156        0.1044
 157        0.1050
 158        0.1058
 159        0.1058
 160        0.1126
 161        0.1126
 162        0.1209
 163        0.1209
 164        0.1648
 165        0.4442
 166        0.7034
 167        0.7034
 168        0.8466
 169        1.0349
 170        1.3203
 171        1.3203
 172        1.5230
 173        2.7247
 174        2.7247
 175        3.1855
 176        3.1855
 177        3.5632
 178        3.5632
 179        4.0362
 180        4.0362
 181        4.8897
 182        4.8897
 183        4.9873
 184        4.9873
 185        5.3733
 186        5.3733
 187        5.8159
 188        5.8159
 189        6.7300
 190        6.8625
 191        6.8625
 192        7.0012
 193        7.0012
 194        7.1388
 195        7.1388
 196        7.2411
 197        7.2411
 198        7.3805
 199        7.3805
 200        7.4901
 201        7.7460
 202        8.3280
 203        8.3280
 204        9.0800
 205       10.0408
 206       10.1071
 207       10.1848
 208       10.1907
 209       10.3106
 210       10.6700
 211       10.9595
 212       11.4985
 
  0.1875000E+00  0.1875000E+00  0.1875000E+00  0.1562500E-01
   1       -4.0489
   2       -2.9588
   3       -2.9303
   4       -2.9303
   5       -2.9303
   6       -2.8630
   7       -2.8630
   8       -2.8630
   9       -2.8056
  10       -2.8056
  11       -2.8056
  12       -2.8043
  13       -2.8043
  14       -2.8043
  15       -2.5209
  16       -2.5209
  17       -2.5209
  18       -2.3994
  19       -2.3994
  20       -2.3994
  21       -2.3776
  22       -2.3776
  23       -2.3776
  24       -2.3776
  25       -2.3776
  26       -2.3776
  27       -2.3590
  28       -2.3590
  29       -2.3590
  30       -2.2758
  31       -2.2758
  32       -2.2758
  33       -2.2305
  34       -2.2305
  35       -2.2305
  36       -2.2305
  37       -2.2305
  38       -2.2305
  39       -2.1113
  40       -2.1113
  41       -2.1113
  42       -2.1113
  43       -2.1113
  44       -2.1113
  45       -2.0064
  46       -2.0064
  47       -2.0064
  48       -1.7849
  49       -1.7849
  50       -1.7849
  51       -1.7787
  52       -1.7787
  53       -1.7787
  54       -1.7787
  55       -1.7787
  56       -1.7787
  57       -1.6516
  58       -1.6516
  59       -1.6516
  60       -1.6324
  61       -1.6324
  62       -1.6324
  63       -1.5831
  64       -1.5277
  65       -1.5277
  66       -1.5277
  67       -1.5277
  68       -1.5277
  69       -1.5277
  70       -1.5056
  71       -1.5056
  72       -1.4633
  73       -1.4633
  74       -1.4233
  75       -1.4233
  76       -1.4233
  77       -1.3735
  78       -1.3735
  79       -1.3735
  80       -1.3735
  81       -1.3735
  82       -1.3735
  83       -1.3144
  84       -1.3144
  85       -1.3144
  86       -1.2743
  87       -1.2743
  88       -1.2743
  89       -1.2009
  90       -1.2009
  91       -1.2009
  92       -1.1142
  93       -1.1142
  94       -1.1142
  95       -1.0351
  96       -1.0351
  97       -1.0351
  98       -0.8770
  99       -0.8770
 100       -0.8770
 101       -0.8150
 102       -0.8150
 103       -0.8150
 104       -0.8129
 105       -0.8129
 106       -0.8129
 107       -0.8129
 108       -0.8129
 109       -0.8129
 110       -0.6443
 111       -0.6443
 112       -0.6443
 113       -0.5945
 114       -0.5945
 115       -0.5945
 116       -0.5926
 117       -0.5926
 118       -0.5526
 119       -0.5526
 120       -0.5526
 121       -0.4872
 122       -0.4872
 123       -0.4872
 124       -0.4872
 125       -0.4872
 126       -0.4872
 127       -0.2966
 128       -0.2966
 129       -0.2966
 130       -0.2890
 131       -0.2890
 132       -0.2890
 133       -0.2584
 134       -0.2584
 135       -0.2584
 136       -0.2584
 137       -0.2584
 138       -0.2584
 139       -0.1911
 140       -0.1911
 141       -0.1911
 142       -0.0215
 143       -0.0215
 144       -0.0215
 145        0.0094
 146        0.0094
 147        0.0094
 148        0.0405
 149        0.0405
 150        0.0405
 151        0.0465
 152        0.0465
 153        0.1770
 154        0.1770
 155        0.1770
 156        0.2589
 157        0.2589
 158        0.2589
 159        0.2589
 160        0.2589
 161        0.2589
 162        0.3006
 163        0.3006
 164        0.3006
 165        0.7037
 166        0.7037
 167        0.7037
 168        1.0345
 169        1.0345
 170        1.0345
 171        1.4615
 172        2.7153
 173        2.7153
 174        2.7153
 175        2.7153
 176        2.7153
 177        2.7153
 178        3.2609
 179        3.2609
 180        3.2609
 181        4.5304
 182        4.5304
 183        4.5304
 184        4.6386
 185        4.6386
 186        4.6386
 187        6.8876
 188        6.8876
 189        6.8876
 190        7.0642
 191        7.0642
 192        7.0642
 193        7.0642
 194        7.0642
 195        7.0642
 196        8.3878
 197        8.9243
 198        8.9243
 199        8.9243
 200        8.9243
 201        8.9243
 202        8.9244
 203        8.9549
 204        8.9550
 205        8.9552
 206       10.3800
 207       10.4084
 208       10.4946
 209       10.7334
 210       10.7518
 211       10.8012
 212       10.8673
 
  0.3125000E+00  0.1875000E+00  0.1875000E+00  0.4687500E-01
   1       -3.8996
   2       -3.1033
   3       -2.9206
   4       -2.8717
   5       -2.8685
   6       -2.8685
   7       -2.7966
   8       -2.7966
   9       -2.7689
  10       -2.7571
  11       -2.7364
  12       -2.7364
  13       -2.7195
  14       -2.7195
  15       -2.6025
  16       -2.5827
  17       -2.5156
  18       -2.5156
  19       -2.4945
  20       -2.4945
  21       -2.4767
  22       -2.4746
  23       -2.4746
  24       -2.4123
  25       -2.4123
  26       -2.3828
  27       -2.3724
  28       -2.3724
  29       -2.3200
  30       -2.3200
  31       -2.3164
  32       -2.3164
  33       -2.2984
  34       -2.2984
  35       -2.2859
  36       -2.2859
  37       -2.2482
  38       -2.2482
  39       -2.2031
  40       -2.2031
  41       -2.0949
  42       -2.0949
  43       -2.0539
  44       -2.0539
  45       -1.9401
  46       -1.9401
  47       -1.8893
  48       -1.8871
  49       -1.8871
  50       -1.8190
  51       -1.8119
  52       -1.8119
  53       -1.7785
  54       -1.7785
  55       -1.7529
  56       -1.7529
  57       -1.6923
  58       -1.6690
  59       -1.6690
  60       -1.6577
  61       -1.6577
  62       -1.6200
  63       -1.5856
  64       -1.5856
  65       -1.5565
  66       -1.5565
  67       -1.5364
  68       -1.4891
  69       -1.4774
  70       -1.4288
  71       -1.4288
  72       -1.4238
  73       -1.4187
  74       -1.3663
  75       -1.3663
  76       -1.3604
  77       -1.3604
  78       -1.3439
  79       -1.3397
  80       -1.3397
  81       -1.3300
  82       -1.3300
  83       -1.3001
  84       -1.3001
  85       -1.2799
  86       -1.2799
  87       -1.2371
  88       -1.2181
  89       -1.1589
  90       -1.1064
  91       -1.1046
  92       -1.1046
  93       -1.0830
  94       -1.0830
  95       -1.0635
  96       -1.0635
  97       -1.0412
  98       -1.0202
  99       -1.0202
 100       -0.9986
 101       -0.9412
 102       -0.9412
 103       -0.7944
 104       -0.7944
 105       -0.7518
 106       -0.7518
 107       -0.7130
 108       -0.6976
 109       -0.6976
 110       -0.6570
 111       -0.6570
 112       -0.6449
 113       -0.6449
 114       -0.6425
 115       -0.5958
 116       -0.5585
 117       -0.5370
 118       -0.5370
 119       -0.4986
 120       -0.4986
 121       -0.4880
 122       -0.4880
 123       -0.4851
 124       -0.4851
 125       -0.4850
 126       -0.4850
 127       -0.4415
 128       -0.3735
 129       -0.3735
 130       -0.3716
 131       -0.2024
 132       -0.2024
 133       -0.1976
 134       -0.1976
 135       -0.1907
 136       -0.1907
 137       -0.1258
 138       -0.1258
 139       -0.1100
 140       -0.1100
 141       -0.1034
 142       -0.1034
 143       -0.0857
 144       -0.0639
 145       -0.0623
 146       -0.0576
 147       -0.0560
 148       -0.0419
 149       -0.0419
 150       -0.0133
 151       -0.0133
 152        0.0633
 153        0.1535
 154        0.1670
 155        0.1670
 156        0.1873
 157        0.1873
 158        0.1897
 159        0.1897
 160        0.2621
 161        0.2622
 162        0.2622
 163        0.2887
 164        0.2887
 165        0.6382
 166        0.6382
 167        0.9903
 168        0.9903
 169        1.0091
 170        1.1218
 171        1.3782
 172        2.2189
 173        2.2189
 174        2.7747
 175        2.7747
 176        3.1249
 177        3.1249
 178        3.4543
 179        3.4543
 180        3.8453
 181        3.8850
 182        4.5689
 183        4.9680
 184        4.9680
 185        5.2657
 186        5.2657
 187        6.1108
 188        6.1108
 189        6.4761
 190        6.4761
 191        6.6753
 192        7.2515
 193        7.2515
 194        7.3867
 195        7.3867
 196        7.9603
 197        7.9603
 198        8.0096
 199        8.4568
 200        8.4569
 201        9.0748
 202        9.1275
 203        9.1278
 204        9.5568
 205        9.5574
 206        9.7499
 207        9.7518
 208       10.2353
 209       10.2767
 210       10.4070
 211       10.6966
 212       11.2641
 
  0.4375000E+00  0.1875000E+00  0.1875000E+00  0.4687500E-01
   1       -3.6828
   2       -3.4100
   3       -2.8453
   4       -2.7913
   5       -2.7759
   6       -2.7759
   7       -2.7325
   8       -2.6983
   9       -2.6983
  10       -2.6981
  11       -2.6844
  12       -2.6555
  13       -2.6555
  14       -2.6508
  15       -2.6502
  16       -2.6502
  17       -2.5984
  18       -2.5984
  19       -2.5889
  20       -2.5694
  21       -2.5694
  22       -2.5595
  23       -2.5595
  24       -2.5170
  25       -2.4506
  26       -2.4506
  27       -2.4446
  28       -2.4446
  29       -2.3761
  30       -2.3761
  31       -2.3628
  32       -2.3628
  33       -2.3453
  34       -2.3453
  35       -2.2519
  36       -2.2519
  37       -2.2064
  38       -2.2064
  39       -2.1033
  40       -2.1033
  41       -2.0625
  42       -2.0625
  43       -1.9938
  44       -1.9938
  45       -1.9737
  46       -1.9737
  47       -1.9360
  48       -1.9360
  49       -1.8847
  50       -1.8847
  51       -1.8451
  52       -1.8451
  53       -1.7990
  54       -1.7814
  55       -1.7513
  56       -1.7404
  57       -1.7404
  58       -1.7221
  59       -1.7221
  60       -1.6892
  61       -1.6890
  62       -1.6890
  63       -1.5378
  64       -1.5378
  65       -1.4979
  66       -1.4895
  67       -1.4895
  68       -1.4861
  69       -1.4419
  70       -1.4419
  71       -1.4221
  72       -1.3680
  73       -1.3680
  74       -1.3592
  75       -1.3592
  76       -1.3532
  77       -1.3525
  78       -1.3525
  79       -1.3524
  80       -1.3443
  81       -1.3443
  82       -1.3411
  83       -1.2754
  84       -1.2754
  85       -1.2722
  86       -1.2653
  87       -1.2429
  88       -1.2422
  89       -1.2422
  90       -1.1986
  91       -1.1986
  92       -1.1253
  93       -1.0917
  94       -1.0917
  95       -1.0803
  96       -1.0803
  97       -0.9232
  98       -0.9232
  99       -0.8952
 100       -0.7763
 101       -0.7763
 102       -0.7460
 103       -0.7122
 104       -0.7122
 105       -0.7069
 106       -0.7069
 107       -0.7030
 108       -0.6997
 109       -0.6997
 110       -0.6993
 111       -0.6866
 112       -0.6742
 113       -0.6742
 114       -0.6100
 115       -0.6100
 116       -0.6010
 117       -0.6010
 118       -0.5999
 119       -0.5999
 120       -0.5339
 121       -0.5339
 122       -0.5264
 123       -0.5264
 124       -0.5089
 125       -0.4710
 126       -0.4710
 127       -0.4459
 128       -0.3890
 129       -0.3380
 130       -0.3296
 131       -0.2967
 132       -0.2472
 133       -0.2472
 134       -0.2081
 135       -0.1849
 136       -0.1682
 137       -0.1319
 138       -0.1319
 139       -0.1283
 140       -0.1283
 141       -0.0581
 142       -0.0581
 143       -0.0076
 144       -0.0076
 145       -0.0042
 146       -0.0042
 147        0.0157
 148        0.0184
 149        0.0184
 150        0.0215
 151        0.0215
 152        0.0958
 153        0.0958
 154        0.0981
 155        0.0982
 156        0.0982
 157        0.1136
 158        0.1136
 159        0.1407
 160        0.2079
 161        0.2679
 162        0.2679
 163        0.2768
 164        0.2768
 165        0.3037
 166        0.3037
 167        0.9848
 168        0.9947
 169        1.3536
 170        1.3536
 171        1.7656
 172        1.7656
 173        2.1500
 174        2.8651
 175        2.8651
 176        2.9849
 177        2.9849
 178        2.9873
 179        4.2751
 180        4.2751
 181        4.3487
 182        4.5505
 183        5.1667
 184        5.1667
 185        5.4060
 186        5.4060
 187        5.9173
 188        5.9173
 189        6.0689
 190        6.0689
 191        6.7578
 192        6.9186
 193        6.9186
 194        7.2307
 195        7.6588
 196        7.6588
 197        8.0149
 198        8.0149
 199        8.0549
 200        8.0549
 201        8.8515
 202        8.8516
 203        9.4196
 204        9.4203
 205        9.7915
 206        9.7938
 207        9.8436
 208       10.1424
 209       10.1644
 210       10.4333
 211       10.6772
 212       11.0465
 
  0.3125000E+00  0.3125000E+00  0.1875000E+00  0.4687500E-01
   1       -3.7571
   2       -3.0099
   3       -3.0099
   4       -2.8998
   5       -2.8265
   6       -2.8136
   7       -2.8136
   8       -2.7497
   9       -2.7227
  10       -2.7041
  11       -2.7041
  12       -2.6688
  13       -2.6688
  14       -2.6296
  15       -2.6296
  16       -2.6210
  17       -2.5992
  18       -2.5686
  19       -2.5686
  20       -2.5180
  21       -2.5180
  22       -2.5135
  23       -2.4657
  24       -2.4657
  25       -2.4471
  26       -2.4471
  27       -2.3999
  28       -2.3819
  29       -2.3819
  30       -2.3713
  31       -2.3713
  32       -2.3585
  33       -2.3585
  34       -2.3379
  35       -2.3379
  36       -2.3124
  37       -2.3124
  38       -2.2443
  39       -2.2443
  40       -2.1903
  41       -2.1903
  42       -2.1094
  43       -2.0470
  44       -2.0470
  45       -1.9348
  46       -1.9348
  47       -1.8557
  48       -1.8557
  49       -1.8544
  50       -1.8544
  51       -1.8503
  52       -1.8424
  53       -1.8424
  54       -1.8129
  55       -1.7282
  56       -1.7282
  57       -1.7254
  58       -1.7254
  59       -1.6831
  60       -1.6653
  61       -1.6326
  62       -1.5034
  63       -1.5034
  64       -1.5027
  65       -1.5027
  66       -1.4757
  67       -1.4442
  68       -1.4019
  69       -1.4019
  70       -1.4018
  71       -1.3857
  72       -1.3823
  73       -1.3823
  74       -1.3515
  75       -1.3515
  76       -1.3216
  77       -1.3036
  78       -1.2787
  79       -1.2768
  80       -1.2720
  81       -1.2720
  82       -1.2605
  83       -1.2605
  84       -1.2571
  85       -1.2571
  86       -1.1761
  87       -1.1761
  88       -1.1747
  89       -1.1747
  90       -1.1739
  91       -1.1739
  92       -1.1592
  93       -1.1397
  94       -1.1397
  95       -1.1290
  96       -1.1148
  97       -1.1045
  98       -1.1045
  99       -0.9135
 100       -0.9135
 101       -0.9113
 102       -0.9113
 103       -0.8445
 104       -0.8445
 105       -0.8241
 106       -0.8241
 107       -0.7753
 108       -0.7335
 109       -0.7228
 110       -0.6723
 111       -0.6587
 112       -0.6587
 113       -0.6552
 114       -0.6552
 115       -0.6488
 116       -0.6212
 117       -0.6212
 118       -0.5816
 119       -0.5816
 120       -0.5549
 121       -0.4905
 122       -0.4905
 123       -0.4859
 124       -0.4859
 125       -0.4398
 126       -0.4398
 127       -0.3852
 128       -0.3852
 129       -0.3255
 130       -0.3255
 131       -0.3195
 132       -0.3070
 133       -0.3070
 134       -0.2972
 135       -0.2336
 136       -0.2335
 137       -0.1500
 138       -0.1040
 139       -0.1040
 140       -0.0774
 141       -0.0774
 142       -0.0438
 143       -0.0438
 144       -0.0426
 145       -0.0211
 146       -0.0139
 147       -0.0139
 148       -0.0078
 149       -0.0078
 150        0.0640
 151        0.0779
 152        0.0779
 153        0.1603
 154        0.1603
 155        0.1662
 156        0.1662
 157        0.1842
 158        0.1968
 159        0.1968
 160        0.2001
 161        0.2001
 162        0.2576
 163        0.2576
 164        0.2636
 165        0.2988
 166        0.5993
 167        0.5993
 168        0.6983
 169        1.1936
 170        1.6730
 171        1.6730
 172        2.2934
 173        2.2934
 174        2.8347
 175        2.9451
 176        2.9451
 177        3.5434
 178        3.5434
 179        3.8940
 180        3.8940
 181        4.1574
 182        4.1574
 183        5.2716
 184        5.2849
 185        5.2849
 186        5.5617
 187        5.5617
 188        5.9802
 189        6.2730
 190        6.2730
 191        6.6993
 192        6.6993
 193        7.0069
 194        7.0069
 195        7.5564
 196        7.5564
 197        7.9545
 198        7.9975
 199        8.1561
 200        8.1561
 201        8.6063
 202        8.6063
 203        9.2490
 204        9.2490
 205        9.7776
 206        9.7791
 207        9.7828
 208       10.3697
 209       10.4499
 210       10.4647
 211       10.9420
 212       11.0041
 
  0.4375000E+00  0.3125000E+00  0.1875000E+00  0.9375000E-01
   1       -3.5515
   2       -3.2950
   3       -2.8838
   4       -2.8448
   5       -2.7546
   6       -2.7530
   7       -2.7409
   8       -2.7396
   9       -2.7245
  10       -2.7003
  11       -2.6751
  12       -2.6691
  13       -2.6549
  14       -2.6488
  15       -2.6129
  16       -2.6065
  17       -2.5956
  18       -2.5919
  19       -2.5737
  20       -2.5468
  21       -2.5077
  22       -2.5062
  23       -2.5010
  24       -2.4968
  25       -2.4920
  26       -2.4903
  27       -2.4827
  28       -2.4821
  29       -2.4619
  30       -2.4186
  31       -2.4058
  32       -2.4008
  33       -2.3737
  34       -2.3578
  35       -2.3511
  36       -2.3434
  37       -2.3208
  38       -2.3132
  39       -2.2348
  40       -2.1743
  41       -2.0797
  42       -2.0742
  43       -2.0702
  44       -2.0180
  45       -1.9822
  46       -1.9523
  47       -1.9516
  48       -1.9512
  49       -1.9128
  50       -1.8425
  51       -1.8156
  52       -1.7998
  53       -1.7941
  54       -1.7809
  55       -1.7712
  56       -1.7520
  57       -1.7212
  58       -1.6989
  59       -1.6793
  60       -1.6783
  61       -1.6449
  62       -1.5089
  63       -1.4619
  64       -1.4615
  65       -1.3983
  66       -1.3982
  67       -1.3908
  68       -1.3822
  69       -1.3805
  70       -1.3638
  71       -1.3480
  72       -1.3458
  73       -1.3345
  74       -1.3314
  75       -1.3210
  76       -1.3153
  77       -1.2885
  78       -1.2883
  79       -1.2843
  80       -1.2806
  81       -1.2694
  82       -1.2558
  83       -1.2506
  84       -1.2257
  85       -1.2141
  86       -1.2046
  87       -1.1915
  88       -1.1810
  89       -1.1801
  90       -1.1750
  91       -1.1711
  92       -1.1708
  93       -1.1640
  94       -1.1438
  95       -1.0789
  96       -1.0428
  97       -1.0131
  98       -1.0038
  99       -0.9515
 100       -0.8870
 101       -0.8835
 102       -0.8812
 103       -0.8514
 104       -0.8468
 105       -0.8429
 106       -0.8317
 107       -0.8253
 108       -0.8060
 109       -0.7430
 110       -0.7193
 111       -0.7145
 112       -0.6909
 113       -0.6896
 114       -0.6701
 115       -0.6517
 116       -0.6312
 117       -0.6295
 118       -0.5908
 119       -0.5625
 120       -0.5523
 121       -0.5299
 122       -0.5215
 123       -0.5084
 124       -0.5057
 125       -0.5025
 126       -0.4563
 127       -0.4278
 128       -0.4239
 129       -0.4162
 130       -0.3408
 131       -0.3325
 132       -0.3325
 133       -0.3093
 134       -0.2693
 135       -0.2357
 136       -0.2075
 137       -0.1856
 138       -0.1723
 139       -0.1327
 140       -0.0269
 141       -0.0146
 142        0.0240
 143        0.0273
 144        0.0280
 145        0.0340
 146        0.0442
 147        0.0568
 148        0.0675
 149        0.0686
 150        0.0694
 151        0.0804
 152        0.0862
 153        0.1159
 154        0.1169
 155        0.1199
 156        0.1215
 157        0.1321
 158        0.1454
 159        0.1533
 160        0.1579
 161        0.2129
 162        0.2131
 163        0.2163
 164        0.2363
 165        0.2375
 166        0.2592
 167        0.5420
 168        0.5537
 169        1.4935
 170        1.8652
 171        2.0479
 172        2.4162
 173        2.4492
 174        2.4757
 175        2.5957
 176        3.2908
 177        3.6650
 178        3.7562
 179        3.7968
 180        4.3907
 181        4.5677
 182        4.6235
 183        4.6365
 184        5.0431
 185        5.1330
 186        5.3060
 187        5.6814
 188        6.0068
 189        6.1660
 190        6.3937
 191        6.7264
 192        6.7974
 193        6.9362
 194        6.9776
 195        7.2272
 196        7.3678
 197        7.5351
 198        7.5950
 199        7.7374
 200        8.3601
 201        8.4435
 202        8.7219
 203        8.8109
 204        9.2965
 205        9.5417
 206        9.9748
 207       10.0845
 208       10.4495
 209       10.4768
 210       10.6108
 211       10.9266
 212       11.0884
 
  0.4375000E+00  0.4375000E+00  0.1875000E+00  0.4687500E-01
   1       -3.3639
   2       -3.1338
   3       -3.1338
   4       -2.9417
   5       -2.8156
   6       -2.7567
   7       -2.7567
   8       -2.7382
   9       -2.6995
  10       -2.6567
  11       -2.6567
  12       -2.6320
  13       -2.6149
  14       -2.6149
  15       -2.5810
  16       -2.5810
  17       -2.5681
  18       -2.5681
  19       -2.5524
  20       -2.5476
  21       -2.5441
  22       -2.5441
  23       -2.5209
  24       -2.5209
  25       -2.4785
  26       -2.4785
  27       -2.4673
  28       -2.4673
  29       -2.4353
  30       -2.4353
  31       -2.4282
  32       -2.4282
  33       -2.3776
  34       -2.3776
  35       -2.3610
  36       -2.3610
  37       -2.3598
  38       -2.3218
  39       -2.3218
  40       -2.2142
  41       -2.2142
  42       -2.2129
  43       -2.2129
  44       -2.0763
  45       -1.9607
  46       -1.9607
  47       -1.9008
  48       -1.9008
  49       -1.8990
  50       -1.8990
  51       -1.8462
  52       -1.8462
  53       -1.8073
  54       -1.7234
  55       -1.7234
  56       -1.7141
  57       -1.7141
  58       -1.7115
  59       -1.6864
  60       -1.6818
  61       -1.4466
  62       -1.4360
  63       -1.4360
  64       -1.4350
  65       -1.3514
  66       -1.3506
  67       -1.3189
  68       -1.3059
  69       -1.2956
  70       -1.2956
  71       -1.2789
  72       -1.2789
  73       -1.2697
  74       -1.2694
  75       -1.2694
  76       -1.2691
  77       -1.2604
  78       -1.2604
  79       -1.2563
  80       -1.2563
  81       -1.2408
  82       -1.2300
  83       -1.2111
  84       -1.2111
  85       -1.1701
  86       -1.1701
  87       -1.1472
  88       -1.1381
  89       -1.1381
  90       -1.1010
  91       -1.1010
  92       -1.0879
  93       -1.0879
  94       -1.0743
  95       -1.0457
  96       -1.0284
  97       -1.0284
  98       -1.0231
  99       -1.0231
 100       -0.9669
 101       -0.9669
 102       -0.9661
 103       -0.9221
 104       -0.9221
 105       -0.9135
 106       -0.9135
 107       -0.9059
 108       -0.9059
 109       -0.8870
 110       -0.8870
 111       -0.7923
 112       -0.7880
 113       -0.7880
 114       -0.7505
 115       -0.7397
 116       -0.7397
 117       -0.7256
 118       -0.7256
 119       -0.7106
 120       -0.7041
 121       -0.5389
 122       -0.4429
 123       -0.4368
 124       -0.4368
 125       -0.4317
 126       -0.4317
 127       -0.3774
 128       -0.3774
 129       -0.3409
 130       -0.3348
 131       -0.3348
 132       -0.3301
 133       -0.3301
 134       -0.2562
 135       -0.2562
 136       -0.2225
 137       -0.2225
 138       -0.1813
 139       -0.1661
 140       -0.0935
 141       -0.0334
 142        0.0762
 143        0.0762
 144        0.0872
 145        0.1103
 146        0.1103
 147        0.1207
 148        0.1207
 149        0.1244
 150        0.1244
 151        0.1260
 152        0.1260
 153        0.1279
 154        0.1279
 155        0.1287
 156        0.1425
 157        0.1425
 158        0.1496
 159        0.1496
 160        0.1515
 161        0.1515
 162        0.1686
 163        0.1872
 164        0.1872
 165        0.1912
 166        0.2118
 167        0.2118
 168        0.2575
 169        1.7211
 170        2.0324
 171        2.0324
 172        2.2759
 173        2.8334
 174        2.8334
 175        3.2739
 176        3.2739
 177        3.6852
 178        3.6852
 179        4.1398
 180        4.1398
 181        4.5349
 182        4.5349
 183        4.6514
 184        4.6514
 185        5.4603
 186        5.4603
 187        5.4812
 188        5.4812
 189        6.0582
 190        6.5064
 191        6.5064
 192        6.8815
 193        7.0107
 194        7.0107
 195        7.2250
 196        7.2250
 197        7.5910
 198        7.5910
 199        7.6612
 200        7.9358
 201        7.9358
 202        8.4342
 203        8.4342
 204        9.2057
 205        9.4722
 206       10.3012
 207       10.3245
 208       10.8308
 209       10.9033
 210       10.9889
 211       11.0916
 212       11.1884
 
  0.3125000E+00  0.3125000E+00  0.3125000E+00  0.1562500E-01
   1       -3.6250
   2       -2.9543
   3       -2.9543
   4       -2.9543
   5       -2.8987
   6       -2.7780
   7       -2.7780
   8       -2.7780
   9       -2.7124
  10       -2.7124
  11       -2.7124
  12       -2.6640
  13       -2.6640
  14       -2.6640
  15       -2.5701
  16       -2.5701
  17       -2.5701
  18       -2.5667
  19       -2.5667
  20       -2.5667
  21       -2.4849
  22       -2.4849
  23       -2.4849
  24       -2.4849
  25       -2.4849
  26       -2.4849
  27       -2.4311
  28       -2.4311
  29       -2.4311
  30       -2.4254
  31       -2.4254
  32       -2.4254
  33       -2.4254
  34       -2.4254
  35       -2.4254
  36       -2.2462
  37       -2.2462
  38       -2.2462
  39       -2.1483
  40       -2.1483
  41       -2.1483
  42       -2.1483
  43       -2.1483
  44       -2.1483
  45       -1.8701
  46       -1.8701
  47       -1.8701
  48       -1.8571
  49       -1.8571
  50       -1.8571
  51       -1.8571
  52       -1.8571
  53       -1.8571
  54       -1.7454
  55       -1.7454
  56       -1.7454
  57       -1.7413
  58       -1.7413
  59       -1.7413
  60       -1.6207
  61       -1.4854
  62       -1.4854
  63       -1.4854
  64       -1.4380
  65       -1.4380
  66       -1.3796
  67       -1.3796
  68       -1.3796
  69       -1.3796
  70       -1.3796
  71       -1.3796
  72       -1.3785
  73       -1.3785
  74       -1.2850
  75       -1.2850
  76       -1.2850
  77       -1.2628
  78       -1.2628
  79       -1.2628
  80       -1.2169
  81       -1.2169
  82       -1.2169
  83       -1.2092
  84       -1.2092
  85       -1.2092
  86       -1.1848
  87       -1.1848
  88       -1.1848
  89       -1.1729
  90       -1.1729
  91       -1.1729
  92       -1.1715
  93       -1.1715
  94       -1.1715
  95       -1.1715
  96       -1.1715
  97       -1.1715
  98       -0.9268
  99       -0.9268
 100       -0.9268
 101       -0.8418
 102       -0.8418
 103       -0.8418
 104       -0.8144
 105       -0.8144
 106       -0.8144
 107       -0.7928
 108       -0.7928
 109       -0.7928
 110       -0.7928
 111       -0.7928
 112       -0.7928
 113       -0.6380
 114       -0.6380
 115       -0.6380
 116       -0.5975
 117       -0.5975
 118       -0.5806
 119       -0.5806
 120       -0.5806
 121       -0.5419
 122       -0.5419
 123       -0.5419
 124       -0.4906
 125       -0.4906
 126       -0.4906
 127       -0.4906
 128       -0.4906
 129       -0.4906
 130       -0.4212
 131       -0.4212
 132       -0.4212
 133       -0.3383
 134       -0.3383
 135       -0.3383
 136       -0.2455
 137       -0.2455
 138       -0.2455
 139       -0.1407
 140       -0.1407
 141        0.0394
 142        0.0394
 143        0.0394
 144        0.0498
 145        0.0498
 146        0.0498
 147        0.0498
 148        0.0498
 149        0.0498
 150        0.1417
 151        0.1417
 152        0.1417
 153        0.1596
 154        0.1810
 155        0.1810
 156        0.1810
 157        0.1810
 158        0.1810
 159        0.1810
 160        0.1911
 161        0.1911
 162        0.1911
 163        0.2450
 164        0.2450
 165        0.2450
 166        0.2613
 167        0.2613
 168        0.2613
 169        1.9060
 170        1.9060
 171        1.9060
 172        3.0559
 173        3.0559
 174        3.0559
 175        3.0559
 176        3.0559
 177        3.0559
 178        3.6652
 179        3.6652
 180        3.6652
 181        4.4395
 182        4.4395
 183        4.4395
 184        5.7549
 185        5.7549
 186        5.7549
 187        5.7549
 188        5.7549
 189        5.7549
 190        5.8979
 191        5.8979
 192        5.8979
 193        7.1839
 194        7.1839
 195        7.1839
 196        7.5398
 197        7.5398
 198        7.5398
 199        8.8105
 200        8.8105
 201        8.8105
 202        8.8105
 203        8.8105
 204        8.8106
 205        9.9324
 206        9.9324
 207        9.9324
 208        9.9326
 209        9.9343
 210        9.9745
 211       10.5547
 212       11.1691
 
  0.4375000E+00  0.3125000E+00  0.3125000E+00  0.4687500E-01
   1       -3.4361
   2       -3.2047
   3       -2.8808
   4       -2.8808
   5       -2.8673
   6       -2.8047
   7       -2.7979
   8       -2.7979
   9       -2.7136
  10       -2.7104
  11       -2.7104
  12       -2.6413
  13       -2.6116
  14       -2.6116
  15       -2.6037
  16       -2.6037
  17       -2.5736
  18       -2.5431
  19       -2.5431
  20       -2.5238
  21       -2.5238
  22       -2.4922
  23       -2.4922
  24       -2.4911
  25       -2.4859
  26       -2.4859
  27       -2.4841
  28       -2.4675
  29       -2.4675
  30       -2.4504
  31       -2.4504
  32       -2.4365
  33       -2.4365
  34       -2.4277
  35       -2.4277
  36       -2.3752
  37       -2.2904
  38       -2.2904
  39       -2.1015
  40       -2.1015
  41       -2.0789
  42       -2.0789
  43       -2.0412
  44       -2.0412
  45       -1.9799
  46       -1.9799
  47       -1.9564
  48       -1.9564
  49       -1.9400
  50       -1.9400
  51       -1.8569
  52       -1.8097
  53       -1.8033
  54       -1.8033
  55       -1.7658
  56       -1.7658
  57       -1.6823
  58       -1.6359
  59       -1.6166
  60       -1.6166
  61       -1.5111
  62       -1.5111
  63       -1.4173
  64       -1.4161
  65       -1.4049
  66       -1.3458
  67       -1.3414
  68       -1.3410
  69       -1.3246
  70       -1.3246
  71       -1.3020
  72       -1.3020
  73       -1.2929
  74       -1.2875
  75       -1.2782
  76       -1.2782
  77       -1.2778
  78       -1.2778
  79       -1.2503
  80       -1.2503
  81       -1.2453
  82       -1.2453
  83       -1.2435
  84       -1.2435
  85       -1.2198
  86       -1.2198
  87       -1.1796
  88       -1.1796
  89       -1.1727
  90       -1.1727
  91       -1.1325
  92       -1.1325
  93       -1.1032
  94       -1.1032
  95       -1.0966
  96       -1.0723
  97       -0.9756
  98       -0.9756
  99       -0.9713
 100       -0.9481
 101       -0.9429
 102       -0.9429
 103       -0.9171
 104       -0.9171
 105       -0.8698
 106       -0.7500
 107       -0.7500
 108       -0.7407
 109       -0.7407
 110       -0.7367
 111       -0.7075
 112       -0.7075
 113       -0.6754
 114       -0.6754
 115       -0.6533
 116       -0.6533
 117       -0.6447
 118       -0.6410
 119       -0.6173
 120       -0.6173
 121       -0.5710
 122       -0.5710
 123       -0.5697
 124       -0.5697
 125       -0.5637
 126       -0.5254
 127       -0.5216
 128       -0.5216
 129       -0.4992
 130       -0.4497
 131       -0.4373
 132       -0.4264
 133       -0.3999
 134       -0.3999
 135       -0.3655
 136       -0.3228
 137       -0.3228
 138       -0.2777
 139       -0.2379
 140       -0.2379
 141       -0.0293
 142       -0.0293
 143        0.0781
 144        0.0970
 145        0.0970
 146        0.1080
 147        0.1080
 148        0.1137
 149        0.1141
 150        0.1141
 151        0.1397
 152        0.1397
 153        0.1457
 154        0.1457
 155        0.1464
 156        0.1464
 157        0.1555
 158        0.1555
 159        0.1665
 160        0.1677
 161        0.1862
 162        0.1862
 163        0.2019
 164        0.2100
 165        0.2100
 166        0.2406
 167        0.2406
 168        0.2419
 169        2.2276
 170        2.2276
 171        2.6155
 172        2.6155
 173        2.7012
 174        3.2194
 175        3.2194
 176        3.4282
 177        3.4282
 178        3.5574
 179        3.8974
 180        3.8974
 181        4.5302
 182        4.8042
 183        4.8042
 184        4.8180
 185        4.8180
 186        5.2638
 187        5.2638
 188        5.3628
 189        6.0049
 190        6.0049
 191        6.1886
 192        6.1886
 193        6.9690
 194        7.1746
 195        7.2554
 196        7.2554
 197        7.9309
 198        7.9309
 199        8.2290
 200        8.2290
 201        9.0342
 202        9.0342
 203        9.1063
 204        9.1063
 205        9.4836
 206        9.4837
 207        9.5161
 208        9.5164
 209       10.2615
 210       10.2665
 211       10.6840
 212       11.2312
 
  0.4375000E+00  0.4375000E+00  0.3125000E+00  0.4687500E-01
   1       -3.2746
   2       -3.0820
   3       -3.0820
   4       -2.9409
   5       -2.8683
   6       -2.8670
   7       -2.8431
   8       -2.8431
   9       -2.6655
  10       -2.6555
  11       -2.6555
  12       -2.5966
  13       -2.5966
  14       -2.5899
  15       -2.5899
  16       -2.5828
  17       -2.5667
  18       -2.5667
  19       -2.5552
  20       -2.5466
  21       -2.5466
  22       -2.5413
  23       -2.5392
  24       -2.5392
  25       -2.5236
  26       -2.5236
  27       -2.4919
  28       -2.4919
  29       -2.4908
  30       -2.4908
  31       -2.4791
  32       -2.4791
  33       -2.3515
  34       -2.3515
  35       -2.3042
  36       -2.2381
  37       -2.2381
  38       -2.2076
  39       -2.2076
  40       -2.1640
  41       -2.1640
  42       -2.0949
  43       -2.0949
  44       -2.0375
  45       -1.9846
  46       -1.9846
  47       -1.9644
  48       -1.9056
  49       -1.9056
  50       -1.9029
  51       -1.9029
  52       -1.8520
  53       -1.8520
  54       -1.8452
  55       -1.8452
  56       -1.7872
  57       -1.6000
  58       -1.5958
  59       -1.5958
  60       -1.5310
  61       -1.4313
  62       -1.3996
  63       -1.3963
  64       -1.3963
  65       -1.3715
  66       -1.3312
  67       -1.3283
  68       -1.3283
  69       -1.3223
  70       -1.2979
  71       -1.2979
  72       -1.2934
  73       -1.2934
  74       -1.2925
  75       -1.2905
  76       -1.2795
  77       -1.2706
  78       -1.2194
  79       -1.2194
  80       -1.2110
  81       -1.2110
  82       -1.2017
  83       -1.2017
  84       -1.1577
  85       -1.1577
  86       -1.1528
  87       -1.1406
  88       -1.1406
  89       -1.1116
  90       -1.0950
  91       -1.0950
  92       -1.0738
  93       -1.0738
  94       -1.0725
  95       -1.0383
  96       -1.0329
  97       -1.0329
  98       -0.9767
  99       -0.9767
 100       -0.9761
 101       -0.9761
 102       -0.9416
 103       -0.9416
 104       -0.9136
 105       -0.9136
 106       -0.8643
 107       -0.8643
 108       -0.8429
 109       -0.8380
 110       -0.8380
 111       -0.7873
 112       -0.7873
 113       -0.7855
 114       -0.7328
 115       -0.7246
 116       -0.7246
 117       -0.6540
 118       -0.6299
 119       -0.6298
 120       -0.6219
 121       -0.6219
 122       -0.6187
 123       -0.6187
 124       -0.5694
 125       -0.5694
 126       -0.5386
 127       -0.5386
 128       -0.4983
 129       -0.4983
 130       -0.4848
 131       -0.4491
 132       -0.4377
 133       -0.4377
 134       -0.4027
 135       -0.4027
 136       -0.3791
 137       -0.3791
 138       -0.3658
 139       -0.2866
 140       -0.2346
 141       -0.2191
 142       -0.1994
 143       -0.1107
 144       -0.1107
 145        0.1439
 146        0.1509
 147        0.1509
 148        0.1642
 149        0.1642
 150        0.1669
 151        0.1669
 152        0.1670
 153        0.1670
 154        0.1811
 155        0.1811
 156        0.1828
 157        0.1828
 158        0.1847
 159        0.1847
 160        0.1887
 161        0.1962
 162        0.1962
 163        0.1997
 164        0.1997
 165        0.2041
 166        0.2201
 167        0.2306
 168        0.2306
 169        2.4905
 170        2.8250
 171        2.8250
 172        3.0411
 173        3.0411
 174        3.0991
 175        3.4449
 176        3.4449
 177        3.9148
 178        3.9148
 179        4.0935
 180        4.0935
 181        4.3206
 182        4.3206
 183        4.3364
 184        4.3364
 185        5.0279
 186        5.0279
 187        5.1595
 188        5.2585
 189        5.2585
 190        5.5653
 191        5.5653
 192        5.9108
 193        7.4647
 194        7.4647
 195        7.8053
 196        7.8053
 197        7.8541
 198        8.2198
 199        8.2198
 200        8.5908
 201        8.5909
 202        8.6415
 203        8.6415
 204        8.9624
 205        9.4287
 206        9.7841
 207        9.8106
 208        9.8273
 209        9.8464
 210       10.2324
 211       10.2847
 212       10.6581
 
  0.4375000E+00  0.4375000E+00  0.4375000E+00  0.1562500E-01
   1       -3.1527
   2       -3.0119
   3       -3.0119
   4       -3.0119
   5       -2.9302
   6       -2.9302
   7       -2.9302
   8       -2.9057
   9       -2.6241
  10       -2.6241
  11       -2.6241
  12       -2.5842
  13       -2.5842
  14       -2.5842
  15       -2.5641
  16       -2.5641
  17       -2.5641
  18       -2.5641
  19       -2.5641
  20       -2.5641
  21       -2.5506
  22       -2.5506
  23       -2.5506
  24       -2.5469
  25       -2.5469
  26       -2.5469
  27       -2.5469
  28       -2.5469
  29       -2.5469
  30       -2.5378
  31       -2.5378
  32       -2.5378
  33       -2.2187
  34       -2.2187
  35       -2.2187
  36       -2.1040
  37       -2.1040
  38       -2.1040
  39       -2.0857
  40       -2.0857
  41       -2.0857
  42       -2.0857
  43       -2.0857
  44       -2.0857
  45       -1.9798
  46       -1.9798
  47       -1.9798
  48       -1.9798
  49       -1.9798
  50       -1.9798
  51       -1.9750
  52       -1.9750
  53       -1.9750
  54       -1.8892
  55       -1.8892
  56       -1.8892
  57       -1.4891
  58       -1.4272
  59       -1.4272
  60       -1.4272
  61       -1.3697
  62       -1.3697
  63       -1.3697
  64       -1.3669
  65       -1.3669
  66       -1.3388
  67       -1.3388
  68       -1.3388
  69       -1.3350
  70       -1.3350
  71       -1.3234
  72       -1.3234
  73       -1.3234
  74       -1.3028
  75       -1.3028
  76       -1.3028
  77       -1.1813
  78       -1.1813
  79       -1.1813
  80       -1.1399
  81       -1.1399
  82       -1.1399
  83       -1.1399
  84       -1.1399
  85       -1.1399
  86       -1.1171
  87       -1.1171
  88       -1.1171
  89       -1.1003
  90       -1.1003
  91       -1.1003
  92       -1.0569
  93       -1.0569
  94       -1.0569
  95       -1.0569
  96       -1.0569
  97       -1.0569
  98       -1.0231
  99       -1.0231
 100       -1.0231
 101       -0.9152
 102       -0.9152
 103       -0.9152
 104       -0.8997
 105       -0.8959
 106       -0.8959
 107       -0.8959
 108       -0.7881
 109       -0.7881
 110       -0.7881
 111       -0.7881
 112       -0.7881
 113       -0.7881
 114       -0.7842
 115       -0.7842
 116       -0.7842
 117       -0.7110
 118       -0.7110
 119       -0.7110
 120       -0.6600
 121       -0.6600
 122       -0.6600
 123       -0.6600
 124       -0.6600
 125       -0.6600
 126       -0.5768
 127       -0.5768
 128       -0.5768
 129       -0.5258
 130       -0.5258
 131       -0.5165
 132       -0.5165
 133       -0.5165
 134       -0.4943
 135       -0.4943
 136       -0.4943
 137       -0.4088
 138       -0.4088
 139       -0.4088
 140       -0.3548
 141       -0.3548
 142       -0.3045
 143       -0.3045
 144       -0.3045
 145        0.1887
 146        0.1887
 147        0.1887
 148        0.2074
 149        0.2074
 150        0.2074
 151        0.2074
 152        0.2074
 153        0.2074
 154        0.2077
 155        0.2077
 156        0.2077
 157        0.2077
 158        0.2077
 159        0.2077
 160        0.2104
 161        0.2104
 162        0.2104
 163        0.2239
 164        0.2239
 165        0.2239
 166        0.2336
 167        0.2336
 168        0.2336
 169        3.3316
 170        3.3316
 171        3.3316
 172        3.6876
 173        3.6876
 174        3.6876
 175        3.6876
 176        3.6876
 177        3.6876
 178        3.9866
 179        3.9866
 180        3.9866
 181        4.2299
 182        4.2299
 183        4.2299
 184        4.6080
 185        4.6080
 186        4.6080
 187        4.6080
 188        4.6080
 189        4.6080
 190        4.9295
 191        4.9295
 192        4.9295
 193        8.1440
 194        8.1440
 195        8.1441
 196        8.5167
 197        8.5171
 198        8.5186
 199        8.9418
 200        8.9418
 201        8.9419
 202        8.9427
 203        8.9500
 204        8.9572
 205        9.3248
 206        9.3248
 207        9.3258
 208        9.3386
 209        9.3949
 210        9.4995
 211        9.7515
 212        9.8855
