  108  108    1    1
  0.1472281E+02  0.1167181E-08  0.1167181E-08  0.1167181E-08  0.5000000E-15
  1.000000000000000E-004
  CAR 
 No title                                
 1188    1  712
 
  0.2500000E+00  0.2500000E+00  0.2500000E+00  0.1000000E+01
   1       -5.4719
   2       -4.9069
   3       -4.9062
   4       -4.9054
   5       -4.3616
   6       -4.3608
   7       -4.3601
   8       -3.8506
   9       -3.8321
  10       -3.8313
  11       -3.8306
  12       -3.3411
  13       -3.3398
  14       -3.3394
  15       -3.3394
  16       -3.3391
  17       -3.3379
  18       -2.9294
  19       -2.9287
  20       -2.9281
  21       -2.4937
  22       -2.4930
  23       -2.4925
  24       -2.4722
  25       -2.4715
  26       -2.4708
  27       -2.2814
  28       -2.2809
  29       -2.2805
  30       -2.1178
  31       -2.1168
  32       -2.1165
  33       -2.1165
  34       -2.1162
  35       -2.1152
  36       -2.0374
  37       -1.9193
  38       -1.9186
  39       -1.9180
  40       -1.7868
  41       -1.7868
  42       -1.7867
  43       -1.7037
  44       -1.7033
  45       -1.7030
  46       -1.6955
  47       -1.6954
  48       -1.6949
  49       -1.6949
  50       -1.6944
  51       -1.6944
  52       -1.5918
  53       -1.5917
  54       -1.5917
  55       -1.5737
  56       -1.5733
  57       -1.5729
  58       -1.5729
  59       -1.5724
  60       -1.5721
  61       -1.4975
  62       -1.4969
  63       -1.4964
  64       -1.4434
  65       -1.4430
  66       -1.4427
  67       -1.4427
  68       -1.4424
  69       -1.4421
  70       -1.3788
  71       -1.3784
  72       -1.3782
  73       -1.3782
  74       -1.3780
  75       -1.3776
  76       -1.3498
  77       -1.3497
  78       -1.3497
  79       -1.2825
  80       -1.2824
  81       -1.2820
  82       -1.2820
  83       -1.2817
  84       -1.2816
  85       -1.2707
  86       -1.2706
  87       -1.2706
  88       -1.2286
  89       -1.2283
  90       -1.2279
  91       -1.2025
  92       -1.2023
  93       -1.2020
  94       -1.1518
  95       -1.1516
  96       -1.1513
  97       -1.1382
  98       -1.1382
  99       -1.1379
 100       -1.1379
 101       -1.1376
 102       -1.1375
 103       -1.0988
 104       -1.0980
 105       -1.0979
 106       -1.0979
 107       -1.0978
 108       -1.0973
 109       -1.0965
 110       -1.0960
 111       -1.0958
 112       -1.0958
 113       -1.0955
 114       -1.0948
 115       -1.0344
 116       -1.0342
 117       -1.0341
 118       -1.0338
 119       -1.0337
 120       -1.0335
 121       -1.0334
 122       -1.0332
 123       -1.0330
 124       -1.0276
 125       -1.0273
 126       -1.0271
 127       -1.0271
 128       -1.0268
 129       -1.0266
 130       -0.9430
 131       -0.9427
 132       -0.9425
 133       -0.8970
 134       -0.8964
 135       -0.8964
 136       -0.8964
 137       -0.8963
 138       -0.8959
 139       -0.8947
 140       -0.8947
 141       -0.8945
 142       -0.8832
 143       -0.8831
 144       -0.8829
 145       -0.8828
 146       -0.8825
 147       -0.8825
 148       -0.8551
 149       -0.8546
 150       -0.8544
 151       -0.8544
 152       -0.8542
 153       -0.8538
 154       -0.8347
 155       -0.8343
 156       -0.8341
 157       -0.8341
 158       -0.8340
 159       -0.8335
 160       -0.7300
 161       -0.7294
 162       -0.7293
 163       -0.7293
 164       -0.7292
 165       -0.7287
 166       -0.6999
 167       -0.6996
 168       -0.6994
 169       -0.6871
 170       -0.6868
 171       -0.6865
 172       -0.6780
 173       -0.6775
 174       -0.6773
 175       -0.6773
 176       -0.6771
 177       -0.6768
 178       -0.6672
 179       -0.6669
 180       -0.6668
 181       -0.6641
 182       -0.6636
 183       -0.6635
 184       -0.6635
 185       -0.6633
 186       -0.6627
 187       -0.6385
 188       -0.6383
 189       -0.6380
 190       -0.5952
 191       -0.5947
 192       -0.5944
 193       -0.5944
 194       -0.5942
 195       -0.5937
 196       -0.5565
 197       -0.5563
 198       -0.5560
 199       -0.5455
 200       -0.5453
 201       -0.5450
 202       -0.5450
 203       -0.5448
 204       -0.5445
 205       -0.5267
 206       -0.5265
 207       -0.5262
 208       -0.5201
 209       -0.5198
 210       -0.5194
 211       -0.5088
 212       -0.5086
 213       -0.5083
 214       -0.4952
 215       -0.4887
 216       -0.4884
 217       -0.4883
 218       -0.4882
 219       -0.4881
 220       -0.4878
 221       -0.4873
 222       -0.4871
 223       -0.4869
 224       -0.4636
 225       -0.4635
 226       -0.4633
 227       -0.4633
 228       -0.4632
 229       -0.4630
 230       -0.4566
 231       -0.4566
 232       -0.4563
 233       -0.4563
 234       -0.4561
 235       -0.4561
 236       -0.4093
 237       -0.4093
 238       -0.4092
 239       -0.3826
 240       -0.3824
 241       -0.3821
 242       -0.3760
 243       -0.3756
 244       -0.3754
 245       -0.3754
 246       -0.3752
 247       -0.3748
 248       -0.3717
 249       -0.3536
 250       -0.3536
 251       -0.3533
 252       -0.3532
 253       -0.3531
 254       -0.3530
 255       -0.3529
 256       -0.3527
 257       -0.3527
 258       -0.3338
 259       -0.3336
 260       -0.3334
 261       -0.3314
 262       -0.3313
 263       -0.3028
 264       -0.3027
 265       -0.2948
 266       -0.2948
 267       -0.2946
 268       -0.2937
 269       -0.2936
 270       -0.2936
 271       -0.2847
 272       -0.2846
 273       -0.2845
 274       -0.2622
 275       -0.2621
 276       -0.2619
 277       -0.2619
 278       -0.2618
 279       -0.2617
 280       -0.2509
 281       -0.2505
 282       -0.2504
 283       -0.2504
 284       -0.2502
 285       -0.2499
 286       -0.2486
 287       -0.2486
 288       -0.2485
 289       -0.2484
 290       -0.2481
 291       -0.2477
 292       -0.2227
 293       -0.2227
 294       -0.2115
 295       -0.2111
 296       -0.2108
 297       -0.2106
 298       -0.2105
 299       -0.2102
 300       -0.2087
 301       -0.2085
 302       -0.2083
 303       -0.2083
 304       -0.2082
 305       -0.2081
 306       -0.2080
 307       -0.2078
 308       -0.2076
 309       -0.1943
 310       -0.1942
 311       -0.1942
 312       -0.1735
 313       -0.1733
 314       -0.1731
 315       -0.1508
 316       -0.1506
 317       -0.1505
 318       -0.1500
 319       -0.1500
 320       -0.1496
 321       -0.1496
 322       -0.1494
 323       -0.1493
 324       -0.1473
 325       -0.1469
 326       -0.1466
 327       -0.1464
 328       -0.1460
 329       -0.1459
 330       -0.1372
 331       -0.1369
 332       -0.1366
 333       -0.1286
 334       -0.1285
 335       -0.1283
 336       -0.0695
 337       -0.0690
 338       -0.0687
 339       -0.0674
 340       -0.0670
 341       -0.0667
 342       -0.0555
 343       -0.0552
 344       -0.0549
 345       -0.0549
 346       -0.0546
 347       -0.0543
 348       -0.0261
 349       -0.0257
 350       -0.0254
 351        0.0122
 352        0.0123
 353        0.0125
 354        0.0125
 355        0.0127
 356        0.0127
 357        0.0476
 358        0.0477
 359        0.0478
 360        0.0519
 361        0.0521
 362        0.0522
 363        0.0522
 364        0.0524
 365        0.0526
 366        0.0676
 367        0.0677
 368        0.0679
 369        0.0679
 370        0.0682
 371        0.0682
 372        0.1259
 373        0.1259
 374        0.1260
 375        0.1389
 376        0.1390
 377        0.1393
 378        0.1397
 379        0.1399
 380        0.1400
 381        0.1401
 382        0.1402
 383        0.1403
 384        0.1403
 385        0.1403
 386        0.1405
 387        0.1405
 388        0.1407
 389        0.1411
 390        0.1796
 391        0.1798
 392        0.1800
 393        0.1800
 394        0.1801
 395        0.1803
 396        0.1919
 397        0.1921
 398        0.1923
 399        0.1923
 400        0.1924
 401        0.1926
 402        0.1943
 403        0.1944
 404        0.1945
 405        0.2136
 406        0.2138
 407        0.2139
 408        0.2146
 409        0.2149
 410        0.2150
 411        0.2150
 412        0.2151
 413        0.2155
 414        0.2408
 415        0.2409
 416        0.2615
 417        0.2617
 418        0.2619
 419        0.2633
 420        0.2635
 421        0.2636
 422        0.2636
 423        0.2637
 424        0.2640
 425        0.2834
 426        0.2838
 427        0.2841
 428        0.3024
 429        0.3026
 430        0.3028
 431        0.3119
 432        0.3119
 433        0.3181
 434        0.3184
 435        0.3187
 436        0.3578
 437        0.3578
 438        0.3580
 439        0.3580
 440        0.3583
 441        0.3583
 442        0.3628
 443        0.3629
 444        0.3630
 445        0.3742
 446        0.3743
 447        0.3745
 448        0.3746
 449        0.3748
 450        0.3749
 451        0.4103
 452        0.4104
 453        0.4105
 454        0.4278
 455        0.4281
 456        0.4284
 457        0.4310
 458        0.4313
 459        0.4316
 460        0.4438
 461        0.4442
 462        0.4443
 463        0.4443
 464        0.4444
 465        0.4447
 466        0.4457
 467        0.4460
 468        0.4464
 469        0.4551
 470        0.4552
 471        0.4554
 472        0.4555
 473        0.4555
 474        0.4556
 475        0.4556
 476        0.4559
 477        0.4559
 478        0.5014
 479        0.5015
 480        0.5018
 481        0.5018
 482        0.5021
 483        0.5023
 484        0.5369
 485        0.5371
 486        0.5373
 487        0.5593
 488        0.5593
 489        0.5594
 490        0.5735
 491        0.5735
 492        0.5737
 493        0.5737
 494        0.5739
 495        0.5739
 496        0.5756
 497        0.5759
 498        0.5760
 499        0.5760
 500        0.5761
 501        0.5763
 502        0.5784
 503        0.5785
 504        0.5786
 505        0.5786
 506        0.5788
 507        0.5788
 508        0.5804
 509        0.5806
 510        0.5807
 511        0.5807
 512        0.5808
 513        0.5810
 514        0.5853
 515        0.5854
 516        0.5855
 517        0.5856
 518        0.5856
 519        0.5856
 520        0.6028
 521        0.6028
 522        0.6204
 523        0.6205
 524        0.6206
 525        0.6206
 526        0.6207
 527        0.6209
 528        0.6300
 529        0.6301
 530        0.6302
 531        0.6302
 532        0.6302
 533        0.6303
 534        0.6357
 535        0.6358
 536        0.6359
 537        0.6408
 538        0.6409
 539        0.6410
 540        0.6515
 541        0.6516
 542        0.6516
 543        0.6572
 544        0.6572
 545        0.6573
 546        0.6832
 547        0.6832
 548        0.6832
 549        0.6954
 550        0.7074
 551        0.7074
 552        0.7075
 553        0.7075
 554        0.7076
 555        0.7076
 556        0.7134
 557        0.7135
 558        0.7136
 559        0.7136
 560        0.7136
 561        0.7137
 562        0.7268
 563        0.7268
 564        0.7268
 565        0.8612
 566        0.8615
 567        0.8618
 568        0.9742
 569        0.9743
 570        0.9744
 571        1.0297
 572        1.0301
 573        1.0303
 574        1.0303
 575        1.0304
 576        1.0308
 577        1.2177
 578        1.2180
 579        1.2183
 580        1.5332
 581        1.5337
 582        1.5342
 583        1.7835
 584        1.7836
 585        1.7840
 586        1.7840
 587        1.7844
 588        1.7845
 589        1.8781
 590        1.8783
 591        1.8787
 592        1.8787
 593        1.8792
 594        1.8794
 595        2.0924
 596        2.0924
 597        2.0924
 598        2.3346
 599        2.3349
 600        2.3353
 601        2.3353
 602        2.3357
 603        2.3361
 604        2.8894
 605        2.8896
 606        2.8897
 607        3.0447
 608        3.0452
 609        3.0457
 610        3.0892
 611        3.0897
 612        3.0902
 613        3.4776
 614        3.4786
 615        3.4787
 616        3.4787
 617        3.4788
 618        3.4798
 619        3.5445
 620        3.5447
 621        3.5449
 622        3.7971
 623        3.7977
 624        3.7982
 625        3.7982
 626        3.7986
 627        3.7993
 628        4.4836
 629        4.4840
 630        4.4846
 631        4.4846
 632        4.4851
 633        4.4855
 634        5.0191
 635        5.0192
 636        5.0201
 637        5.0201
 638        5.0210
 639        5.0210
 640        5.2002
 641        5.2004
 642        5.2006
 643        5.2483
 644        5.2489
 645        5.2495
 646        5.5016
 647        5.5019
 648        5.5022
 649        5.8446
 650        5.8447
 651        5.8452
 652        5.8452
 653        5.8457
 654        5.8457
 655        5.9029
 656        5.9030
 657        5.9036
 658        5.9036
 659        5.9042
 660        5.9043
 661        6.4916
 662        6.6141
 663        6.6144
 664        6.6150
 665        6.6150
 666        6.6155
 667        6.6159
 668        6.9128
 669        6.9129
 670        6.9133
 671        6.9133
 672        6.9137
 673        6.9139
 674        7.1662
 675        7.1666
 676        7.1670
 677        7.6626
 678        7.6631
 679        7.6636
 680        7.6636
 681        7.6640
 682        7.6645
 683        7.8034
 684        7.8038
 685        7.8041
 686        7.8187
 687        7.8191
 688        7.8194
 689        8.3014
 690        8.3021
 691        8.3024
 692        8.3024
 693        8.3026
 694        8.3033
 695        8.5401
 696        8.5403
 697        8.5405
 698        8.5865
 699        8.5867
 700        8.5869
 701        8.9462
 702        8.9463
 703        8.9465
 704        8.9465
 705        8.9467
 706        8.9467
 707        8.9968
 708        8.9972
 709        8.9976
 710        9.3754
 711        9.3756
 712        9.3760
