   32   32  100    1
  0.2035171E+02  0.8667961E-09  0.8667961E-09  0.8667961E-09  0.5000000E-15
  1.000000000000000E-004
  CAR 
 No title                                
  352   20  212
 
  0.6250000E-01  0.6250000E-01  0.6250000E-01  0.1562500E-01
   1       -4.4191
   2       -2.5167
   3       -2.5167
   4       -2.5167
   5       -2.2145
   6       -2.1936
   7       -2.1936
   8       -2.1936
   9       -2.1618
  10       -2.1618
  11       -2.1618
  12       -1.9485
  13       -1.9485
  14       -1.9485
  15       -1.7293
  16       -1.7293
  17       -1.7293
  18       -1.4133
  19       -1.4133
  20       -1.4133
  21       -1.2479
  22       -1.2479
  23       -1.2479
  24       -1.2479
  25       -1.2479
  26       -1.2479
  27       -1.1743
  28       -1.1743
  29       -1.1743
  30       -1.1058
  31       -1.1058
  32       -1.1058
  33       -1.1058
  34       -1.1058
  35       -1.1058
  36       -1.1016
  37       -1.1016
  38       -1.1016
  39       -0.9546
  40       -0.9546
  41       -0.9546
  42       -0.6645
  43       -0.6645
  44       -0.6645
  45       -0.6645
  46       -0.6645
  47       -0.6645
  48       -0.5903
  49       -0.5903
  50       -0.5903
  51       -0.5688
  52       -0.5688
  53       -0.5688
  54       -0.5688
  55       -0.5688
  56       -0.5688
  57       -0.5089
  58       -0.5089
  59       -0.5089
  60       -0.3692
  61       -0.3692
  62       -0.3692
  63       -0.3692
  64       -0.3692
  65       -0.3692
  66       -0.3046
  67       -0.3046
  68       -0.3046
  69       -0.3046
  70       -0.3046
  71       -0.3046
  72       -0.2937
  73       -0.2937
  74       -0.2937
  75       -0.2492
  76       -0.2492
  77       -0.2492
  78       -0.2323
  79       -0.2323
  80       -0.2277
  81       -0.2245
  82       -0.2245
  83       -0.2245
  84       -0.2221
  85       -0.2221
  86       -0.2221
  87       -0.2107
  88       -0.2107
  89        0.2829
  90        0.2829
  91        0.2829
  92        0.3602
  93        0.3602
  94        0.3602
  95        0.4306
  96        0.4306
  97        0.4306
  98        0.4959
  99        0.4959
 100        0.4959
 101        0.4959
 102        0.4959
 103        0.4959
 104        0.4993
 105        0.4993
 106        0.4993
 107        0.5881
 108        0.5881
 109        0.5881
 110        0.6582
 111        0.6582
 112        0.6582
 113        0.7906
 114        0.7906
 115        0.7906
 116        0.8144
 117        0.8144
 118        0.8144
 119        0.8389
 120        0.8389
 121        0.8389
 122        0.8389
 123        0.8389
 124        0.8389
 125        0.8760
 126        0.8760
 127        0.8760
 128        0.8821
 129        0.8821
 130        0.9389
 131        0.9389
 132        0.9389
 133        0.9389
 134        0.9389
 135        0.9389
 136        1.0260
 137        1.0260
 138        1.0260
 139        1.2598
 140        1.2598
 141        1.2598
 142        1.3463
 143        1.3463
 144        1.3463
 145        1.6662
 146        1.6662
 147        1.6662
 148        1.7116
 149        1.7116
 150        1.7116
 151        1.7454
 152        1.7454
 153        1.7639
 154        1.7639
 155        1.7639
 156        1.9398
 157        1.9398
 158        1.9398
 159        1.9792
 160        1.9792
 161        1.9792
 162        1.9792
 163        1.9792
 164        1.9792
 165        1.9825
 166        1.9825
 167        1.9825
 168        2.8421
 169        2.8421
 170        2.8421
 171        3.1830
 172        3.2361
 173        3.2361
 174        3.2361
 175        3.2361
 176        3.2361
 177        3.2361
 178        3.5567
 179        3.5567
 180        3.5567
 181        3.6517
 182        3.6517
 183        3.6517
 184        5.1287
 185        5.1287
 186        5.1287
 187        5.9596
 188        5.9596
 189        5.9596
 190        6.2707
 191        7.4478
 192        7.4478
 193        7.4478
 194        7.4478
 195        7.4478
 196        7.4478
 197        8.3074
 198        8.3074
 199        8.3089
 200        9.1318
 201        9.1318
 202        9.1319
 203        9.1323
 204        9.1340
 205        9.1371
 206        9.8484
 207        9.8501
 208        9.8502
 209        9.8618
 210        9.8953
 211       10.6844
 212       11.0683
 
  0.1875000E+00  0.6250000E-01  0.6250000E-01  0.4687500E-01
   1       -4.3413
   2       -2.9180
   3       -2.4610
   4       -2.4610
   5       -2.1950
   6       -2.1529
   7       -2.1529
   8       -2.1325
   9       -2.1079
  10       -2.1079
  11       -1.9252
  12       -1.9176
  13       -1.9014
  14       -1.9014
  15       -1.7039
  16       -1.6897
  17       -1.6897
  18       -1.6013
  19       -1.6013
  20       -1.5570
  21       -1.4135
  22       -1.4135
  23       -1.3585
  24       -1.3585
  25       -1.3308
  26       -1.2422
  27       -1.2012
  28       -1.2012
  29       -1.1207
  30       -1.1207
  31       -1.1012
  32       -1.1012
  33       -1.0823
  34       -1.0823
  35       -1.0767
  36       -1.0767
  37       -1.0694
  38       -1.0694
  39       -0.9337
  40       -0.9337
  41       -0.9224
  42       -0.9224
  43       -0.8063
  44       -0.6839
  45       -0.6839
  46       -0.6644
  47       -0.6644
  48       -0.6553
  49       -0.6553
  50       -0.6351
  51       -0.6351
  52       -0.5752
  53       -0.5752
  54       -0.4931
  55       -0.4901
  56       -0.4901
  57       -0.4721
  58       -0.4721
  59       -0.4469
  60       -0.4224
  61       -0.4224
  62       -0.4163
  63       -0.4163
  64       -0.3631
  65       -0.3631
  66       -0.3353
  67       -0.3353
  68       -0.3280
  69       -0.3280
  70       -0.2800
  71       -0.2655
  72       -0.2655
  73       -0.2582
  74       -0.2302
  75       -0.2108
  76       -0.1994
  77       -0.1994
  78       -0.1884
  79       -0.1884
  80       -0.1825
  81       -0.1807
  82       -0.1802
  83       -0.1605
  84       -0.1605
  85       -0.1347
  86       -0.0869
  87       -0.0433
  88       -0.0433
  89        0.1647
  90        0.1647
  91        0.2100
  92        0.2100
  93        0.2894
  94        0.3060
  95        0.3774
  96        0.3774
  97        0.3913
  98        0.4004
  99        0.4496
 100        0.4496
 101        0.4922
 102        0.5634
 103        0.5634
 104        0.5732
 105        0.5732
 106        0.5791
 107        0.5791
 108        0.5986
 109        0.6161
 110        0.6161
 111        0.7341
 112        0.7341
 113        0.7664
 114        0.7664
 115        0.7691
 116        0.7691
 117        0.8434
 118        0.8434
 119        0.8473
 120        0.8565
 121        0.8565
 122        0.8914
 123        0.8914
 124        0.8977
 125        0.9360
 126        0.9360
 127        0.9547
 128        0.9938
 129        0.9938
 130        1.0013
 131        1.0706
 132        1.0706
 133        1.0970
 134        1.0970
 135        1.1314
 136        1.1397
 137        1.1499
 138        1.1499
 139        1.1766
 140        1.3028
 141        1.3028
 142        1.4142
 143        1.4142
 144        1.4338
 145        1.4653
 146        1.4891
 147        1.4891
 148        1.6294
 149        1.6576
 150        1.6576
 151        1.6849
 152        1.6895
 153        1.7394
 154        1.7407
 155        1.7407
 156        1.7589
 157        1.7589
 158        1.8748
 159        1.9147
 160        1.9147
 161        1.9156
 162        1.9156
 163        1.9276
 164        1.9792
 165        1.9792
 166        1.9793
 167        1.9793
 168        2.4946
 169        2.4946
 170        2.8353
 171        2.8600
 172        2.8600
 173        2.9087
 174        3.2453
 175        3.2453
 176        3.4887
 177        3.4887
 178        3.6774
 179        3.6941
 180        3.6941
 181        3.8432
 182        4.1221
 183        4.1221
 184        4.4643
 185        5.3722
 186        5.3722
 187        5.9659
 188        6.2923
 189        6.2923
 190        6.7853
 191        6.9555
 192        6.9555
 193        7.1266
 194        7.1266
 195        7.4273
 196        7.4273
 197        8.2621
 198        8.2623
 199        8.5522
 200        8.5523
 201        9.0711
 202        9.0748
 203        9.1143
 204        9.2136
 205        9.2159
 206        9.7735
 207       10.0044
 208       10.0530
 209       10.2363
 210       10.2506
 211       10.2696
 212       10.4073
 
  0.3125000E+00  0.6250000E-01  0.6250000E-01  0.4687500E-01
   1       -4.1871
   2       -3.3114
   3       -2.3529
   4       -2.3529
   5       -2.1353
   6       -2.0723
   7       -2.0723
   8       -2.0326
   9       -2.0039
  10       -2.0039
  11       -1.8833
  12       -1.8101
  13       -1.8101
  14       -1.8079
  15       -1.8061
  16       -1.8061
  17       -1.7364
  18       -1.6538
  19       -1.6135
  20       -1.6135
  21       -1.6108
  22       -1.6108
  23       -1.5325
  24       -1.5106
  25       -1.5106
  26       -1.3714
  27       -1.3545
  28       -1.3545
  29       -1.1463
  30       -1.1463
  31       -1.0753
  32       -1.0752
  33       -1.0468
  34       -1.0468
  35       -1.0275
  36       -1.0275
  37       -0.9991
  38       -0.9991
  39       -0.9672
  40       -0.9672
  41       -0.8933
  42       -0.8933
  43       -0.7600
  44       -0.7600
  45       -0.7046
  46       -0.7046
  47       -0.6980
  48       -0.6980
  49       -0.6747
  50       -0.6747
  51       -0.6628
  52       -0.6397
  53       -0.6397
  54       -0.5436
  55       -0.5436
  56       -0.5100
  57       -0.5100
  58       -0.4869
  59       -0.4869
  60       -0.4614
  61       -0.4134
  62       -0.4134
  63       -0.3551
  64       -0.3551
  65       -0.3482
  66       -0.3482
  67       -0.3470
  68       -0.3231
  69       -0.3231
  70       -0.3225
  71       -0.3218
  72       -0.2929
  73       -0.2929
  74       -0.2419
  75       -0.1882
  76       -0.1882
  77       -0.1582
  78       -0.1251
  79       -0.1251
  80       -0.1213
  81       -0.1196
  82       -0.1093
  83        0.0316
  84        0.0316
  85        0.0329
  86        0.0329
  87        0.1087
  88        0.1087
  89        0.1202
  90        0.1630
  91        0.2103
  92        0.2180
  93        0.2326
  94        0.2501
  95        0.2526
  96        0.2526
  97        0.3109
  98        0.3109
  99        0.4839
 100        0.5082
 101        0.5082
 102        0.5648
 103        0.5648
 104        0.6498
 105        0.6498
 106        0.6841
 107        0.6841
 108        0.7091
 109        0.7091
 110        0.7382
 111        0.7382
 112        0.7563
 113        0.7563
 114        0.7806
 115        0.8228
 116        0.8228
 117        0.8429
 118        0.8429
 119        0.8747
 120        0.8747
 121        0.8862
 122        0.8862
 123        0.9284
 124        0.9737
 125        1.0282
 126        1.0282
 127        1.0942
 128        1.0942
 129        1.0995
 130        1.1274
 131        1.1911
 132        1.2042
 133        1.2042
 134        1.2105
 135        1.2374
 136        1.2374
 137        1.2754
 138        1.2754
 139        1.2907
 140        1.3024
 141        1.3024
 142        1.3128
 143        1.4262
 144        1.4262
 145        1.4313
 146        1.4313
 147        1.4684
 148        1.5204
 149        1.5784
 150        1.5784
 151        1.5860
 152        1.6018
 153        1.6018
 154        1.6417
 155        1.6649
 156        1.6649
 157        1.6737
 158        1.7489
 159        1.7964
 160        1.7964
 161        1.7974
 162        1.7974
 163        1.8278
 164        1.9789
 165        1.9789
 166        1.9791
 167        1.9791
 168        2.1798
 169        2.1798
 170        2.5106
 171        2.5106
 172        2.8027
 173        2.8220
 174        3.2644
 175        3.2644
 176        3.4069
 177        3.4069
 178        3.6032
 179        3.7281
 180        3.9273
 181        4.2304
 182        4.2304
 183        4.6585
 184        4.6585
 185        5.7888
 186        5.7888
 187        6.2619
 188        6.2619
 189        6.3565
 190        6.5666
 191        6.5666
 192        6.8661
 193        6.8661
 194        7.2685
 195        7.2685
 196        7.4384
 197        8.1342
 198        8.1343
 199        8.1822
 200        8.1822
 201        8.7840
 202        9.1438
 203        9.1523
 204        9.3485
 205        9.3689
 206        9.3857
 207        9.4098
 208        9.9171
 209       10.0205
 210       10.1346
 211       10.2461
 212       10.4388
 
  0.4375000E+00  0.6250000E-01  0.6250000E-01  0.4687500E-01
   1       -3.9597
   2       -3.6645
   3       -2.1993
   4       -2.1993
   5       -2.0366
   6       -2.0117
   7       -2.0117
   8       -1.9531
   9       -1.9531
  10       -1.9017
  11       -1.8962
  12       -1.8584
  13       -1.8584
  14       -1.8337
  15       -1.7983
  16       -1.7983
  17       -1.7968
  18       -1.7269
  19       -1.6864
  20       -1.6864
  21       -1.6809
  22       -1.6809
  23       -1.5802
  24       -1.5236
  25       -1.5236
  26       -1.4927
  27       -1.4927
  28       -1.4852
  29       -1.3370
  30       -1.3370
  31       -1.0385
  32       -1.0385
  33       -1.0253
  34       -1.0253
  35       -0.9559
  36       -0.9559
  37       -0.9017
  38       -0.9017
  39       -0.8646
  40       -0.8646
  41       -0.8542
  42       -0.8542
  43       -0.8366
  44       -0.8366
  45       -0.7688
  46       -0.7688
  47       -0.7516
  48       -0.7516
  49       -0.7238
  50       -0.7238
  51       -0.6941
  52       -0.6941
  53       -0.6319
  54       -0.6319
  55       -0.5374
  56       -0.5374
  57       -0.5343
  58       -0.5343
  59       -0.5303
  60       -0.4184
  61       -0.4149
  62       -0.3699
  63       -0.3693
  64       -0.3693
  65       -0.3493
  66       -0.3493
  67       -0.3481
  68       -0.3481
  69       -0.3287
  70       -0.3287
  71       -0.2982
  72       -0.2651
  73       -0.2509
  74       -0.2509
  75       -0.1511
  76       -0.1511
  77       -0.1282
  78       -0.1282
  79       -0.0763
  80       -0.0763
  81       -0.0762
  82       -0.0339
  83       -0.0339
  84       -0.0305
  85       -0.0297
  86       -0.0105
  87        0.0325
  88        0.0797
  89        0.0797
  90        0.0865
  91        0.0884
  92        0.1116
  93        0.4892
  94        0.4952
  95        0.4952
  96        0.5400
  97        0.5440
  98        0.5440
  99        0.5566
 100        0.5566
 101        0.5811
 102        0.6854
 103        0.6854
 104        0.6882
 105        0.7103
 106        0.7103
 107        0.7399
 108        0.7399
 109        0.7458
 110        0.7458
 111        0.7709
 112        0.7709
 113        0.8026
 114        0.8026
 115        0.8229
 116        0.8229
 117        0.8274
 118        0.8274
 119        0.8578
 120        0.8578
 121        0.8710
 122        0.8710
 123        0.8745
 124        0.9036
 125        0.9262
 126        0.9262
 127        0.9733
 128        0.9883
 129        0.9883
 130        1.0310
 131        1.0672
 132        1.0672
 133        1.2718
 134        1.2718
 135        1.2986
 136        1.3193
 137        1.4019
 138        1.4019
 139        1.4033
 140        1.4388
 141        1.4388
 142        1.4404
 143        1.4547
 144        1.4608
 145        1.4608
 146        1.4715
 147        1.4715
 148        1.5483
 149        1.5483
 150        1.5531
 151        1.5663
 152        1.5717
 153        1.6084
 154        1.6336
 155        1.6336
 156        1.6400
 157        1.6400
 158        1.6421
 159        1.6421
 160        1.7098
 161        1.8731
 162        1.8731
 163        1.8914
 164        1.8914
 165        1.9788
 166        1.9788
 167        1.9789
 168        1.9789
 169        2.0080
 170        2.1812
 171        2.1812
 172        2.7528
 173        2.7897
 174        2.8043
 175        3.2953
 176        3.2953
 177        3.3415
 178        3.3415
 179        3.8001
 180        3.8805
 181        4.8484
 182        4.8484
 183        5.2612
 184        5.2612
 185        5.5362
 186        5.5362
 187        5.9126
 188        5.9126
 189        6.3018
 190        6.3018
 191        6.8393
 192        6.8393
 193        7.0286
 194        7.5968
 195        7.5968
 196        7.8594
 197        8.0325
 198        8.0326
 199        8.0901
 200        8.0902
 201        8.1964
 202        8.4337
 203        8.4339
 204        9.0404
 205        9.3361
 206        9.3487
 207        9.6010
 208        9.6103
 209        9.6497
 210        9.6721
 211        9.9283
 212       10.4649
 
  0.1875000E+00  0.1875000E+00  0.6250000E-01  0.4687500E-01
   1       -4.2644
   2       -2.8583
   3       -2.8583
   4       -2.4130
   5       -2.1990
   6       -2.1343
   7       -2.0735
   8       -2.0735
   9       -2.0647
  10       -1.8777
  11       -1.8777
  12       -1.8634
  13       -1.8634
  14       -1.8622
  15       -1.8592
  16       -1.7111
  17       -1.7111
  18       -1.6648
  19       -1.6648
  20       -1.6446
  21       -1.5097
  22       -1.5097
  23       -1.2778
  24       -1.2778
  25       -1.2543
  26       -1.2543
  27       -1.2135
  28       -1.2135
  29       -1.2025
  30       -1.2025
  31       -1.1656
  32       -1.1656
  33       -1.1554
  34       -1.1427
  35       -1.1427
  36       -1.0477
  37       -1.0477
  38       -1.0424
  39       -0.9107
  40       -0.9107
  41       -0.9047
  42       -0.8901
  43       -0.8901
  44       -0.7897
  45       -0.7897
  46       -0.7214
  47       -0.7214
  48       -0.6809
  49       -0.6809
  50       -0.6306
  51       -0.5417
  52       -0.5417
  53       -0.5398
  54       -0.5398
  55       -0.4912
  56       -0.4912
  57       -0.4784
  58       -0.4784
  59       -0.4708
  60       -0.4708
  61       -0.4575
  62       -0.3650
  63       -0.3650
  64       -0.3142
  65       -0.3142
  66       -0.2837
  67       -0.2837
  68       -0.2725
  69       -0.2706
  70       -0.2648
  71       -0.2222
  72       -0.2201
  73       -0.2201
  74       -0.1889
  75       -0.1688
  76       -0.1625
  77       -0.1625
  78       -0.1579
  79       -0.1534
  80       -0.1346
  81       -0.1346
  82       -0.1224
  83       -0.1224
  84       -0.1121
  85       -0.0947
  86       -0.0947
  87       -0.0497
  88       -0.0497
  89        0.0994
  90        0.1240
  91        0.1806
  92        0.1806
  93        0.3079
  94        0.3079
  95        0.3825
  96        0.3825
  97        0.3917
  98        0.3917
  99        0.4026
 100        0.4184
 101        0.4184
 102        0.4753
 103        0.4753
 104        0.4961
 105        0.4976
 106        0.4976
 107        0.6022
 108        0.6022
 109        0.6207
 110        0.6208
 111        0.6670
 112        0.7086
 113        0.7086
 114        0.8388
 115        0.8475
 116        0.8475
 117        0.8908
 118        0.8993
 119        0.8993
 120        0.9111
 121        0.9281
 122        0.9281
 123        0.9630
 124        0.9630
 125        0.9742
 126        0.9742
 127        1.0578
 128        1.0578
 129        1.0744
 130        1.0744
 131        1.1859
 132        1.2028
 133        1.2028
 134        1.2204
 135        1.2204
 136        1.2356
 137        1.2528
 138        1.2528
 139        1.2577
 140        1.2577
 141        1.2787
 142        1.2787
 143        1.3152
 144        1.3187
 145        1.4258
 146        1.4950
 147        1.5572
 148        1.5572
 149        1.5931
 150        1.5931
 151        1.6137
 152        1.6215
 153        1.7064
 154        1.7256
 155        1.7256
 156        1.7512
 157        1.7512
 158        1.7602
 159        1.8636
 160        1.8636
 161        1.9142
 162        1.9142
 163        1.9166
 164        1.9166
 165        1.9264
 166        1.9264
 167        1.9456
 168        2.1797
 169        2.4785
 170        2.4785
 171        2.4837
 172        2.8587
 173        2.8587
 174        3.1807
 175        3.2960
 176        3.2960
 177        3.7266
 178        3.7266
 179        4.0830
 180        4.0830
 181        4.1704
 182        4.1704
 183        4.5929
 184        4.6979
 185        4.6979
 186        5.5951
 187        5.9687
 188        5.9687
 189        6.7159
 190        6.7159
 191        6.8171
 192        6.8798
 193        6.8798
 194        7.2465
 195        7.2465
 196        7.3890
 197        8.2090
 198        8.5575
 199        8.5580
 200        8.5998
 201        8.5998
 202        9.0469
 203        9.0530
 204        9.0742
 205        9.0809
 206        9.2834
 207        9.2918
 208        9.7865
 209        9.8879
 210       10.0101
 211       10.3754
 212       10.7368
 
  0.3125000E+00  0.1875000E+00  0.6250000E-01  0.9375000E-01
   1       -4.1120
   2       -3.2469
   3       -2.7414
   4       -2.3209
   5       -2.1649
   6       -2.1178
   7       -2.0769
   8       -1.9831
   9       -1.9768
  10       -1.9586
  11       -1.8744
  12       -1.8550
  13       -1.8348
  14       -1.7856
  15       -1.7854
  16       -1.7588
  17       -1.7542
  18       -1.6892
  19       -1.6226
  20       -1.6157
  21       -1.5868
  22       -1.5556
  23       -1.4856
  24       -1.4435
  25       -1.3692
  26       -1.3395
  27       -1.3232
  28       -1.2679
  29       -1.2047
  30       -1.1835
  31       -1.1781
  32       -1.1565
  33       -1.1468
  34       -1.1290
  35       -1.0977
  36       -1.0823
  37       -1.0224
  38       -0.9814
  39       -0.9804
  40       -0.9731
  41       -0.8876
  42       -0.8474
  43       -0.8258
  44       -0.8231
  45       -0.7942
  46       -0.7773
  47       -0.7589
  48       -0.7000
  49       -0.6507
  50       -0.6471
  51       -0.6459
  52       -0.6240
  53       -0.6152
  54       -0.5776
  55       -0.5497
  56       -0.5284
  57       -0.5180
  58       -0.5050
  59       -0.4353
  60       -0.3727
  61       -0.3713
  62       -0.3603
  63       -0.3591
  64       -0.3257
  65       -0.3169
  66       -0.3084
  67       -0.3016
  68       -0.2848
  69       -0.2744
  70       -0.2564
  71       -0.2202
  72       -0.1969
  73       -0.1812
  74       -0.1441
  75       -0.1367
  76       -0.1168
  77       -0.0996
  78       -0.0991
  79       -0.0744
  80       -0.0677
  81       -0.0646
  82       -0.0578
  83       -0.0523
  84       -0.0085
  85       -0.0081
  86        0.0027
  87        0.0556
  88        0.0779
  89        0.1349
  90        0.1601
  91        0.1721
  92        0.1748
  93        0.2130
  94        0.2286
  95        0.2751
  96        0.2924
  97        0.3392
  98        0.3426
  99        0.3597
 100        0.3881
 101        0.4054
 102        0.4464
 103        0.4706
 104        0.5506
 105        0.5775
 106        0.5867
 107        0.6038
 108        0.6254
 109        0.6690
 110        0.6728
 111        0.7090
 112        0.7838
 113        0.8119
 114        0.8225
 115        0.8418
 116        0.8454
 117        0.9072
 118        0.9074
 119        0.9177
 120        0.9581
 121        0.9911
 122        1.0070
 123        1.0200
 124        1.0271
 125        1.0315
 126        1.0758
 127        1.0817
 128        1.0879
 129        1.0933
 130        1.1126
 131        1.1245
 132        1.1781
 133        1.1804
 134        1.2454
 135        1.2494
 136        1.2633
 137        1.2679
 138        1.2846
 139        1.3104
 140        1.3519
 141        1.3534
 142        1.3751
 143        1.3751
 144        1.3863
 145        1.3906
 146        1.4089
 147        1.4607
 148        1.4821
 149        1.5269
 150        1.5779
 151        1.5995
 152        1.6142
 153        1.6572
 154        1.7137
 155        1.7141
 156        1.7190
 157        1.7706
 158        1.7715
 159        1.7976
 160        1.7997
 161        1.8339
 162        1.8367
 163        1.8483
 164        1.9007
 165        1.9143
 166        1.9178
 167        1.9236
 168        1.9267
 169        2.1590
 170        2.3361
 171        2.4468
 172        2.5032
 173        2.8585
 174        2.9161
 175        2.9885
 176        3.7916
 177        3.8203
 178        3.8526
 179        4.1033
 180        4.2642
 181        4.2904
 182        4.4805
 183        4.7325
 184        5.0798
 185        5.1154
 186        5.9181
 187        5.9839
 188        5.9964
 189        6.3303
 190        6.3746
 191        6.3871
 192        6.5732
 193        6.8375
 194        7.2575
 195        7.4738
 196        8.0800
 197        8.0826
 198        8.1124
 199        8.2599
 200        8.2824
 201        8.4883
 202        8.6801
 203        8.8104
 204        8.8702
 205        8.9209
 206        9.0168
 207        9.3354
 208        9.4866
 209        9.5672
 210        9.9876
 211       10.2769
 212       10.3770
 
  0.4375000E+00  0.1875000E+00  0.6250000E-01  0.9375000E-01
   1       -3.8873
   2       -3.5957
   3       -2.5727
   4       -2.3608
   5       -2.1924
   6       -2.0937
   7       -2.0390
   8       -1.9882
   9       -1.9817
  10       -1.8729
  11       -1.8509
  12       -1.8442
  13       -1.8111
  14       -1.7837
  15       -1.7476
  16       -1.7448
  17       -1.6787
  18       -1.6746
  19       -1.6548
  20       -1.6362
  21       -1.6122
  22       -1.5436
  23       -1.5332
  24       -1.4955
  25       -1.4702
  26       -1.4506
  27       -1.4392
  28       -1.4264
  29       -1.3165
  30       -1.2647
  31       -1.2054
  32       -1.1997
  33       -1.1019
  34       -1.0715
  35       -1.0387
  36       -1.0207
  37       -1.0083
  38       -0.9593
  39       -0.9388
  40       -0.9160
  41       -0.8686
  42       -0.8666
  43       -0.8519
  44       -0.7873
  45       -0.7725
  46       -0.7663
  47       -0.7634
  48       -0.7335
  49       -0.7314
  50       -0.7191
  51       -0.7033
  52       -0.6782
  53       -0.6586
  54       -0.6239
  55       -0.5701
  56       -0.5227
  57       -0.4870
  58       -0.4598
  59       -0.4313
  60       -0.4165
  61       -0.4121
  62       -0.4095
  63       -0.3438
  64       -0.3341
  65       -0.3153
  66       -0.3062
  67       -0.2912
  68       -0.2519
  69       -0.2507
  70       -0.2412
  71       -0.2281
  72       -0.1866
  73       -0.1545
  74       -0.1422
  75       -0.1356
  76       -0.0953
  77       -0.0918
  78       -0.0890
  79       -0.0729
  80       -0.0466
  81       -0.0297
  82       -0.0204
  83       -0.0160
  84        0.0012
  85        0.0234
  86        0.0447
  87        0.0555
  88        0.0747
  89        0.0763
  90        0.0871
  91        0.1565
  92        0.1827
  93        0.3345
  94        0.3541
  95        0.3780
  96        0.3894
  97        0.3987
  98        0.4108
  99        0.4264
 100        0.4765
 101        0.5173
 102        0.5592
 103        0.5749
 104        0.6082
 105        0.6135
 106        0.6517
 107        0.6636
 108        0.6795
 109        0.6914
 110        0.6997
 111        0.7246
 112        0.7345
 113        0.7601
 114        0.7627
 115        0.7721
 116        0.7985
 117        0.8079
 118        0.8660
 119        0.8906
 120        0.9347
 121        0.9441
 122        0.9489
 123        0.9539
 124        0.9675
 125        0.9906
 126        0.9911
 127        1.0029
 128        1.0134
 129        1.0334
 130        1.1223
 131        1.1560
 132        1.1865
 133        1.2221
 134        1.2435
 135        1.2598
 136        1.2760
 137        1.3004
 138        1.3755
 139        1.4001
 140        1.4352
 141        1.4403
 142        1.4548
 143        1.4606
 144        1.4634
 145        1.4962
 146        1.5201
 147        1.5209
 148        1.5221
 149        1.5243
 150        1.5411
 151        1.5972
 152        1.6088
 153        1.6179
 154        1.6358
 155        1.6395
 156        1.6424
 157        1.6507
 158        1.6522
 159        1.6525
 160        1.6533
 161        1.7270
 162        1.8565
 163        1.8680
 164        1.9155
 165        1.9188
 166        1.9193
 167        1.9212
 168        2.1697
 169        2.1895
 170        2.3473
 171        2.3523
 172        2.4017
 173        2.5477
 174        2.8664
 175        2.8987
 176        3.0406
 177        3.8873
 178        4.0038
 179        4.3929
 180        4.4396
 181        4.5153
 182        4.9339
 183        5.1460
 184        5.3568
 185        5.5265
 186        5.6339
 187        5.6863
 188        5.9783
 189        6.0062
 190        6.2809
 191        6.4682
 192        6.5270
 193        6.9614
 194        7.0569
 195        7.3433
 196        7.8890
 197        7.9221
 198        7.9968
 199        8.2306
 200        8.2904
 201        8.5283
 202        8.6438
 203        8.8639
 204        8.8922
 205        8.9265
 206        8.9328
 207        8.9416
 208        9.0686
 209        9.2376
 210        9.7245
 211        9.9485
 212       10.3908
 
  0.3125000E+00  0.3125000E+00  0.6250000E-01  0.4687500E-01
   1       -3.9633
   2       -3.1201
   3       -3.1201
   4       -2.4216
   5       -2.2604
   6       -2.1608
   7       -2.0466
   8       -1.9694
   9       -1.9694
  10       -1.9442
  11       -1.8511
  12       -1.8511
  13       -1.7611
  14       -1.7611
  15       -1.7407
  16       -1.7407
  17       -1.7320
  18       -1.6500
  19       -1.6500
  20       -1.5396
  21       -1.5396
  22       -1.4529
  23       -1.3762
  24       -1.3762
  25       -1.3526
  26       -1.3526
  27       -1.3442
  28       -1.3442
  29       -1.2756
  30       -1.2756
  31       -1.2692
  32       -1.2653
  33       -1.2653
  34       -1.1370
  35       -1.1370
  36       -1.0938
  37       -1.0938
  38       -1.0055
  39       -1.0055
  40       -0.9785
  41       -0.9785
  42       -0.8874
  43       -0.8874
  44       -0.8653
  45       -0.8520
  46       -0.8520
  47       -0.7558
  48       -0.6304
  49       -0.6304
  50       -0.6142
  51       -0.6142
  52       -0.6130
  53       -0.6130
  54       -0.6120
  55       -0.5907
  56       -0.4509
  57       -0.4509
  58       -0.4325
  59       -0.4325
  60       -0.3534
  61       -0.3295
  62       -0.3295
  63       -0.3201
  64       -0.3201
  65       -0.2865
  66       -0.2789
  67       -0.2789
  68       -0.2302
  69       -0.2302
  70       -0.2139
  71       -0.1467
  72       -0.1467
  73       -0.0970
  74       -0.0867
  75       -0.0809
  76       -0.0581
  77       -0.0515
  78       -0.0465
  79       -0.0440
  80       -0.0113
  81       -0.0113
  82       -0.0080
  83        0.0377
  84        0.0377
  85        0.0512
  86        0.0512
  87        0.0975
  88        0.0975
  89        0.0997
  90        0.0997
  91        0.1989
  92        0.1989
  93        0.2293
  94        0.2293
  95        0.2521
  96        0.2521
  97        0.3081
  98        0.3081
  99        0.3322
 100        0.3515
 101        0.3533
 102        0.3533
 103        0.4473
 104        0.4473
 105        0.4763
 106        0.4763
 107        0.4874
 108        0.5297
 109        0.6035
 110        0.6035
 111        0.7371
 112        0.7616
 113        0.7758
 114        0.7758
 115        0.7914
 116        0.8093
 117        0.8093
 118        0.8554
 119        0.9277
 120        0.9655
 121        0.9655
 122        1.0366
 123        1.0366
 124        1.1166
 125        1.1166
 126        1.1286
 127        1.1286
 128        1.1511
 129        1.1511
 130        1.1615
 131        1.1615
 132        1.1635
 133        1.1635
 134        1.1670
 135        1.1994
 136        1.2789
 137        1.2789
 138        1.3088
 139        1.3088
 140        1.4044
 141        1.4324
 142        1.4324
 143        1.4325
 144        1.4406
 145        1.4986
 146        1.4986
 147        1.4995
 148        1.4995
 149        1.5248
 150        1.5455
 151        1.5790
 152        1.5790
 153        1.6493
 154        1.6583
 155        1.7229
 156        1.7229
 157        1.7260
 158        1.7260
 159        1.7338
 160        1.8021
 161        1.8021
 162        1.8032
 163        1.8032
 164        1.8242
 165        1.8242
 166        1.8698
 167        2.0584
 168        2.1186
 169        2.1186
 170        2.2235
 171        2.2235
 172        2.4934
 173        2.4934
 174        2.6990
 175        3.4184
 176        3.4184
 177        4.2367
 178        4.2367
 179        4.4083
 180        4.4083
 181        4.8267
 182        4.8267
 183        4.8763
 184        4.8763
 185        5.5325
 186        5.5325
 187        5.6072
 188        6.0074
 189        6.0074
 190        6.3306
 191        6.3944
 192        6.3944
 193        7.0601
 194        7.0601
 195        7.6956
 196        7.6956
 197        7.8450
 198        7.8450
 199        7.9831
 200        8.1528
 201        8.1529
 202        8.1645
 203        8.3380
 204        8.3383
 205        8.7953
 206        9.2004
 207        9.5901
 208        9.5980
 209       10.1182
 210       10.2178
 211       10.3759
 212       10.7839
 
  0.4375000E+00  0.3125000E+00  0.6250000E-01  0.9375000E-01
   1       -3.7440
   2       -3.4597
   3       -2.9350
   4       -2.6988
   5       -2.1771
   6       -2.1242
   7       -2.0781
   8       -2.0580
   9       -1.9821
  10       -1.8915
  11       -1.8854
  12       -1.8292
  13       -1.7122
  14       -1.6988
  15       -1.6866
  16       -1.6458
  17       -1.6439
  18       -1.6071
  19       -1.5444
  20       -1.5263
  21       -1.5261
  22       -1.5024
  23       -1.4704
  24       -1.4439
  25       -1.4257
  26       -1.3814
  27       -1.3643
  28       -1.3293
  29       -1.3242
  30       -1.3131
  31       -1.2755
  32       -1.2338
  33       -1.2168
  34       -1.1934
  35       -1.1795
  36       -1.1490
  37       -1.1342
  38       -1.1150
  39       -1.0870
  40       -1.0502
  41       -1.0394
  42       -0.9653
  43       -0.8512
  44       -0.8186
  45       -0.7967
  46       -0.7235
  47       -0.7147
  48       -0.7085
  49       -0.7078
  50       -0.6216
  51       -0.6101
  52       -0.6009
  53       -0.5707
  54       -0.5604
  55       -0.5143
  56       -0.5099
  57       -0.5060
  58       -0.4979
  59       -0.4568
  60       -0.4187
  61       -0.3284
  62       -0.3020
  63       -0.2924
  64       -0.2533
  65       -0.2190
  66       -0.2167
  67       -0.2103
  68       -0.1696
  69       -0.1613
  70       -0.1564
  71       -0.1404
  72       -0.1134
  73       -0.1080
  74       -0.0832
  75       -0.0310
  76       -0.0153
  77       -0.0009
  78        0.0031
  79        0.0099
  80        0.0226
  81        0.0265
  82        0.0340
  83        0.0518
  84        0.0539
  85        0.0608
  86        0.0846
  87        0.0928
  88        0.1413
  89        0.1514
  90        0.1568
  91        0.1845
  92        0.1899
  93        0.2159
  94        0.2362
  95        0.2414
  96        0.2748
  97        0.2840
  98        0.2850
  99        0.3515
 100        0.3572
 101        0.3682
 102        0.3953
 103        0.4021
 104        0.4080
 105        0.4740
 106        0.5597
 107        0.5608
 108        0.5656
 109        0.5784
 110        0.5832
 111        0.5941
 112        0.6017
 113        0.6289
 114        0.6313
 115        0.6803
 116        0.6982
 117        0.7006
 118        0.7607
 119        0.8886
 120        0.8943
 121        0.8978
 122        0.9739
 123        0.9794
 124        1.0609
 125        1.0657
 126        1.0814
 127        1.1286
 128        1.1426
 129        1.1787
 130        1.1867
 131        1.2368
 132        1.2774
 133        1.3124
 134        1.3173
 135        1.3264
 136        1.3288
 137        1.3502
 138        1.3691
 139        1.3874
 140        1.4481
 141        1.4648
 142        1.4653
 143        1.4699
 144        1.4975
 145        1.5099
 146        1.5297
 147        1.5401
 148        1.5606
 149        1.5781
 150        1.5918
 151        1.5960
 152        1.6030
 153        1.6091
 154        1.6487
 155        1.6652
 156        1.6664
 157        1.6686
 158        1.6690
 159        1.6815
 160        1.6867
 161        1.7034
 162        1.8080
 163        1.8124
 164        1.8148
 165        1.8231
 166        1.8328
 167        1.8382
 168        2.0116
 169        2.0630
 170        2.1556
 171        2.4957
 172        2.5456
 173        2.6197
 174        2.7587
 175        3.0187
 176        3.4419
 177        4.0275
 178        4.5758
 179        4.6709
 180        4.7378
 181        4.7623
 182        5.0739
 183        5.1005
 184        5.1115
 185        5.2245
 186        5.5436
 187        5.8196
 188        6.1063
 189        6.1265
 190        6.1594
 191        6.5776
 192        6.6389
 193        6.7581
 194        6.8876
 195        7.0979
 196        7.3355
 197        7.4056
 198        7.4944
 199        7.6735
 200        7.7942
 201        7.8287
 202        7.9440
 203        8.4257
 204        8.8014
 205        8.9399
 206        9.5865
 207        9.8014
 208        9.8939
 209       10.1467
 210       10.2001
 211       10.3718
 212       10.8610
 
  0.4375000E+00  0.4375000E+00  0.6250000E-01  0.4687500E-01
   1       -3.5331
   2       -3.2603
   3       -3.2603
   4       -3.0035
   5       -2.1510
   6       -2.1292
   7       -2.1119
   8       -2.1119
   9       -1.9550
  10       -1.9034
  11       -1.9024
  12       -1.9024
  13       -1.5857
  14       -1.5608
  15       -1.5608
  16       -1.5488
  17       -1.5488
  18       -1.5006
  19       -1.5006
  20       -1.4919
  21       -1.4919
  22       -1.4266
  23       -1.3990
  24       -1.3990
  25       -1.3968
  26       -1.3968
  27       -1.3801
  28       -1.3801
  29       -1.3605
  30       -1.3605
  31       -1.3260
  32       -1.3260
  33       -1.2771
  34       -1.2771
  35       -1.2497
  36       -1.2497
  37       -1.2148
  38       -1.2148
  39       -1.1685
  40       -1.1373
  41       -1.1373
  42       -1.0074
  43       -1.0074
  44       -0.8550
  45       -0.7461
  46       -0.7461
  47       -0.6604
  48       -0.6604
  49       -0.6602
  50       -0.6602
  51       -0.5851
  52       -0.5851
  53       -0.5456
  54       -0.5179
  55       -0.5179
  56       -0.4933
  57       -0.4519
  58       -0.4211
  59       -0.2893
  60       -0.2893
  61       -0.2816
  62       -0.2088
  63       -0.2088
  64       -0.2061
  65       -0.2019
  66       -0.2019
  67       -0.1958
  68       -0.1492
  69       -0.1492
  70       -0.1454
  71       -0.0383
  72       -0.0383
  73        0.0243
  74        0.0243
  75        0.0269
  76        0.0317
  77        0.0337
  78        0.0474
  79        0.0530
  80        0.0530
  81        0.0895
  82        0.1111
  83        0.1191
  84        0.1191
  85        0.1224
  86        0.1224
  87        0.1424
  88        0.1457
  89        0.1457
  90        0.1789
  91        0.1811
  92        0.1811
  93        0.1893
  94        0.1938
  95        0.1938
  96        0.2159
  97        0.2159
  98        0.2774
  99        0.2774
 100        0.2827
 101        0.2827
 102        0.2894
 103        0.2940
 104        0.3851
 105        0.3851
 106        0.4236
 107        0.4236
 108        0.4420
 109        0.4420
 110        0.4579
 111        0.4579
 112        0.5310
 113        0.5310
 114        0.5634
 115        0.5634
 116        0.5780
 117        0.6178
 118        0.6178
 119        0.6673
 120        0.7038
 121        0.9994
 122        1.0379
 123        1.1032
 124        1.1032
 125        1.1415
 126        1.1415
 127        1.2070
 128        1.2070
 129        1.2250
 130        1.2754
 131        1.2914
 132        1.2914
 133        1.2986
 134        1.2986
 135        1.4104
 136        1.4104
 137        1.4144
 138        1.4144
 139        1.4893
 140        1.4910
 141        1.4910
 142        1.4939
 143        1.5286
 144        1.5286
 145        1.5773
 146        1.5870
 147        1.5870
 148        1.6084
 149        1.6141
 150        1.6529
 151        1.6529
 152        1.6573
 153        1.6573
 154        1.6596
 155        1.6596
 156        1.6723
 157        1.6723
 158        1.6773
 159        1.6773
 160        1.6847
 161        1.6885
 162        1.6885
 163        1.7021
 164        1.7021
 165        1.7560
 166        1.7644
 167        1.7644
 168        1.7703
 169        1.9146
 170        2.1710
 171        2.1710
 172        2.2908
 173        3.1837
 174        3.1837
 175        3.6085
 176        3.6085
 177        3.8756
 178        3.8756
 179        4.3122
 180        4.3122
 181        5.3384
 182        5.3384
 183        5.6027
 184        5.6027
 185        5.8139
 186        5.8139
 187        6.0589
 188        6.0589
 189        6.1627
 190        6.1627
 191        6.5179
 192        6.5179
 193        6.5674
 194        6.7843
 195        6.7843
 196        6.9517
 197        6.9517
 198        7.0001
 199        7.0001
 200        7.0339
 201        7.6995
 202        7.9433
 203        7.9433
 204        8.3384
 205        9.7135
 206       10.2467
 207       10.3399
 208       10.3805
 209       10.4690
 210       10.5249
 211       10.5501
 212       10.7549
 
  0.1875000E+00  0.1875000E+00  0.1875000E+00  0.1562500E-01
   1       -4.1886
   2       -2.8040
   3       -2.8040
   4       -2.8040
   5       -2.2291
   6       -2.0362
   7       -2.0362
   8       -2.0362
   9       -1.9278
  10       -1.9278
  11       -1.9278
  12       -1.8387
  13       -1.8387
  14       -1.8387
  15       -1.8227
  16       -1.8227
  17       -1.8227
  18       -1.6196
  19       -1.6196
  20       -1.6196
  21       -1.3331
  22       -1.3331
  23       -1.3331
  24       -1.3331
  25       -1.3331
  26       -1.3331
  27       -1.2474
  28       -1.2474
  29       -1.2474
  30       -1.1749
  31       -1.1749
  32       -1.1749
  33       -1.1749
  34       -1.1749
  35       -1.1749
  36       -1.1743
  37       -1.1743
  38       -1.1743
  39       -0.8817
  40       -0.8817
  41       -0.8817
  42       -0.8817
  43       -0.8817
  44       -0.8817
  45       -0.7663
  46       -0.7663
  47       -0.7663
  48       -0.5420
  49       -0.5420
  50       -0.5420
  51       -0.5098
  52       -0.5098
  53       -0.5098
  54       -0.5098
  55       -0.5098
  56       -0.5098
  57       -0.4845
  58       -0.4845
  59       -0.4845
  60       -0.4071
  61       -0.4071
  62       -0.4071
  63       -0.4071
  64       -0.4071
  65       -0.4071
  66       -0.3312
  67       -0.3312
  68       -0.3312
  69       -0.2828
  70       -0.1886
  71       -0.1886
  72       -0.1438
  73       -0.1438
  74       -0.1119
  75       -0.1119
  76       -0.1119
  77       -0.1119
  78       -0.1119
  79       -0.1119
  80       -0.0969
  81       -0.0969
  82       -0.0969
  83       -0.0912
  84       -0.0912
  85       -0.0912
  86       -0.0530
  87       -0.0530
  88       -0.0530
  89        0.1295
  90        0.1295
  91        0.1295
  92        0.2533
  93        0.2533
  94        0.2533
  95        0.2668
  96        0.2668
  97        0.2668
  98        0.3384
  99        0.3384
 100        0.3384
 101        0.5222
 102        0.5222
 103        0.5222
 104        0.5583
 105        0.5583
 106        0.5583
 107        0.5583
 108        0.5583
 109        0.5583
 110        0.7129
 111        0.7129
 112        0.7129
 113        0.7940
 114        0.7940
 115        0.7940
 116        0.8458
 117        0.8458
 118        0.8458
 119        0.8590
 120        0.8590
 121        0.9406
 122        0.9406
 123        0.9406
 124        0.9406
 125        0.9406
 126        0.9406
 127        1.1142
 128        1.1142
 129        1.1142
 130        1.2146
 131        1.2146
 132        1.2146
 133        1.2334
 134        1.2334
 135        1.2334
 136        1.2334
 137        1.2334
 138        1.2334
 139        1.3281
 140        1.3281
 141        1.3281
 142        1.5321
 143        1.5321
 144        1.5321
 145        1.5370
 146        1.5370
 147        1.5370
 148        1.5385
 149        1.5385
 150        1.5385
 151        1.5674
 152        1.5674
 153        1.5674
 154        1.6141
 155        1.6141
 156        1.7728
 157        1.7728
 158        1.7728
 159        1.8657
 160        1.8657
 161        1.8657
 162        1.8657
 163        1.8657
 164        1.8657
 165        1.8852
 166        1.9209
 167        1.9209
 168        1.9209
 169        2.1566
 170        2.1566
 171        2.1566
 172        3.3184
 173        3.3184
 174        3.3184
 175        3.3184
 176        3.3184
 177        3.3184
 178        3.9267
 179        3.9267
 180        3.9267
 181        4.6621
 182        4.6621
 183        4.6621
 184        4.9053
 185        4.9053
 186        4.9053
 187        6.3318
 188        6.3318
 189        6.3318
 190        6.7425
 191        6.7425
 192        6.7425
 193        6.7425
 194        6.7425
 195        6.7425
 196        8.0354
 197        8.5795
 198        8.5795
 199        8.5795
 200        8.5796
 201        8.5797
 202        8.5805
 203        8.8444
 204        8.8451
 205        8.8464
 206        9.0168
 207        9.0175
 208        9.0272
 209       10.3382
 210       10.3599
 211       10.4088
 212       10.7637
 
  0.3125000E+00  0.1875000E+00  0.1875000E+00  0.4687500E-01
   1       -4.0383
   2       -3.1862
   3       -2.6982
   4       -2.6982
   5       -2.2241
   6       -2.1486
   7       -2.1486
   8       -2.0249
   9       -1.9622
  10       -1.9622
  11       -1.9076
  12       -1.7963
  13       -1.7626
  14       -1.7626
  15       -1.7465
  16       -1.7465
  17       -1.7151
  18       -1.5703
  19       -1.5326
  20       -1.5326
  21       -1.5305
  22       -1.5305
  23       -1.4218
  24       -1.4218
  25       -1.4023
  26       -1.3465
  27       -1.3465
  28       -1.2966
  29       -1.2419
  30       -1.2419
  31       -1.1935
  32       -1.1935
  33       -1.1922
  34       -1.1922
  35       -1.1294
  36       -1.1294
  37       -1.0947
  38       -1.0947
  39       -1.0609
  40       -1.0609
  41       -0.8623
  42       -0.8623
  43       -0.8244
  44       -0.8244
  45       -0.7214
  46       -0.7214
  47       -0.6329
  48       -0.6181
  49       -0.6181
  50       -0.6144
  51       -0.6144
  52       -0.5808
  53       -0.5808
  54       -0.5563
  55       -0.5258
  56       -0.5258
  57       -0.4683
  58       -0.4683
  59       -0.4408
  60       -0.4408
  61       -0.4200
  62       -0.4200
  63       -0.3989
  64       -0.3599
  65       -0.3599
  66       -0.3268
  67       -0.2834
  68       -0.2128
  69       -0.2128
  70       -0.1707
  71       -0.1570
  72       -0.1286
  73       -0.1286
  74       -0.1009
  75       -0.0949
  76       -0.0949
  77       -0.0940
  78       -0.0694
  79       -0.0694
  80       -0.0546
  81       -0.0546
  82       -0.0266
  83       -0.0266
  84       -0.0078
  85        0.0005
  86        0.0548
  87        0.0548
  88        0.0833
  89        0.0833
  90        0.1138
  91        0.1320
  92        0.1850
  93        0.1981
  94        0.2048
  95        0.2048
  96        0.2514
  97        0.2514
  98        0.3047
  99        0.3047
 100        0.3832
 101        0.3977
 102        0.3977
 103        0.5310
 104        0.6161
 105        0.6161
 106        0.6212
 107        0.6223
 108        0.6223
 109        0.7018
 110        0.7018
 111        0.7622
 112        0.7622
 113        0.7732
 114        0.7732
 115        0.7991
 116        0.8021
 117        0.8021
 118        0.8576
 119        0.8576
 120        0.8930
 121        0.8930
 122        0.8972
 123        0.8987
 124        0.9426
 125        0.9426
 126        0.9802
 127        1.0254
 128        1.0880
 129        1.0880
 130        1.1173
 131        1.2216
 132        1.2503
 133        1.2503
 134        1.2739
 135        1.2739
 136        1.2827
 137        1.2827
 138        1.3762
 139        1.3980
 140        1.3980
 141        1.4115
 142        1.4115
 143        1.4320
 144        1.4320
 145        1.4541
 146        1.4778
 147        1.4877
 148        1.4877
 149        1.4883
 150        1.4954
 151        1.4954
 152        1.6337
 153        1.7439
 154        1.7595
 155        1.7595
 156        1.7763
 157        1.7763
 158        1.7787
 159        1.7787
 160        1.8389
 161        1.8595
 162        1.8595
 163        1.8703
 164        1.8703
 165        1.8739
 166        1.8753
 167        1.8753
 168        1.9061
 169        1.9061
 170        1.9853
 171        2.1103
 172        2.9333
 173        2.9333
 174        3.3664
 175        3.3664
 176        3.7325
 177        3.7325
 178        3.8719
 179        3.8719
 180        4.0628
 181        4.6663
 182        4.7960
 183        5.2070
 184        5.2070
 185        5.2546
 186        5.2546
 187        5.9854
 188        6.0105
 189        6.0105
 190        6.4708
 191        6.4708
 192        6.6827
 193        6.6827
 194        6.9262
 195        6.9262
 196        7.8127
 197        8.1097
 198        8.1097
 199        8.4611
 200        8.4618
 201        8.5949
 202        8.5950
 203        8.7460
 204        8.7463
 205        8.7515
 206        8.9166
 207        8.9180
 208        9.3985
 209        9.4012
 210        9.8436
 211        9.8851
 212       10.2119
 
  0.4375000E+00  0.1875000E+00  0.1875000E+00  0.4687500E-01
   1       -3.8167
   2       -3.5294
   3       -2.5471
   4       -2.5471
   5       -2.3597
   6       -2.3597
   7       -2.1855
   8       -2.1164
   9       -1.8522
  10       -1.8522
  11       -1.7528
  12       -1.7456
  13       -1.7080
  14       -1.7080
  15       -1.7066
  16       -1.6522
  17       -1.6522
  18       -1.6447
  19       -1.6447
  20       -1.5797
  21       -1.5312
  22       -1.5312
  23       -1.5113
  24       -1.5113
  25       -1.4982
  26       -1.4058
  27       -1.4012
  28       -1.4012
  29       -1.2401
  30       -1.2401
  31       -1.2305
  32       -1.2305
  33       -1.2127
  34       -1.2127
  35       -1.1088
  36       -1.1088
  37       -1.0932
  38       -1.0932
  39       -0.9734
  40       -0.9734
  41       -0.8196
  42       -0.8196
  43       -0.8116
  44       -0.8116
  45       -0.7446
  46       -0.7446
  47       -0.7348
  48       -0.7348
  49       -0.6595
  50       -0.6595
  51       -0.6561
  52       -0.6561
  53       -0.5895
  54       -0.5895
  55       -0.5237
  56       -0.5105
  57       -0.4665
  58       -0.4327
  59       -0.4327
  60       -0.4059
  61       -0.4033
  62       -0.4033
  63       -0.3952
  64       -0.3952
  65       -0.3203
  66       -0.3203
  67       -0.2846
  68       -0.2846
  69       -0.1905
  70       -0.1691
  71       -0.1110
  72       -0.1110
  73       -0.0948
  74       -0.0776
  75       -0.0776
  76       -0.0641
  77       -0.0641
  78       -0.0512
  79       -0.0512
  80       -0.0248
  81       -0.0198
  82       -0.0102
  83       -0.0102
  84       -0.0036
  85        0.0660
  86        0.0682
  87        0.0682
  88        0.0780
  89        0.1060
  90        0.1175
  91        0.1175
  92        0.2391
  93        0.2654
  94        0.2654
  95        0.2826
  96        0.2826
  97        0.2895
  98        0.3179
  99        0.3179
 100        0.4282
 101        0.5504
 102        0.5504
 103        0.5602
 104        0.5602
 105        0.6446
 106        0.6674
 107        0.6771
 108        0.6771
 109        0.7184
 110        0.7204
 111        0.7220
 112        0.7220
 113        0.7242
 114        0.7242
 115        0.7858
 116        0.7858
 117        0.8172
 118        0.8172
 119        0.8186
 120        0.8186
 121        0.8253
 122        0.8253
 123        0.8471
 124        0.9067
 125        0.9067
 126        0.9081
 127        0.9081
 128        0.9565
 129        1.0302
 130        1.1412
 131        1.1636
 132        1.1972
 133        1.2471
 134        1.2471
 135        1.3356
 136        1.3514
 137        1.3520
 138        1.3520
 139        1.3883
 140        1.3883
 141        1.4175
 142        1.4175
 143        1.4245
 144        1.4245
 145        1.5415
 146        1.5415
 147        1.5482
 148        1.5482
 149        1.5703
 150        1.5703
 151        1.5763
 152        1.6268
 153        1.6268
 154        1.6660
 155        1.6660
 156        1.6677
 157        1.6677
 158        1.6763
 159        1.6908
 160        1.6908
 161        1.7268
 162        1.8080
 163        1.8782
 164        1.8782
 165        1.8904
 166        1.8904
 167        1.9481
 168        2.0406
 169        2.2046
 170        2.2046
 171        2.5569
 172        2.5632
 173        2.5632
 174        3.2583
 175        3.4468
 176        3.4468
 177        3.5674
 178        3.5674
 179        4.5191
 180        4.5191
 181        4.9749
 182        5.0815
 183        5.2435
 184        5.2435
 185        5.6720
 186        5.6720
 187        5.7895
 188        5.7895
 189        6.0944
 190        6.0962
 191        6.0962
 192        6.3409
 193        6.3409
 194        6.8545
 195        7.6619
 196        7.6619
 197        7.9775
 198        7.9775
 199        8.1503
 200        8.1504
 201        8.4948
 202        8.4951
 203        8.6718
 204        8.6720
 205        8.7907
 206        8.7917
 207        9.0273
 208        9.0275
 209        9.3962
 210        9.4075
 211        9.5312
 212       11.4128
 
  0.3125000E+00  0.3125000E+00  0.1875000E+00  0.4687500E-01
   1       -3.8922
   2       -3.0671
   3       -3.0671
   4       -2.6149
   5       -2.4220
   6       -2.2542
   7       -2.1935
   8       -2.1935
   9       -1.9148
  10       -1.8243
  11       -1.8243
  12       -1.7213
  13       -1.7211
  14       -1.7211
  15       -1.7114
  16       -1.6411
  17       -1.6411
  18       -1.5842
  19       -1.5842
  20       -1.4808
  21       -1.4808
  22       -1.4263
  23       -1.3918
  24       -1.3918
  25       -1.3640
  26       -1.3640
  27       -1.3570
  28       -1.3570
  29       -1.3085
  30       -1.3085
  31       -1.3013
  32       -1.2993
  33       -1.2993
  34       -1.2099
  35       -1.2099
  36       -1.1829
  37       -1.1829
  38       -1.0156
  39       -1.0156
  40       -0.9758
  41       -0.9564
  42       -0.9564
  43       -0.8123
  44       -0.8123
  45       -0.7177
  46       -0.7177
  47       -0.6476
  48       -0.6135
  49       -0.6034
  50       -0.6034
  51       -0.6009
  52       -0.6009
  53       -0.5808
  54       -0.5808
  55       -0.5173
  56       -0.4421
  57       -0.4421
  58       -0.4397
  59       -0.4397
  60       -0.3999
  61       -0.3999
  62       -0.3696
  63       -0.3482
  64       -0.3175
  65       -0.3175
  66       -0.3058
  67       -0.3058
  68       -0.1703
  69       -0.1703
  70       -0.1555
  71       -0.1387
  72       -0.1387
  73       -0.1203
  74       -0.0743
  75       -0.0595
  76       -0.0475
  77       -0.0475
  78       -0.0160
  79       -0.0082
  80        0.0128
  81        0.0143
  82        0.0372
  83        0.0591
  84        0.0591
  85        0.0728
  86        0.0728
  87        0.0828
  88        0.0828
  89        0.1209
  90        0.1209
  91        0.1252
  92        0.1252
  93        0.1807
  94        0.1807
  95        0.1846
  96        0.1846
  97        0.2020
  98        0.2328
  99        0.2923
 100        0.2923
 101        0.4405
 102        0.4405
 103        0.4797
 104        0.4797
 105        0.5309
 106        0.5309
 107        0.6040
 108        0.6373
 109        0.6802
 110        0.6802
 111        0.6906
 112        0.6906
 113        0.6909
 114        0.6991
 115        0.7805
 116        0.7805
 117        0.7926
 118        0.8516
 119        0.8516
 120        0.8987
 121        0.9008
 122        0.9459
 123        0.9489
 124        0.9489
 125        0.9544
 126        0.9544
 127        1.0166
 128        1.0166
 129        1.0743
 130        1.0743
 131        1.0790
 132        1.0819
 133        1.0819
 134        1.1536
 135        1.1536
 136        1.2793
 137        1.3737
 138        1.4124
 139        1.4124
 140        1.4485
 141        1.4485
 142        1.4802
 143        1.4802
 144        1.5059
 145        1.5323
 146        1.5393
 147        1.5393
 148        1.5412
 149        1.5412
 150        1.5638
 151        1.6326
 152        1.6329
 153        1.6329
 154        1.6348
 155        1.7407
 156        1.7407
 157        1.7587
 158        1.7587
 159        1.7813
 160        1.7898
 161        1.7898
 162        1.7929
 163        1.7929
 164        1.8249
 165        1.8249
 166        1.8682
 167        1.8682
 168        1.8763
 169        1.9833
 170        2.3087
 171        2.3087
 172        2.9755
 173        2.9755
 174        3.4282
 175        3.4674
 176        3.4674
 177        3.9759
 178        3.9759
 179        4.4064
 180        4.4064
 181        4.5473
 182        4.5473
 183        5.3860
 184        5.3860
 185        5.5580
 186        5.6384
 187        5.6384
 188        5.7122
 189        6.1689
 190        6.1689
 191        6.4445
 192        6.4445
 193        6.5829
 194        6.5829
 195        7.4087
 196        7.4087
 197        7.5885
 198        7.9305
 199        7.9306
 200        8.1024
 201        8.1221
 202        8.1221
 203        8.7498
 204        8.8888
 205        8.8895
 206        9.0267
 207        9.0293
 208        9.4902
 209        9.9004
 210        9.9681
 211       10.0873
 212       10.4327
 
  0.4375000E+00  0.3125000E+00  0.1875000E+00  0.9375000E-01
   1       -3.6772
   2       -3.3989
   3       -2.8943
   4       -2.6756
   5       -2.4974
   6       -2.3539
   7       -2.2562
   8       -2.2336
   9       -1.8351
  10       -1.7242
  11       -1.7097
  12       -1.6838
  13       -1.6717
  14       -1.6695
  15       -1.6365
  16       -1.6335
  17       -1.6280
  18       -1.6124
  19       -1.5649
  20       -1.5403
  21       -1.5116
  22       -1.5080
  23       -1.4733
  24       -1.4223
  25       -1.4081
  26       -1.3639
  27       -1.3510
  28       -1.3431
  29       -1.3160
  30       -1.3043
  31       -1.2856
  32       -1.2780
  33       -1.2711
  34       -1.2579
  35       -1.2446
  36       -1.2057
  37       -1.1900
  38       -1.1220
  39       -1.0793
  40       -0.9421
  41       -0.9097
  42       -0.8392
  43       -0.8339
  44       -0.8087
  45       -0.7702
  46       -0.7443
  47       -0.7103
  48       -0.6887
  49       -0.6700
  50       -0.6086
  51       -0.5758
  52       -0.5629
  53       -0.5421
  54       -0.5370
  55       -0.5310
  56       -0.5157
  57       -0.4927
  58       -0.4879
  59       -0.4194
  60       -0.4075
  61       -0.4051
  62       -0.3859
  63       -0.2779
  64       -0.2619
  65       -0.2039
  66       -0.1859
  67       -0.1739
  68       -0.1600
  69       -0.1423
  70       -0.1417
  71       -0.1120
  72       -0.0688
  73       -0.0595
  74       -0.0496
  75       -0.0322
  76       -0.0256
  77       -0.0151
  78       -0.0056
  79        0.0029
  80        0.0166
  81        0.0348
  82        0.0417
  83        0.0419
  84        0.0521
  85        0.0742
  86        0.0872
  87        0.0948
  88        0.1212
  89        0.1222
  90        0.1466
  91        0.1469
  92        0.1721
  93        0.1747
  94        0.1808
  95        0.1829
  96        0.1946
  97        0.2880
  98        0.3091
  99        0.3199
 100        0.3365
 101        0.3812
 102        0.3817
 103        0.4370
 104        0.4761
 105        0.4886
 106        0.4942
 107        0.4981
 108        0.5491
 109        0.5666
 110        0.6009
 111        0.6614
 112        0.6846
 113        0.6895
 114        0.7084
 115        0.7275
 116        0.7314
 117        0.7379
 118        0.7731
 119        0.8052
 120        0.8059
 121        0.8403
 122        0.8460
 123        0.8986
 124        0.9175
 125        0.9239
 126        0.9594
 127        0.9821
 128        1.0059
 129        1.0293
 130        1.0474
 131        1.1226
 132        1.1489
 133        1.1499
 134        1.2198
 135        1.2570
 136        1.2684
 137        1.2824
 138        1.3325
 139        1.3433
 140        1.3779
 141        1.4239
 142        1.5149
 143        1.5576
 144        1.5774
 145        1.5820
 146        1.5837
 147        1.5968
 148        1.6209
 149        1.6220
 150        1.6326
 151        1.6402
 152        1.6425
 153        1.6554
 154        1.6574
 155        1.6883
 156        1.6944
 157        1.6949
 158        1.6958
 159        1.7168
 160        1.7317
 161        1.7358
 162        1.7464
 163        1.7506
 164        1.8120
 165        1.8125
 166        1.8147
 167        1.8423
 168        1.8425
 169        2.2694
 170        2.6098
 171        2.6823
 172        2.8967
 173        3.0589
 174        3.0710
 175        3.2045
 176        3.6040
 177        4.1069
 178        4.1314
 179        4.3315
 180        4.6740
 181        4.8113
 182        4.8384
 183        5.2317
 184        5.4077
 185        5.4301
 186        5.6356
 187        5.9275
 188        5.9825
 189        6.0505
 190        6.2101
 191        6.2844
 192        6.2970
 193        6.4229
 194        6.5545
 195        7.1241
 196        7.1523
 197        7.2585
 198        7.7900
 199        7.8313
 200        7.9821
 201        8.1075
 202        8.2904
 203        8.3392
 204        8.4497
 205        8.5245
 206        9.1650
 207        9.3260
 208        9.4492
 209        9.6445
 210        9.9223
 211       10.2745
 212       10.9167
 
  0.4375000E+00  0.4375000E+00  0.1875000E+00  0.4687500E-01
   1       -3.4722
   2       -3.2080
   3       -3.2080
   4       -2.9635
   5       -2.4265
   6       -2.3377
   7       -2.3377
   8       -2.3063
   9       -1.7929
  10       -1.7261
  11       -1.7261
  12       -1.7126
  13       -1.5730
  14       -1.5656
  15       -1.5656
  16       -1.5617
  17       -1.5617
  18       -1.5306
  19       -1.5306
  20       -1.4849
  21       -1.4849
  22       -1.4308
  23       -1.4308
  24       -1.4305
  25       -1.4305
  26       -1.4287
  27       -1.4205
  28       -1.4205
  29       -1.4033
  30       -1.4033
  31       -1.3184
  32       -1.3184
  33       -1.2770
  34       -1.2770
  35       -1.1836
  36       -1.1836
  37       -1.1401
  38       -1.1144
  39       -1.1144
  40       -1.0169
  41       -1.0169
  42       -0.9810
  43       -0.9810
  44       -0.8343
  45       -0.7080
  46       -0.7080
  47       -0.6400
  48       -0.6400
  49       -0.6340
  50       -0.6340
  51       -0.6105
  52       -0.5740
  53       -0.5740
  54       -0.4932
  55       -0.4822
  56       -0.4822
  57       -0.4417
  58       -0.4417
  59       -0.4277
  60       -0.3891
  61       -0.3746
  62       -0.1984
  63       -0.1984
  64       -0.1782
  65       -0.1694
  66       -0.1694
  67       -0.1299
  68       -0.0579
  69       -0.0525
  70       -0.0525
  71       -0.0308
  72       -0.0308
  73       -0.0167
  74       -0.0090
  75       -0.0090
  76        0.0189
  77        0.0197
  78        0.0392
  79        0.0419
  80        0.0419
  81        0.0437
  82        0.0437
  83        0.0497
  84        0.0544
  85        0.0544
  86        0.0856
  87        0.0856
  88        0.1072
  89        0.1209
  90        0.1574
  91        0.1574
  92        0.1618
  93        0.1782
  94        0.1782
  95        0.2133
  96        0.2459
  97        0.2459
  98        0.2531
  99        0.2593
 100        0.2593
 101        0.3324
 102        0.3324
 103        0.3632
 104        0.3632
 105        0.3957
 106        0.3957
 107        0.4189
 108        0.4659
 109        0.4659
 110        0.4942
 111        0.4942
 112        0.5033
 113        0.5033
 114        0.6178
 115        0.6178
 116        0.6288
 117        0.6724
 118        0.6897
 119        0.6897
 120        0.7198
 121        0.9126
 122        1.0071
 123        1.0071
 124        1.0152
 125        1.0308
 126        1.0308
 127        1.0703
 128        1.0703
 129        1.1207
 130        1.1207
 131        1.1385
 132        1.1385
 133        1.1456
 134        1.1766
 135        1.1897
 136        1.1897
 137        1.2219
 138        1.2219
 139        1.2526
 140        1.3589
 141        1.3888
 142        1.4453
 143        1.5080
 144        1.5080
 145        1.6398
 146        1.6398
 147        1.6623
 148        1.6864
 149        1.6864
 150        1.6967
 151        1.6967
 152        1.6985
 153        1.6985
 154        1.7029
 155        1.7029
 156        1.7042
 157        1.7042
 158        1.7132
 159        1.7272
 160        1.7272
 161        1.7357
 162        1.7357
 163        1.7367
 164        1.7367
 165        1.7621
 166        1.7799
 167        1.7799
 168        1.7884
 169        2.4421
 170        2.7190
 171        2.7190
 172        2.9178
 173        3.2875
 174        3.2875
 175        3.6952
 176        3.6952
 177        4.0045
 178        4.0045
 179        4.4223
 180        4.4223
 181        4.8965
 182        4.8965
 183        5.1705
 184        5.1705
 185        5.6924
 186        5.6924
 187        6.0061
 188        6.0061
 189        6.2342
 190        6.4159
 191        6.4159
 192        6.4985
 193        6.4985
 194        6.5090
 195        6.7115
 196        6.7115
 197        7.2242
 198        7.2242
 199        7.5436
 200        7.5436
 201        7.6800
 202        7.8799
 203        7.8799
 204        8.1846
 205        9.0872
 206        9.9004
 207        9.9120
 208        9.9219
 209        9.9731
 210       10.4435
 211       10.6231
 212       10.9107
 
  0.3125000E+00  0.3125000E+00  0.3125000E+00  0.1562500E-01
   1       -3.7518
   2       -2.9637
   3       -2.9637
   4       -2.9637
   5       -2.4184
   6       -2.4184
   7       -2.4184
   8       -2.3255
   9       -1.7708
  10       -1.7708
  11       -1.7708
  12       -1.6751
  13       -1.6751
  14       -1.6751
  15       -1.6178
  16       -1.6178
  17       -1.6178
  18       -1.4530
  19       -1.4530
  20       -1.4530
  21       -1.4530
  22       -1.4530
  23       -1.4530
  24       -1.3735
  25       -1.3735
  26       -1.3735
  27       -1.3734
  28       -1.3734
  29       -1.3734
  30       -1.3483
  31       -1.3483
  32       -1.3483
  33       -1.3483
  34       -1.3483
  35       -1.3483
  36       -1.0885
  37       -1.0885
  38       -1.0885
  39       -0.9092
  40       -0.9092
  41       -0.9092
  42       -0.9092
  43       -0.9092
  44       -0.9092
  45       -0.6229
  46       -0.6229
  47       -0.6229
  48       -0.5913
  49       -0.5913
  50       -0.5913
  51       -0.5913
  52       -0.5913
  53       -0.5913
  54       -0.5449
  55       -0.5449
  56       -0.5449
  57       -0.4562
  58       -0.4562
  59       -0.4562
  60       -0.3531
  61       -0.3381
  62       -0.3381
  63       -0.3381
  64       -0.2605
  65       -0.2605
  66       -0.2605
  67       -0.2605
  68       -0.2605
  69       -0.2605
  70       -0.1132
  71       -0.1132
  72       -0.0482
  73       -0.0482
  74       -0.0045
  75       -0.0045
  76       -0.0045
  77        0.0535
  78        0.0535
  79        0.0535
  80        0.0720
  81        0.0720
  82        0.0720
  83        0.0720
  84        0.0720
  85        0.0720
  86        0.0845
  87        0.0845
  88        0.0845
  89        0.1103
  90        0.1103
  91        0.1103
  92        0.1334
  93        0.1334
  94        0.1334
  95        0.1436
  96        0.1436
  97        0.1436
  98        0.1650
  99        0.1650
 100        0.1650
 101        0.4711
 102        0.4711
 103        0.4711
 104        0.5621
 105        0.5621
 106        0.5621
 107        0.5865
 108        0.5865
 109        0.5865
 110        0.5865
 111        0.5865
 112        0.5865
 113        0.6903
 114        0.7964
 115        0.7964
 116        0.7964
 117        0.7978
 118        0.7978
 119        0.7978
 120        0.8522
 121        0.8522
 122        0.8688
 123        0.8688
 124        0.8688
 125        0.9118
 126        0.9118
 127        0.9118
 128        0.9614
 129        0.9614
 130        0.9614
 131        0.9614
 132        0.9614
 133        0.9614
 134        1.1556
 135        1.1556
 136        1.1556
 137        1.2592
 138        1.2592
 139        1.2592
 140        1.3886
 141        1.3886
 142        1.5828
 143        1.5828
 144        1.5828
 145        1.6047
 146        1.6047
 147        1.6047
 148        1.6075
 149        1.6075
 150        1.6075
 151        1.6075
 152        1.6075
 153        1.6075
 154        1.7287
 155        1.7287
 156        1.7287
 157        1.7694
 158        1.7694
 159        1.7694
 160        1.7694
 161        1.7694
 162        1.7694
 163        1.7897
 164        1.7897
 165        1.7897
 166        1.8739
 167        1.8739
 168        1.8739
 169        2.5184
 170        2.5184
 171        2.5184
 172        3.5699
 173        3.5699
 174        3.5699
 175        3.5699
 176        3.5699
 177        3.5699
 178        4.2315
 179        4.2315
 180        4.2315
 181        4.7000
 182        4.7000
 183        4.7000
 184        5.8320
 185        5.8320
 186        5.8320
 187        5.8320
 188        5.8320
 189        5.8320
 190        5.9137
 191        5.9137
 192        5.9137
 193        7.0576
 194        7.0576
 195        7.0576
 196        7.0710
 197        7.0710
 198        7.0710
 199        8.2906
 200        8.2906
 201        8.2906
 202        8.2906
 203        8.2914
 204        8.2972
 205        9.4988
 206        9.4988
 207        9.4989
 208        9.4993
 209        9.5148
 210        9.5500
 211        9.5728
 212        9.9753
 
  0.4375000E+00  0.3125000E+00  0.3125000E+00  0.4687500E-01
   1       -3.5454
   2       -3.2794
   3       -2.8153
   4       -2.8153
   5       -2.6300
   6       -2.6300
   7       -2.4046
   8       -2.3749
   9       -1.6907
  10       -1.6907
  11       -1.6332
  12       -1.6233
  13       -1.6037
  14       -1.5978
  15       -1.5978
  16       -1.5844
  17       -1.5844
  18       -1.5764
  19       -1.5764
  20       -1.5190
  21       -1.5190
  22       -1.4883
  23       -1.4883
  24       -1.4853
  25       -1.3807
  26       -1.3807
  27       -1.3751
  28       -1.3751
  29       -1.3730
  30       -1.3730
  31       -1.3455
  32       -1.3455
  33       -1.2961
  34       -1.2304
  35       -1.2304
  36       -1.1983
  37       -1.0667
  38       -1.0667
  39       -0.9252
  40       -0.9252
  41       -0.8325
  42       -0.8325
  43       -0.7950
  44       -0.7950
  45       -0.7406
  46       -0.7406
  47       -0.7250
  48       -0.7250
  49       -0.6916
  50       -0.6916
  51       -0.5961
  52       -0.5361
  53       -0.5248
  54       -0.5248
  55       -0.4839
  56       -0.4839
  57       -0.4702
  58       -0.4702
  59       -0.4550
  60       -0.3933
  61       -0.3933
  62       -0.3879
  63       -0.1745
  64       -0.1745
  65       -0.1711
  66       -0.1711
  67       -0.1354
  68       -0.0913
  69       -0.0758
  70       -0.0568
  71       -0.0568
  72       -0.0401
  73       -0.0401
  74       -0.0108
  75       -0.0092
  76       -0.0062
  77       -0.0054
  78       -0.0054
  79        0.0041
  80        0.0041
  81        0.0218
  82        0.0218
  83        0.0376
  84        0.0533
  85        0.0538
  86        0.0854
  87        0.0854
  88        0.0856
  89        0.0856
  90        0.0969
  91        0.0969
  92        0.1030
  93        0.1030
  94        0.1907
  95        0.1907
  96        0.2224
  97        0.2712
  98        0.2872
  99        0.2872
 100        0.3311
 101        0.3434
 102        0.3484
 103        0.3484
 104        0.4123
 105        0.4123
 106        0.4139
 107        0.4187
 108        0.6409
 109        0.6409
 110        0.6442
 111        0.6442
 112        0.6774
 113        0.6774
 114        0.6825
 115        0.7036
 116        0.7036
 117        0.7331
 118        0.7331
 119        0.7605
 120        0.7955
 121        0.8172
 122        0.8172
 123        0.8552
 124        0.8552
 125        0.8552
 126        0.8552
 127        0.8637
 128        0.8637
 129        0.9362
 130        0.9587
 131        1.0392
 132        1.0495
 133        1.0686
 134        1.0686
 135        1.1164
 136        1.1617
 137        1.1617
 138        1.2243
 139        1.2243
 140        1.2253
 141        1.3786
 142        1.3786
 143        1.4340
 144        1.5129
 145        1.6730
 146        1.6730
 147        1.6770
 148        1.6770
 149        1.6906
 150        1.6906
 151        1.6949
 152        1.7225
 153        1.7225
 154        1.7274
 155        1.7274
 156        1.7297
 157        1.7297
 158        1.7399
 159        1.7399
 160        1.7595
 161        1.7827
 162        1.7827
 163        1.8017
 164        1.8083
 165        1.8083
 166        1.8481
 167        1.8481
 168        1.8504
 169        2.8276
 170        2.8276
 171        3.1544
 172        3.1856
 173        3.1856
 174        3.7314
 175        3.7314
 176        3.8869
 177        3.9535
 178        3.9535
 179        4.2625
 180        4.2625
 181        5.0293
 182        5.0293
 183        5.0626
 184        5.0626
 185        5.1004
 186        5.4512
 187        5.4512
 188        5.9866
 189        6.0743
 190        6.0743
 191        6.2296
 192        6.2296
 193        6.2884
 194        6.6203
 195        7.0238
 196        7.0238
 197        7.5658
 198        7.5658
 199        7.8058
 200        7.8058
 201        8.6024
 202        8.6028
 203        8.6219
 204        8.6241
 205        8.7126
 206        8.7134
 207        9.0133
 208        9.0207
 209        9.1596
 210        9.1833
 211       10.2052
 212       10.8233
 
  0.4375000E+00  0.4375000E+00  0.3125000E+00  0.4687500E-01
   1       -3.3528
   2       -3.1059
   3       -3.1059
   4       -2.8857
   5       -2.7029
   6       -2.5635
   7       -2.5635
   8       -2.4779
   9       -1.6536
  10       -1.5967
  11       -1.5967
  12       -1.5955
  13       -1.5657
  14       -1.5657
  15       -1.5592
  16       -1.5592
  17       -1.5535
  18       -1.5493
  19       -1.5493
  20       -1.4780
  21       -1.4780
  22       -1.4763
  23       -1.4763
  24       -1.4710
  25       -1.4710
  26       -1.4687
  27       -1.4687
  28       -1.4526
  29       -1.4526
  30       -1.4413
  31       -1.4065
  32       -1.4065
  33       -1.1483
  34       -1.1483
  35       -1.0826
  36       -1.0435
  37       -1.0435
  38       -0.9825
  39       -0.9825
  40       -0.9265
  41       -0.9265
  42       -0.8712
  43       -0.8712
  44       -0.7901
  45       -0.7491
  46       -0.7296
  47       -0.7296
  48       -0.6472
  49       -0.6472
  50       -0.6369
  51       -0.6369
  52       -0.5929
  53       -0.5929
  54       -0.5751
  55       -0.5751
  56       -0.5083
  57       -0.4144
  58       -0.4144
  59       -0.3898
  60       -0.3860
  61       -0.3394
  62       -0.1990
  63       -0.1990
  64       -0.0967
  65       -0.0967
  66       -0.0779
  67       -0.0613
  68       -0.0391
  69       -0.0233
  70       -0.0233
  71       -0.0148
  72       -0.0148
  73       -0.0114
  74       -0.0114
  75       -0.0030
  76        0.0058
  77        0.0073
  78        0.0132
  79        0.0132
  80        0.0223
  81        0.0223
  82        0.0228
  83        0.0265
  84        0.0265
  85        0.0423
  86        0.0444
  87        0.0444
  88        0.0490
  89        0.0526
  90        0.0915
  91        0.1194
  92        0.1194
  93        0.1572
  94        0.1572
  95        0.1692
  96        0.1692
  97        0.1919
  98        0.2045
  99        0.2045
 100        0.2854
 101        0.2854
 102        0.3370
 103        0.3930
 104        0.3930
 105        0.4345
 106        0.4345
 107        0.4676
 108        0.4676
 109        0.4903
 110        0.5335
 111        0.5335
 112        0.5500
 113        0.5500
 114        0.5601
 115        0.6894
 116        0.6894
 117        0.7787
 118        0.7981
 119        0.7981
 120        0.8045
 121        0.8045
 122        0.8121
 123        0.8134
 124        0.8645
 125        0.8645
 126        0.9109
 127        0.9109
 128        0.9464
 129        0.9464
 130        0.9758
 131        0.9891
 132        1.0180
 133        1.0217
 134        1.0217
 135        1.0306
 136        1.0306
 137        1.0870
 138        1.0870
 139        1.1835
 140        1.2112
 141        1.2157
 142        1.2953
 143        1.3218
 144        1.3218
 145        1.7313
 146        1.7390
 147        1.7390
 148        1.7522
 149        1.7522
 150        1.7559
 151        1.7559
 152        1.7573
 153        1.7573
 154        1.7748
 155        1.7748
 156        1.7785
 157        1.7785
 158        1.7797
 159        1.7797
 160        1.7861
 161        1.7925
 162        1.7925
 163        1.7972
 164        1.7972
 165        1.8053
 166        1.8240
 167        1.8360
 168        1.8360
 169        3.0641
 170        3.3727
 171        3.3727
 172        3.4895
 173        3.4895
 174        3.6316
 175        3.8654
 176        3.8654
 177        4.2405
 178        4.2405
 179        4.4874
 180        4.4874
 181        4.6286
 182        4.6286
 183        4.7716
 184        4.7716
 185        5.2951
 186        5.2951
 187        5.3843
 188        5.6201
 189        5.6201
 190        5.7369
 191        5.7369
 192        6.0426
 193        6.9912
 194        6.9912
 195        7.3432
 196        7.3432
 197        7.4386
 198        7.7704
 199        7.7706
 200        8.0523
 201        8.0524
 202        8.1485
 203        8.1512
 204        8.5347
 205        8.6056
 206        9.1574
 207        9.1776
 208        9.3281
 209        9.3585
 210        9.6489
 211        9.7443
 212       10.1026
 
  0.4375000E+00  0.4375000E+00  0.4375000E+00  0.1562500E-01
   1       -3.1792
   2       -2.9589
   3       -2.9589
   4       -2.9589
   5       -2.7748
   6       -2.7748
   7       -2.7748
   8       -2.6365
   9       -1.5466
  10       -1.5466
  11       -1.5466
  12       -1.5450
  13       -1.5450
  14       -1.5450
  15       -1.5385
  16       -1.5385
  17       -1.5385
  18       -1.5185
  19       -1.5185
  20       -1.5185
  21       -1.5185
  22       -1.5185
  23       -1.5185
  24       -1.4839
  25       -1.4839
  26       -1.4839
  27       -1.4839
  28       -1.4839
  29       -1.4839
  30       -1.4770
  31       -1.4770
  32       -1.4770
  33       -0.9958
  34       -0.9958
  35       -0.9958
  36       -0.8823
  37       -0.8823
  38       -0.8823
  39       -0.8424
  40       -0.8424
  41       -0.8424
  42       -0.8424
  43       -0.8424
  44       -0.8424
  45       -0.7296
  46       -0.7296
  47       -0.7296
  48       -0.7296
  49       -0.7296
  50       -0.7296
  51       -0.7193
  52       -0.7193
  53       -0.7193
  54       -0.6229
  55       -0.6229
  56       -0.6229
  57       -0.3439
  58       -0.3252
  59       -0.3252
  60       -0.3252
  61       -0.2410
  62       -0.2410
  63       -0.2410
  64       -0.0666
  65       -0.0337
  66       -0.0337
  67       -0.0020
  68       -0.0020
  69       -0.0020
  70       -0.0019
  71       -0.0019
  72       -0.0019
  73        0.0015
  74        0.0015
  75        0.0061
  76        0.0061
  77        0.0061
  78        0.0144
  79        0.0144
  80        0.0144
  81        0.0146
  82        0.0146
  83        0.0146
  84        0.0146
  85        0.0146
  86        0.0146
  87        0.0695
  88        0.0695
  89        0.0695
  90        0.1138
  91        0.1138
  92        0.1138
  93        0.1242
  94        0.1242
  95        0.1242
  96        0.1498
  97        0.1498
  98        0.1498
  99        0.1498
 100        0.1498
 101        0.1498
 102        0.3092
 103        0.3092
 104        0.3092
 105        0.4776
 106        0.4776
 107        0.4776
 108        0.6154
 109        0.6154
 110        0.6154
 111        0.6154
 112        0.6154
 113        0.6154
 114        0.6281
 115        0.6281
 116        0.6281
 117        0.7124
 118        0.7124
 119        0.7124
 120        0.7670
 121        0.7670
 122        0.7670
 123        0.7670
 124        0.7670
 125        0.7670
 126        0.8684
 127        0.8684
 128        0.8684
 129        0.9223
 130        0.9223
 131        0.9223
 132        0.9345
 133        0.9345
 134        0.9704
 135        0.9704
 136        0.9704
 137        1.0716
 138        1.0716
 139        1.0716
 140        1.1344
 141        1.1344
 142        1.1629
 143        1.1629
 144        1.1629
 145        1.7862
 146        1.7862
 147        1.7862
 148        1.8081
 149        1.8081
 150        1.8081
 151        1.8081
 152        1.8081
 153        1.8081
 154        1.8087
 155        1.8087
 156        1.8087
 157        1.8087
 158        1.8087
 159        1.8087
 160        1.8129
 161        1.8129
 162        1.8129
 163        1.8290
 164        1.8290
 165        1.8290
 166        1.8408
 167        1.8408
 168        1.8408
 169        3.7716
 170        3.7716
 171        3.7716
 172        4.1100
 173        4.1100
 174        4.1100
 175        4.1100
 176        4.1100
 177        4.1100
 178        4.4159
 179        4.4159
 180        4.4159
 181        4.5517
 182        4.5517
 183        4.5517
 184        4.9099
 185        4.9099
 186        4.9099
 187        4.9099
 188        4.9099
 189        4.9099
 190        5.2457
 191        5.2457
 192        5.2457
 193        7.6558
 194        7.6560
 195        7.6573
 196        8.0475
 197        8.0493
 198        8.0566
 199        8.3823
 200        8.3823
 201        8.3842
 202        8.3867
 203        8.3912
 204        8.4086
 205        8.8160
 206        8.8160
 207        8.8306
 208        8.8558
 209        8.9627
 210        9.0000
 211        9.2756
 212        9.4394
