   1   4   1   0  0.1097545E+02  0.1000000E-03
  CAR 
 unknown system                          
   0   0   0
   1   1
 256 256 256
 256
  0.1000000E-09
  0.6250000E-11
   0
  0.5000000E-15  0.3527720E-09  0.3527720E-09  0.3527720E-09
  0.0000000E+00  0.0000000E+00
  0.000
  0.000
  0.000
  0.000
  0.000
  0.000
  0.000
  0.000
  0.000
  0.000
  0.000
  0.000
  0.000
  0.000
  0.000
  0.000
  0.000
  0.000
  0.000
  0.000
  0.000
  0.000
  0.000
  0.000
  0.000
  0.000
  0.000
  0.000
  0.000
  0.000
  0.000
  0.000
  0.000
  0.000
  0.000
  0.000
  0.000
  0.000
  0.000
 27.513
  0.000
  0.000
  0.000
  0.000
  0.000
  0.000
  0.000
  0.000
  0.000
  0.000
  0.000
  0.000
  0.000
  0.000
  0.000
  0.000
  0.000
  0.000
  0.000
  0.000
  0.000
  0.000
  0.000
  0.000
  0.000
  0.000
  0.000
  0.000
  0.000
 17.775
  0.000
  0.000
  0.000
  0.000
  0.000
  0.000
  0.000
  0.000
  0.000
  0.000
  0.000
  0.000
  0.000
  0.000
  0.000
  0.000
  0.000
  0.000
  0.000
 10.718
  0.000
  0.000
  0.000
  0.000
  0.000
  0.000
  0.000
  0.000
  0.000
  0.000
  0.000
  0.000
  0.000
  0.000
  0.000
 15.428
  0.000
  0.000
  0.000
  0.000
  0.000
  0.000
  0.000
  0.000
  0.000
  0.000
  0.000
  0.000
  0.000
  9.019
  0.000
  0.000
  0.000
  0.000
  0.000
  0.000
  0.000
  0.000
  0.000
  0.000
  0.000
  0.000
  4.890
  0.000
  0.000
  0.000
  0.000
  0.000
  0.000
  0.000
  0.000
  0.000
  0.000
 12.508
  0.000
  0.000
  0.000
  0.000
  0.000
  0.000
  0.000
  0.000
  0.000
  0.000
  7.194
  0.000
  0.000
  0.000
  0.000
  0.000
  0.000
  0.000
  0.000
  0.000
  6.346
  0.000
  0.000
  0.000
  0.000
  0.000
  0.000
  0.000
  0.000
  8.557
  0.000
  0.000
  0.000
  0.000
  0.000
  0.000
  0.000
  0.000
  5.156
  0.000
  0.000
  0.000
  0.000
  0.000
  0.000
  0.000
  0.000
  4.682
  0.000
  0.000
  0.000
  0.000
  0.000
  0.000
  0.000
  7.550
  0.000
  0.000
  0.000
  0.000
  0.000
  0.000
  0.000
  7.976
  0.000
  0.000
  0.000
  0.000
  0.000
  0.000
  1.866
  0.000
  0.000
  0.000
  0.000
  0.000
  0.000
  0.000
  6.937
  0.000
  0.000
  0.000
  0.000
  0.000
  0.000
  6.520
  0.000
  0.000
  0.000
  0.000
  0.000
  0.000
  3.070
  0.000
  0.000
  0.000
  0.000
  0.000
  7.300
  0.000
  0.000
  0.000
  0.000
  0.000
  0.000
  2.758
  0.000
  0.000
  0.000
  0.000
  0.000
  2.630
