Automatically generated mesh
     455
Reciprocal lattice
    0.00000000000000    0.00000000000000    0.00000000000000             1
    0.04166666666667    0.00000000000000    0.00000000000000             6
    0.08333333333333    0.00000000000000    0.00000000000000             6
    0.12500000000000    0.00000000000000    0.00000000000000             6
    0.16666666666667    0.00000000000000    0.00000000000000             6
    0.20833333333333    0.00000000000000    0.00000000000000             6
    0.25000000000000    0.00000000000000    0.00000000000000             6
    0.29166666666667    0.00000000000000    0.00000000000000             6
    0.33333333333333    0.00000000000000    0.00000000000000             6
    0.37500000000000    0.00000000000000    0.00000000000000             6
    0.41666666666667    0.00000000000000    0.00000000000000             6
    0.45833333333333    0.00000000000000    0.00000000000000             6
    0.50000000000000    0.00000000000000    0.00000000000000             3
    0.04166666666667    0.04166666666667    0.00000000000000            12
    0.08333333333333    0.04166666666667    0.00000000000000            24
    0.12500000000000    0.04166666666667    0.00000000000000            24
    0.16666666666667    0.04166666666667    0.00000000000000            24
    0.20833333333333    0.04166666666667    0.00000000000000            24
    0.25000000000000    0.04166666666667    0.00000000000000            24
    0.29166666666667    0.04166666666667    0.00000000000000            24
    0.33333333333333    0.04166666666667    0.00000000000000            24
    0.37500000000000    0.04166666666667    0.00000000000000            24
    0.41666666666667    0.04166666666667    0.00000000000000            24
    0.45833333333333    0.04166666666667    0.00000000000000            24
    0.50000000000000    0.04166666666667    0.00000000000000            12
    0.08333333333333    0.08333333333333    0.00000000000000            12
    0.12500000000000    0.08333333333333    0.00000000000000            24
    0.16666666666667    0.08333333333333    0.00000000000000            24
    0.20833333333333    0.08333333333333    0.00000000000000            24
    0.25000000000000    0.08333333333333    0.00000000000000            24
    0.29166666666667    0.08333333333333    0.00000000000000            24
    0.33333333333333    0.08333333333333    0.00000000000000            24
    0.37500000000000    0.08333333333333    0.00000000000000            24
    0.41666666666667    0.08333333333333    0.00000000000000            24
    0.45833333333333    0.08333333333333    0.00000000000000            24
    0.50000000000000    0.08333333333333    0.00000000000000            12
    0.12500000000000    0.12500000000000    0.00000000000000            12
    0.16666666666667    0.12500000000000    0.00000000000000            24
    0.20833333333333    0.12500000000000    0.00000000000000            24
    0.25000000000000    0.12500000000000    0.00000000000000            24
    0.29166666666667    0.12500000000000    0.00000000000000            24
    0.33333333333333    0.12500000000000    0.00000000000000            24
    0.37500000000000    0.12500000000000    0.00000000000000            24
    0.41666666666667    0.12500000000000    0.00000000000000            24
    0.45833333333333    0.12500000000000    0.00000000000000            24
    0.50000000000000    0.12500000000000    0.00000000000000            12
    0.16666666666667    0.16666666666667    0.00000000000000            12
    0.20833333333333    0.16666666666667    0.00000000000000            24
    0.25000000000000    0.16666666666667    0.00000000000000            24
    0.29166666666667    0.16666666666667    0.00000000000000            24
    0.33333333333333    0.16666666666667    0.00000000000000            24
    0.37500000000000    0.16666666666667    0.00000000000000            24
    0.41666666666667    0.16666666666667    0.00000000000000            24
    0.45833333333333    0.16666666666667    0.00000000000000            24
    0.50000000000000    0.16666666666667    0.00000000000000            12
    0.20833333333333    0.20833333333333    0.00000000000000            12
    0.25000000000000    0.20833333333333    0.00000000000000            24
    0.29166666666667    0.20833333333333    0.00000000000000            24
    0.33333333333333    0.20833333333333    0.00000000000000            24
    0.37500000000000    0.20833333333333    0.00000000000000            24
    0.41666666666667    0.20833333333333    0.00000000000000            24
    0.45833333333333    0.20833333333333    0.00000000000000            24
    0.50000000000000    0.20833333333333    0.00000000000000            12
    0.25000000000000    0.25000000000000    0.00000000000000            12
    0.29166666666667    0.25000000000000    0.00000000000000            24
    0.33333333333333    0.25000000000000    0.00000000000000            24
    0.37500000000000    0.25000000000000    0.00000000000000            24
    0.41666666666667    0.25000000000000    0.00000000000000            24
    0.45833333333333    0.25000000000000    0.00000000000000            24
    0.50000000000000    0.25000000000000    0.00000000000000            12
    0.29166666666667    0.29166666666667    0.00000000000000            12
    0.33333333333333    0.29166666666667    0.00000000000000            24
    0.37500000000000    0.29166666666667    0.00000000000000            24
    0.41666666666667    0.29166666666667    0.00000000000000            24
    0.45833333333333    0.29166666666667    0.00000000000000            24
    0.50000000000000    0.29166666666667    0.00000000000000            12
    0.33333333333333    0.33333333333333    0.00000000000000            12
    0.37500000000000    0.33333333333333    0.00000000000000            24
    0.41666666666667    0.33333333333333    0.00000000000000            24
    0.45833333333333    0.33333333333333    0.00000000000000            24
    0.50000000000000    0.33333333333333    0.00000000000000            12
    0.37500000000000    0.37500000000000    0.00000000000000            12
    0.41666666666667    0.37500000000000    0.00000000000000            24
    0.45833333333333    0.37500000000000    0.00000000000000            24
    0.50000000000000    0.37500000000000    0.00000000000000            12
    0.41666666666667    0.41666666666667    0.00000000000000            12
    0.45833333333333    0.41666666666667    0.00000000000000            24
    0.50000000000000    0.41666666666667    0.00000000000000            12
    0.45833333333333    0.45833333333333    0.00000000000000            12
    0.50000000000000    0.45833333333333    0.00000000000000            12
    0.50000000000000    0.50000000000000    0.00000000000000             3
    0.04166666666667    0.04166666666667    0.04166666666667             8
    0.08333333333333    0.04166666666667    0.04166666666667            24
    0.12500000000000    0.04166666666667    0.04166666666667            24
    0.16666666666667    0.04166666666667    0.04166666666667            24
    0.20833333333333    0.04166666666667    0.04166666666667            24
    0.25000000000000    0.04166666666667    0.04166666666667            24
    0.29166666666667    0.04166666666667    0.04166666666667            24
    0.33333333333333    0.04166666666667    0.04166666666667            24
    0.37500000000000    0.04166666666667    0.04166666666667            24
    0.41666666666667    0.04166666666667    0.04166666666667            24
    0.45833333333333    0.04166666666667    0.04166666666667            24
    0.50000000000000    0.04166666666667    0.04166666666667            12
    0.08333333333333    0.08333333333333    0.04166666666667            24
    0.12500000000000    0.08333333333333    0.04166666666667            48
    0.16666666666667    0.08333333333333    0.04166666666667            48
    0.20833333333333    0.08333333333333    0.04166666666667            48
    0.25000000000000    0.08333333333333    0.04166666666667            48
    0.29166666666667    0.08333333333333    0.04166666666667            48
    0.33333333333333    0.08333333333333    0.04166666666667            48
    0.37500000000000    0.08333333333333    0.04166666666667            48
    0.41666666666667    0.08333333333333    0.04166666666667            48
    0.45833333333333    0.08333333333333    0.04166666666667            48
    0.50000000000000    0.08333333333333    0.04166666666667            24
    0.12500000000000    0.12500000000000    0.04166666666667            24
    0.16666666666667    0.12500000000000    0.04166666666667            48
    0.20833333333333    0.12500000000000    0.04166666666667            48
    0.25000000000000    0.12500000000000    0.04166666666667            48
    0.29166666666667    0.12500000000000    0.04166666666667            48
    0.33333333333333    0.12500000000000    0.04166666666667            48
    0.37500000000000    0.12500000000000    0.04166666666667            48
    0.41666666666667    0.12500000000000    0.04166666666667            48
    0.45833333333333    0.12500000000000    0.04166666666667            48
    0.50000000000000    0.12500000000000    0.04166666666667            24
    0.16666666666667    0.16666666666667    0.04166666666667            24
    0.20833333333333    0.16666666666667    0.04166666666667            48
    0.25000000000000    0.16666666666667    0.04166666666667            48
    0.29166666666667    0.16666666666667    0.04166666666667            48
    0.33333333333333    0.16666666666667    0.04166666666667            48
    0.37500000000000    0.16666666666667    0.04166666666667            48
    0.41666666666667    0.16666666666667    0.04166666666667            48
    0.45833333333333    0.16666666666667    0.04166666666667            48
    0.50000000000000    0.16666666666667    0.04166666666667            24
    0.20833333333333    0.20833333333333    0.04166666666667            24
    0.25000000000000    0.20833333333333    0.04166666666667            48
    0.29166666666667    0.20833333333333    0.04166666666667            48
    0.33333333333333    0.20833333333333    0.04166666666667            48
    0.37500000000000    0.20833333333333    0.04166666666667            48
    0.41666666666667    0.20833333333333    0.04166666666667            48
    0.45833333333333    0.20833333333333    0.04166666666667            48
    0.50000000000000    0.20833333333333    0.04166666666667            24
    0.25000000000000    0.25000000000000    0.04166666666667            24
    0.29166666666667    0.25000000000000    0.04166666666667            48
    0.33333333333333    0.25000000000000    0.04166666666667            48
    0.37500000000000    0.25000000000000    0.04166666666667            48
    0.41666666666667    0.25000000000000    0.04166666666667            48
    0.45833333333333    0.25000000000000    0.04166666666667            48
    0.50000000000000    0.25000000000000    0.04166666666667            24
    0.29166666666667    0.29166666666667    0.04166666666667            24
    0.33333333333333    0.29166666666667    0.04166666666667            48
    0.37500000000000    0.29166666666667    0.04166666666667            48
    0.41666666666667    0.29166666666667    0.04166666666667            48
    0.45833333333333    0.29166666666667    0.04166666666667            48
    0.50000000000000    0.29166666666667    0.04166666666667            24
    0.33333333333333    0.33333333333333    0.04166666666667            24
    0.37500000000000    0.33333333333333    0.04166666666667            48
    0.41666666666667    0.33333333333333    0.04166666666667            48
    0.45833333333333    0.33333333333333    0.04166666666667            48
    0.50000000000000    0.33333333333333    0.04166666666667            24
    0.37500000000000    0.37500000000000    0.04166666666667            24
    0.41666666666667    0.37500000000000    0.04166666666667            48
    0.45833333333333    0.37500000000000    0.04166666666667            48
    0.50000000000000    0.37500000000000    0.04166666666667            24
    0.41666666666667    0.41666666666667    0.04166666666667            24
    0.45833333333333    0.41666666666667    0.04166666666667            48
    0.50000000000000    0.41666666666667    0.04166666666667            24
    0.45833333333333    0.45833333333333    0.04166666666667            24
    0.50000000000000    0.45833333333333    0.04166666666667            24
    0.50000000000000    0.50000000000000    0.04166666666667             6
    0.08333333333333    0.08333333333333    0.08333333333333             8
    0.12500000000000    0.08333333333333    0.08333333333333            24
    0.16666666666667    0.08333333333333    0.08333333333333            24
    0.20833333333333    0.08333333333333    0.08333333333333            24
    0.25000000000000    0.08333333333333    0.08333333333333            24
    0.29166666666667    0.08333333333333    0.08333333333333            24
    0.33333333333333    0.08333333333333    0.08333333333333            24
    0.37500000000000    0.08333333333333    0.08333333333333            24
    0.41666666666667    0.08333333333333    0.08333333333333            24
    0.45833333333333    0.08333333333333    0.08333333333333            24
    0.50000000000000    0.08333333333333    0.08333333333333            12
    0.12500000000000    0.12500000000000    0.08333333333333            24
    0.16666666666667    0.12500000000000    0.08333333333333            48
    0.20833333333333    0.12500000000000    0.08333333333333            48
    0.25000000000000    0.12500000000000    0.08333333333333            48
    0.29166666666667    0.12500000000000    0.08333333333333            48
    0.33333333333333    0.12500000000000    0.08333333333333            48
    0.37500000000000    0.12500000000000    0.08333333333333            48
    0.41666666666667    0.12500000000000    0.08333333333333            48
    0.45833333333333    0.12500000000000    0.08333333333333            48
    0.50000000000000    0.12500000000000    0.08333333333333            24
    0.16666666666667    0.16666666666667    0.08333333333333            24
    0.20833333333333    0.16666666666667    0.08333333333333            48
    0.25000000000000    0.16666666666667    0.08333333333333            48
    0.29166666666667    0.16666666666667    0.08333333333333            48
    0.33333333333333    0.16666666666667    0.08333333333333            48
    0.37500000000000    0.16666666666667    0.08333333333333            48
    0.41666666666667    0.16666666666667    0.08333333333333            48
    0.45833333333333    0.16666666666667    0.08333333333333            48
    0.50000000000000    0.16666666666667    0.08333333333333            24
    0.20833333333333    0.20833333333333    0.08333333333333            24
    0.25000000000000    0.20833333333333    0.08333333333333            48
    0.29166666666667    0.20833333333333    0.08333333333333            48
    0.33333333333333    0.20833333333333    0.08333333333333            48
    0.37500000000000    0.20833333333333    0.08333333333333            48
    0.41666666666667    0.20833333333333    0.08333333333333            48
    0.45833333333333    0.20833333333333    0.08333333333333            48
    0.50000000000000    0.20833333333333    0.08333333333333            24
    0.25000000000000    0.25000000000000    0.08333333333333            24
    0.29166666666667    0.25000000000000    0.08333333333333            48
    0.33333333333333    0.25000000000000    0.08333333333333            48
    0.37500000000000    0.25000000000000    0.08333333333333            48
    0.41666666666667    0.25000000000000    0.08333333333333            48
    0.45833333333333    0.25000000000000    0.08333333333333            48
    0.50000000000000    0.25000000000000    0.08333333333333            24
    0.29166666666667    0.29166666666667    0.08333333333333            24
    0.33333333333333    0.29166666666667    0.08333333333333            48
    0.37500000000000    0.29166666666667    0.08333333333333            48
    0.41666666666667    0.29166666666667    0.08333333333333            48
    0.45833333333333    0.29166666666667    0.08333333333333            48
    0.50000000000000    0.29166666666667    0.08333333333333            24
    0.33333333333333    0.33333333333333    0.08333333333333            24
    0.37500000000000    0.33333333333333    0.08333333333333            48
    0.41666666666667    0.33333333333333    0.08333333333333            48
    0.45833333333333    0.33333333333333    0.08333333333333            48
    0.50000000000000    0.33333333333333    0.08333333333333            24
    0.37500000000000    0.37500000000000    0.08333333333333            24
    0.41666666666667    0.37500000000000    0.08333333333333            48
    0.45833333333333    0.37500000000000    0.08333333333333            48
    0.50000000000000    0.37500000000000    0.08333333333333            24
    0.41666666666667    0.41666666666667    0.08333333333333            24
    0.45833333333333    0.41666666666667    0.08333333333333            48
    0.50000000000000    0.41666666666667    0.08333333333333            24
    0.45833333333333    0.45833333333333    0.08333333333333            24
    0.50000000000000    0.45833333333333    0.08333333333333            24
    0.50000000000000    0.50000000000000    0.08333333333333             6
    0.12500000000000    0.12500000000000    0.12500000000000             8
    0.16666666666667    0.12500000000000    0.12500000000000            24
    0.20833333333333    0.12500000000000    0.12500000000000            24
    0.25000000000000    0.12500000000000    0.12500000000000            24
    0.29166666666667    0.12500000000000    0.12500000000000            24
    0.33333333333333    0.12500000000000    0.12500000000000            24
    0.37500000000000    0.12500000000000    0.12500000000000            24
    0.41666666666667    0.12500000000000    0.12500000000000            24
    0.45833333333333    0.12500000000000    0.12500000000000            24
    0.50000000000000    0.12500000000000    0.12500000000000            12
    0.16666666666667    0.16666666666667    0.12500000000000            24
    0.20833333333333    0.16666666666667    0.12500000000000            48
    0.25000000000000    0.16666666666667    0.12500000000000            48
    0.29166666666667    0.16666666666667    0.12500000000000            48
    0.33333333333333    0.16666666666667    0.12500000000000            48
    0.37500000000000    0.16666666666667    0.12500000000000            48
    0.41666666666667    0.16666666666667    0.12500000000000            48
    0.45833333333333    0.16666666666667    0.12500000000000            48
    0.50000000000000    0.16666666666667    0.12500000000000            24
    0.20833333333333    0.20833333333333    0.12500000000000            24
    0.25000000000000    0.20833333333333    0.12500000000000            48
    0.29166666666667    0.20833333333333    0.12500000000000            48
    0.33333333333333    0.20833333333333    0.12500000000000            48
    0.37500000000000    0.20833333333333    0.12500000000000            48
    0.41666666666667    0.20833333333333    0.12500000000000            48
    0.45833333333333    0.20833333333333    0.12500000000000            48
    0.50000000000000    0.20833333333333    0.12500000000000            24
    0.25000000000000    0.25000000000000    0.12500000000000            24
    0.29166666666667    0.25000000000000    0.12500000000000            48
    0.33333333333333    0.25000000000000    0.12500000000000            48
    0.37500000000000    0.25000000000000    0.12500000000000            48
    0.41666666666667    0.25000000000000    0.12500000000000            48
    0.45833333333333    0.25000000000000    0.12500000000000            48
    0.50000000000000    0.25000000000000    0.12500000000000            24
    0.29166666666667    0.29166666666667    0.12500000000000            24
    0.33333333333333    0.29166666666667    0.12500000000000            48
    0.37500000000000    0.29166666666667    0.12500000000000            48
    0.41666666666667    0.29166666666667    0.12500000000000            48
    0.45833333333333    0.29166666666667    0.12500000000000            48
    0.50000000000000    0.29166666666667    0.12500000000000            24
    0.33333333333333    0.33333333333333    0.12500000000000            24
    0.37500000000000    0.33333333333333    0.12500000000000            48
    0.41666666666667    0.33333333333333    0.12500000000000            48
    0.45833333333333    0.33333333333333    0.12500000000000            48
    0.50000000000000    0.33333333333333    0.12500000000000            24
    0.37500000000000    0.37500000000000    0.12500000000000            24
    0.41666666666667    0.37500000000000    0.12500000000000            48
    0.45833333333333    0.37500000000000    0.12500000000000            48
    0.50000000000000    0.37500000000000    0.12500000000000            24
    0.41666666666667    0.41666666666667    0.12500000000000            24
    0.45833333333333    0.41666666666667    0.12500000000000            48
    0.50000000000000    0.41666666666667    0.12500000000000            24
    0.45833333333333    0.45833333333333    0.12500000000000            24
    0.50000000000000    0.45833333333333    0.12500000000000            24
    0.50000000000000    0.50000000000000    0.12500000000000             6
    0.16666666666667    0.16666666666667    0.16666666666667             8
    0.20833333333333    0.16666666666667    0.16666666666667            24
    0.25000000000000    0.16666666666667    0.16666666666667            24
    0.29166666666667    0.16666666666667    0.16666666666667            24
    0.33333333333333    0.16666666666667    0.16666666666667            24
    0.37500000000000    0.16666666666667    0.16666666666667            24
    0.41666666666667    0.16666666666667    0.16666666666667            24
    0.45833333333333    0.16666666666667    0.16666666666667            24
    0.50000000000000    0.16666666666667    0.16666666666667            12
    0.20833333333333    0.20833333333333    0.16666666666667            24
    0.25000000000000    0.20833333333333    0.16666666666667            48
    0.29166666666667    0.20833333333333    0.16666666666667            48
    0.33333333333333    0.20833333333333    0.16666666666667            48
    0.37500000000000    0.20833333333333    0.16666666666667            48
    0.41666666666667    0.20833333333333    0.16666666666667            48
    0.45833333333333    0.20833333333333    0.16666666666667            48
    0.50000000000000    0.20833333333333    0.16666666666667            24
    0.25000000000000    0.25000000000000    0.16666666666667            24
    0.29166666666667    0.25000000000000    0.16666666666667            48
    0.33333333333333    0.25000000000000    0.16666666666667            48
    0.37500000000000    0.25000000000000    0.16666666666667            48
    0.41666666666667    0.25000000000000    0.16666666666667            48
    0.45833333333333    0.25000000000000    0.16666666666667            48
    0.50000000000000    0.25000000000000    0.16666666666667            24
    0.29166666666667    0.29166666666667    0.16666666666667            24
    0.33333333333333    0.29166666666667    0.16666666666667            48
    0.37500000000000    0.29166666666667    0.16666666666667            48
    0.41666666666667    0.29166666666667    0.16666666666667            48
    0.45833333333333    0.29166666666667    0.16666666666667            48
    0.50000000000000    0.29166666666667    0.16666666666667            24
    0.33333333333333    0.33333333333333    0.16666666666667            24
    0.37500000000000    0.33333333333333    0.16666666666667            48
    0.41666666666667    0.33333333333333    0.16666666666667            48
    0.45833333333333    0.33333333333333    0.16666666666667            48
    0.50000000000000    0.33333333333333    0.16666666666667            24
    0.37500000000000    0.37500000000000    0.16666666666667            24
    0.41666666666667    0.37500000000000    0.16666666666667            48
    0.45833333333333    0.37500000000000    0.16666666666667            48
    0.50000000000000    0.37500000000000    0.16666666666667            24
    0.41666666666667    0.41666666666667    0.16666666666667            24
    0.45833333333333    0.41666666666667    0.16666666666667            48
    0.50000000000000    0.41666666666667    0.16666666666667            24
    0.45833333333333    0.45833333333333    0.16666666666667            24
    0.50000000000000    0.45833333333333    0.16666666666667            24
    0.50000000000000    0.50000000000000    0.16666666666667             6
    0.20833333333333    0.20833333333333    0.20833333333333             8
    0.25000000000000    0.20833333333333    0.20833333333333            24
    0.29166666666667    0.20833333333333    0.20833333333333            24
    0.33333333333333    0.20833333333333    0.20833333333333            24
    0.37500000000000    0.20833333333333    0.20833333333333            24
    0.41666666666667    0.20833333333333    0.20833333333333            24
    0.45833333333333    0.20833333333333    0.20833333333333            24
    0.50000000000000    0.20833333333333    0.20833333333333            12
    0.25000000000000    0.25000000000000    0.20833333333333            24
    0.29166666666667    0.25000000000000    0.20833333333333            48
    0.33333333333333    0.25000000000000    0.20833333333333            48
    0.37500000000000    0.25000000000000    0.20833333333333            48
    0.41666666666667    0.25000000000000    0.20833333333333            48
    0.45833333333333    0.25000000000000    0.20833333333333            48
    0.50000000000000    0.25000000000000    0.20833333333333            24
    0.29166666666667    0.29166666666667    0.20833333333333            24
    0.33333333333333    0.29166666666667    0.20833333333333            48
    0.37500000000000    0.29166666666667    0.20833333333333            48
    0.41666666666667    0.29166666666667    0.20833333333333            48
    0.45833333333333    0.29166666666667    0.20833333333333            48
    0.50000000000000    0.29166666666667    0.20833333333333            24
    0.33333333333333    0.33333333333333    0.20833333333333            24
    0.37500000000000    0.33333333333333    0.20833333333333            48
    0.41666666666667    0.33333333333333    0.20833333333333            48
    0.45833333333333    0.33333333333333    0.20833333333333            48
    0.50000000000000    0.33333333333333    0.20833333333333            24
    0.37500000000000    0.37500000000000    0.20833333333333            24
    0.41666666666667    0.37500000000000    0.20833333333333            48
    0.45833333333333    0.37500000000000    0.20833333333333            48
    0.50000000000000    0.37500000000000    0.20833333333333            24
    0.41666666666667    0.41666666666667    0.20833333333333            24
    0.45833333333333    0.41666666666667    0.20833333333333            48
    0.50000000000000    0.41666666666667    0.20833333333333            24
    0.45833333333333    0.45833333333333    0.20833333333333            24
    0.50000000000000    0.45833333333333    0.20833333333333            24
    0.50000000000000    0.50000000000000    0.20833333333333             6
    0.25000000000000    0.25000000000000    0.25000000000000             8
    0.29166666666667    0.25000000000000    0.25000000000000            24
    0.33333333333333    0.25000000000000    0.25000000000000            24
    0.37500000000000    0.25000000000000    0.25000000000000            24
    0.41666666666667    0.25000000000000    0.25000000000000            24
    0.45833333333333    0.25000000000000    0.25000000000000            24
    0.50000000000000    0.25000000000000    0.25000000000000            12
    0.29166666666667    0.29166666666667    0.25000000000000            24
    0.33333333333333    0.29166666666667    0.25000000000000            48
    0.37500000000000    0.29166666666667    0.25000000000000            48
    0.41666666666667    0.29166666666667    0.25000000000000            48
    0.45833333333333    0.29166666666667    0.25000000000000            48
    0.50000000000000    0.29166666666667    0.25000000000000            24
    0.33333333333333    0.33333333333333    0.25000000000000            24
    0.37500000000000    0.33333333333333    0.25000000000000            48
    0.41666666666667    0.33333333333333    0.25000000000000            48
    0.45833333333333    0.33333333333333    0.25000000000000            48
    0.50000000000000    0.33333333333333    0.25000000000000            24
    0.37500000000000    0.37500000000000    0.25000000000000            24
    0.41666666666667    0.37500000000000    0.25000000000000            48
    0.45833333333333    0.37500000000000    0.25000000000000            48
    0.50000000000000    0.37500000000000    0.25000000000000            24
    0.41666666666667    0.41666666666667    0.25000000000000            24
    0.45833333333333    0.41666666666667    0.25000000000000            48
    0.50000000000000    0.41666666666667    0.25000000000000            24
    0.45833333333333    0.45833333333333    0.25000000000000            24
    0.50000000000000    0.45833333333333    0.25000000000000            24
    0.50000000000000    0.50000000000000    0.25000000000000             6
    0.29166666666667    0.29166666666667    0.29166666666667             8
    0.33333333333333    0.29166666666667    0.29166666666667            24
    0.37500000000000    0.29166666666667    0.29166666666667            24
    0.41666666666667    0.29166666666667    0.29166666666667            24
    0.45833333333333    0.29166666666667    0.29166666666667            24
    0.50000000000000    0.29166666666667    0.29166666666667            12
    0.33333333333333    0.33333333333333    0.29166666666667            24
    0.37500000000000    0.33333333333333    0.29166666666667            48
    0.41666666666667    0.33333333333333    0.29166666666667            48
    0.45833333333333    0.33333333333333    0.29166666666667            48
    0.50000000000000    0.33333333333333    0.29166666666667            24
    0.37500000000000    0.37500000000000    0.29166666666667            24
    0.41666666666667    0.37500000000000    0.29166666666667            48
    0.45833333333333    0.37500000000000    0.29166666666667            48
    0.50000000000000    0.37500000000000    0.29166666666667            24
    0.41666666666667    0.41666666666667    0.29166666666667            24
    0.45833333333333    0.41666666666667    0.29166666666667            48
    0.50000000000000    0.41666666666667    0.29166666666667            24
    0.45833333333333    0.45833333333333    0.29166666666667            24
    0.50000000000000    0.45833333333333    0.29166666666667            24
    0.50000000000000    0.50000000000000    0.29166666666667             6
    0.33333333333333    0.33333333333333    0.33333333333333             8
    0.37500000000000    0.33333333333333    0.33333333333333            24
    0.41666666666667    0.33333333333333    0.33333333333333            24
    0.45833333333333    0.33333333333333    0.33333333333333            24
    0.50000000000000    0.33333333333333    0.33333333333333            12
    0.37500000000000    0.37500000000000    0.33333333333333            24
    0.41666666666667    0.37500000000000    0.33333333333333            48
    0.45833333333333    0.37500000000000    0.33333333333333            48
    0.50000000000000    0.37500000000000    0.33333333333333            24
    0.41666666666667    0.41666666666667    0.33333333333333            24
    0.45833333333333    0.41666666666667    0.33333333333333            48
    0.50000000000000    0.41666666666667    0.33333333333333            24
    0.45833333333333    0.45833333333333    0.33333333333333            24
    0.50000000000000    0.45833333333333    0.33333333333333            24
    0.50000000000000    0.50000000000000    0.33333333333333             6
    0.37500000000000    0.37500000000000    0.37500000000000             8
    0.41666666666667    0.37500000000000    0.37500000000000            24
    0.45833333333333    0.37500000000000    0.37500000000000            24
    0.50000000000000    0.37500000000000    0.37500000000000            12
    0.41666666666667    0.41666666666667    0.37500000000000            24
    0.45833333333333    0.41666666666667    0.37500000000000            48
    0.50000000000000    0.41666666666667    0.37500000000000            24
    0.45833333333333    0.45833333333333    0.37500000000000            24
    0.50000000000000    0.45833333333333    0.37500000000000            24
    0.50000000000000    0.50000000000000    0.37500000000000             6
    0.41666666666667    0.41666666666667    0.41666666666667             8
    0.45833333333333    0.41666666666667    0.41666666666667            24
    0.50000000000000    0.41666666666667    0.41666666666667            12
    0.45833333333333    0.45833333333333    0.41666666666667            24
    0.50000000000000    0.45833333333333    0.41666666666667            24
    0.50000000000000    0.50000000000000    0.41666666666667             6
    0.45833333333333    0.45833333333333    0.45833333333333             8
    0.50000000000000    0.45833333333333    0.45833333333333            12
    0.50000000000000    0.50000000000000    0.45833333333333             6
    0.50000000000000    0.50000000000000    0.50000000000000             1
