   32   32    1    1
  0.1745885E+02  0.8236104E-09  0.8236104E-09  0.8236104E-09  0.5000000E-15
  1.000000000000000E-004
  CAR 
 al100                                   
   96    6   68
 
  0.0000000E+00  0.0000000E+00  0.0000000E+00  0.3703704E-01
   1       -3.3264
   2       -1.1666
   3       -1.1595
   4       -1.1595
   5       -1.1595
   6       -1.1595
   7       -1.1525
   8        0.9645
   9        0.9733
  10        0.9733
  11        0.9764
  12        0.9767
  13        0.9767
  14        0.9767
  15        0.9767
  16        0.9770
  17        0.9801
  18        0.9801
  19        0.9889
  20        3.0532
  21        3.0535
  22        3.0535
  23        3.0536
  24        3.1179
  25        3.1180
  26        3.1180
  27        3.1184
  28        4.6362
  29        4.6362
  30        4.6362
  31        5.8264
  32        5.8265
  33        5.8265
  34        6.6405
  35        6.6405
  36        6.6490
  37        6.6490
  38        6.6491
  39        6.6491
  40        6.6491
  41        6.6492
  42        6.6492
  43        6.6493
  44        6.6575
  45        6.6575
  46        7.6818
  47        7.6897
  48        7.6898
  49        7.6898
  50        7.6898
  51        7.6975
  52        8.2227
  53        8.2243
  54        8.2243
  55        8.2244
  56        8.2245
  57        8.2261
  58        8.6580
  59        8.6586
  60        8.6620
  61        8.6657
  62        8.6659
  63        8.6659
  64        8.6660
  65        8.6662
  66        8.6700
  67        8.6732
  68        8.6739
 
  0.3333333E+00 -0.6610428E-24  0.3366648E-24  0.7407407E-01
   1       -3.0841
   2       -2.3594
   3       -0.9208
   4       -0.9207
   5       -0.9207
   6       -0.9207
   7       -0.2064
   8       -0.2064
   9       -0.2064
  10       -0.2064
  11        0.5029
  12        1.2123
  13        1.2123
  14        1.2123
  15        1.2123
  16        1.9171
  17        1.9172
  18        1.9172
  19        1.9172
  20        2.5997
  21        2.6158
  22        2.6158
  23        2.6158
  24        2.6162
  25        4.6794
  26        4.6794
  27        4.6796
  28        4.6796
  29        4.7056
  30        4.7057
  31        4.7057
  32        4.7057
  33        4.8596
  34        4.8596
  35        5.5300
  36        5.5300
  37        6.0634
  38        6.0634
  39        6.7442
  40        6.7448
  41        6.7448
  42        6.7449
  43        6.7637
  44        6.7645
  45        6.8730
  46        6.8730
  47        6.8731
  48        6.8731
  49        7.5450
  50        7.5450
  51        7.5450
  52        7.5451
  53        8.1725
  54        8.1725
  55        8.1725
  56        8.1725
  57        8.2188
  58        8.2188
  59        8.2863
  60        8.8718
  61        8.8718
  62        8.8718
  63        8.8718
  64        9.5668
  65        9.5668
  66       10.2358
  67       10.2379
  68       10.2403
 
  0.0000000E+00  0.3333333E+00 -0.6842899E-24  0.1481481E+00
   1       -3.0841
   2       -2.3594
   3       -0.9262
   4       -0.9207
   5       -0.9207
   6       -0.9152
   7       -0.2119
   8       -0.2064
   9       -0.2064
  10       -0.2009
  11        0.5029
  12        1.2080
  13        1.2101
  14        1.2146
  15        1.2167
  16        1.9128
  17        1.9149
  18        1.9194
  19        1.9215
  20        2.5998
  21        2.6102
  22        2.6158
  23        2.6158
  24        2.6214
  25        4.6738
  26        4.6796
  27        4.6796
  28        4.6852
  29        4.7012
  30        4.7033
  31        4.7079
  32        4.7100
  33        4.8595
  34        4.8596
  35        5.5300
  36        5.5301
  37        6.0633
  38        6.0634
  39        6.7400
  40        6.7426
  41        6.7472
  42        6.7492
  43        6.7637
  44        6.7642
  45        6.8678
  46        6.8730
  47        6.8732
  48        6.8782
  49        7.5398
  50        7.5451
  51        7.5452
  52        7.5504
  53        8.1682
  54        8.1725
  55        8.1725
  56        8.1767
  57        8.2187
  58        8.2187
  59        8.2864
  60        8.8676
  61        8.8718
  62        8.8732
  63        8.8760
  64        9.5668
  65        9.5982
  66       10.2385
  67       10.2401
  68       10.2797
 
  0.3333333E+00  0.3333333E+00  0.5039681E-24  0.2962963E+00
   1       -2.8422
   2       -2.1209
   3       -2.1165
   4       -1.3987
   5       -0.6823
   6       -0.6822
   7        0.0278
   8        0.0297
   9        0.0323
  10        0.0341
  11        0.7357
  12        0.7397
  13        0.7410
  14        0.7438
  15        1.4445
  16        1.4466
  17        2.8309
  18        2.8330
  19        2.8461
  20        2.8476
  21        2.8502
  22        2.8524
  23        3.5035
  24        3.5036
  25        3.5256
  26        3.5300
  27        3.5926
  28        3.5928
  29        4.2365
  30        4.8449
  31        4.8449
  32        4.9803
  33        4.9804
  34        5.0829
  35        5.5999
  36        5.6018
  37        5.6044
  38        5.6064
  39        5.7512
  40        5.7561
  41        6.2574
  42        6.2605
  43        6.2962
  44        6.3097
  45        6.3101
  46        6.4249
  47        7.0416
  48        7.0444
  49        7.7247
  50        8.3182
  51        8.3283
  52        8.3303
  53        8.3304
  54        8.3326
  55        8.4403
  56        8.4454
  57        8.5100
  58        8.5123
  59        9.1135
  60        9.1173
  61        9.1356
  62        9.1396
  63        9.8397
  64        9.8415
  65       10.3302
  66       10.3958
  67       10.3960
  68       10.4623
 
  0.0000000E+00  0.3333333E+00  0.3333333E+00  0.1481481E+00
   1       -2.8422
   2       -2.1187
   3       -2.1187
   4       -1.3987
   5       -0.6855
   6       -0.6790
   7        0.0257
   8        0.0297
   9        0.0323
  10        0.0363
  11        0.7369
  12        0.7391
  13        0.7396
  14        0.7447
  15        1.4455
  16        1.4456
  17        2.8322
  18        2.8322
  19        2.8436
  20        2.8476
  21        2.8502
  22        2.8542
  23        3.5034
  24        3.5035
  25        3.5277
  26        3.5278
  27        3.5928
  28        3.5928
  29        4.2365
  30        4.8448
  31        4.8449
  32        4.9804
  33        4.9804
  34        5.0830
  35        5.5976
  36        5.6018
  37        5.6045
  38        5.6086
  39        5.7536
  40        5.7538
  41        6.2590
  42        6.2590
  43        6.2962
  44        6.3064
  45        6.3132
  46        6.4250
  47        7.0429
  48        7.0430
  49        7.7246
  50        8.3184
  51        8.3259
  52        8.3279
  53        8.3330
  54        8.3348
  55        8.4426
  56        8.4428
  57        8.5112
  58        8.5115
  59        9.1146
  60        9.1150
  61        9.1381
  62        9.1384
  63        9.8405
  64        9.8405
  65       10.3950
  66       10.3961
  67       10.4253
  68       10.4641
 
  0.3333333E+00  0.3333333E+00  0.3333333E+00  0.2962963E+00
   1       -2.6006
   2       -1.8815
   3       -1.8783
   4       -1.8752
   5       -1.1626
   6       -1.1595
   7       -1.1564
   8       -0.4440
   9        0.9717
  10        0.9749
  11        0.9780
  12        1.6750
  13        1.6783
  14        1.6804
  15        1.6804
  16        1.6825
  17        1.6858
  18        2.3814
  19        2.3828
  20        2.3843
  21        3.0630
  22        3.0644
  23        3.0659
  24        3.7533
  25        3.7565
  26        3.7588
  27        3.7588
  28        3.7610
  29        3.7642
  30        4.3958
  31        4.3989
  32        4.4020
  33        4.5216
  34        4.5248
  35        4.5281
  36        5.1619
  37        5.1634
  38        5.1649
  39        6.5084
  40        6.5093
  41        6.5118
  42        6.5118
  43        6.5143
  44        6.5151
  45        7.1930
  46        7.1940
  47        7.1964
  48        7.1964
  49        7.1987
  50        7.1998
  51        7.9002
  52        8.4774
  53        8.4798
  54        8.4822
  55        8.8005
  56        8.8012
  57        8.8018
  58        9.2026
  59        9.2060
  60        9.2094
  61        9.4275
  62        9.4277
  63        9.4303
  64        9.4303
  65        9.4328
  66        9.4331
  67        9.9024
  68        9.9042
