   32   32  100    1
  0.1745885E+02  0.8236104E-09  0.8236104E-09  0.8236104E-09  0.5000000E-15
  1.000000000000000E-004
  CAR 
 al100                                   
   96    4   68
 
  0.0000000E+00  0.0000000E+00  0.0000000E+00  0.3703704E-01
   1       -3.3264
   2       -1.1595
   3       -1.1595
   4       -1.1595
   5       -1.1595
   6       -1.1595
   7       -1.1595
   8        0.9767
   9        0.9767
  10        0.9767
  11        0.9767
  12        0.9767
  13        0.9767
  14        0.9767
  15        0.9767
  16        0.9767
  17        0.9767
  18        0.9767
  19        0.9767
  20        3.0536
  21        3.0536
  22        3.0536
  23        3.0536
  24        3.1179
  25        3.1179
  26        3.1179
  27        3.1179
  28        4.6362
  29        4.6362
  30        4.6362
  31        5.8265
  32        5.8265
  33        5.8265
  34        6.6491
  35        6.6491
  36        6.6491
  37        6.6491
  38        6.6491
  39        6.6491
  40        6.6491
  41        6.6491
  42        6.6491
  43        6.6491
  44        6.6491
  45        6.6491
  46        7.6898
  47        7.6898
  48        7.6898
  49        7.6898
  50        7.6898
  51        7.6898
  52        8.2244
  53        8.2244
  54        8.2244
  55        8.2244
  56        8.2244
  57        8.2244
  58        8.6659
  59        8.6659
  60        8.6659
  61        8.6659
  62        8.6659
  63        8.6659
  64        8.6659
  65        8.6659
  66        8.6659
  67        8.6659
  68        8.6659
 
  0.3333333E+00 -0.8271806E-24  0.0000000E+00  0.2222222E+00
   1       -3.0841
   2       -2.3594
   3       -0.9207
   4       -0.9207
   5       -0.9207
   6       -0.9207
   7       -0.2064
   8       -0.2064
   9       -0.2064
  10       -0.2064
  11        0.5029
  12        1.2123
  13        1.2123
  14        1.2123
  15        1.2123
  16        1.9172
  17        1.9172
  18        1.9172
  19        1.9172
  20        2.5998
  21        2.6158
  22        2.6158
  23        2.6158
  24        2.6158
  25        4.6796
  26        4.6796
  27        4.6796
  28        4.6796
  29        4.7056
  30        4.7056
  31        4.7056
  32        4.7056
  33        4.8595
  34        4.8595
  35        5.5300
  36        5.5300
  37        6.0634
  38        6.0634
  39        6.7449
  40        6.7449
  41        6.7449
  42        6.7449
  43        6.7637
  44        6.7637
  45        6.8730
  46        6.8730
  47        6.8730
  48        6.8730
  49        7.5450
  50        7.5450
  51        7.5450
  52        7.5450
  53        8.1725
  54        8.1725
  55        8.1725
  56        8.1725
  57        8.2187
  58        8.2187
  59        8.2863
  60        8.8718
  61        8.8718
  62        8.8718
  63        8.8718
  64        9.5668
  65        9.5668
  66       10.2370
  67       10.2387
  68       10.2416
 
  0.3333333E+00  0.3333333E+00  0.1654361E-23  0.4444444E+00
   1       -2.8422
   2       -2.1187
   3       -2.1187
   4       -1.3987
   5       -0.6822
   6       -0.6822
   7        0.0310
   8        0.0310
   9        0.0310
  10        0.0310
  11        0.7391
  12        0.7391
  13        0.7410
  14        0.7410
  15        1.4456
  16        1.4456
  17        2.8323
  18        2.8323
  19        2.8489
  20        2.8489
  21        2.8489
  22        2.8489
  23        3.5036
  24        3.5036
  25        3.5278
  26        3.5278
  27        3.5926
  28        3.5926
  29        4.2365
  30        4.8450
  31        4.8450
  32        4.9804
  33        4.9804
  34        5.0829
  35        5.6031
  36        5.6031
  37        5.6031
  38        5.6031
  39        5.7536
  40        5.7536
  41        6.2590
  42        6.2590
  43        6.2964
  44        6.3097
  45        6.3097
  46        6.4249
  47        7.0430
  48        7.0430
  49        7.7247
  50        8.3185
  51        8.3304
  52        8.3304
  53        8.3304
  54        8.3304
  55        8.4428
  56        8.4428
  57        8.5111
  58        8.5111
  59        9.1154
  60        9.1154
  61        9.1376
  62        9.1376
  63        9.8406
  64        9.8406
  65       10.3313
  66       10.3379
  67       10.4007
  68       10.4344
 
  0.3333333E+00  0.3333333E+00  0.3333333E+00  0.2962963E+00
   1       -2.6006
   2       -1.8783
   3       -1.8783
   4       -1.8783
   5       -1.1595
   6       -1.1595
   7       -1.1595
   8       -0.4440
   9        0.9749
  10        0.9749
  11        0.9749
  12        1.6804
  13        1.6804
  14        1.6804
  15        1.6804
  16        1.6804
  17        1.6804
  18        2.3828
  19        2.3828
  20        2.3828
  21        3.0644
  22        3.0644
  23        3.0644
  24        3.7588
  25        3.7588
  26        3.7588
  27        3.7588
  28        3.7588
  29        3.7588
  30        4.3989
  31        4.3989
  32        4.3989
  33        4.5248
  34        4.5248
  35        4.5248
  36        5.1633
  37        5.1633
  38        5.1633
  39        6.5118
  40        6.5118
  41        6.5118
  42        6.5118
  43        6.5118
  44        6.5118
  45        7.1964
  46        7.1964
  47        7.1964
  48        7.1964
  49        7.1964
  50        7.1964
  51        7.9003
  52        8.4798
  53        8.4798
  54        8.4798
  55        8.8012
  56        8.8012
  57        8.8012
  58        9.2060
  59        9.2060
  60        9.2060
  61        9.4303
  62        9.4303
  63        9.4303
  64        9.4303
  65        9.4303
  66        9.4303
  67        9.9039
  68        9.9042
