        4  number of thermod.function
       71  number of points of thermod.function
   Total    
         0.0010        0.2015930E+02
         1.0000        0.2015930E+02
         2.0000        0.2015930E+02
         3.0000        0.2015930E+02
         4.0000        0.2015927E+02
         5.0000        0.2015922E+02
        10.0000        0.2015790E+02
        15.0000        0.2015217E+02
        20.0000        0.2013454E+02
        30.0000        0.2001776E+02
        40.0000        0.1972285E+02
        50.0000        0.1919784E+02
        60.0000        0.1842158E+02
        70.0000        0.1739152E+02
        80.0000        0.1611461E+02
        90.0000        0.1460214E+02
       100.0000        0.1286687E+02
       125.0000        0.7637345E+01
       150.0000        0.1277233E+01
       175.0000       -0.6063991E+01
       200.0000       -0.1426712E+02
       225.0000       -0.2323661E+02
       250.0000       -0.3289486E+02
       273.0000       -0.4233360E+02
       275.0000       -0.4317792E+02
       298.0000       -0.5314405E+02
       300.0000       -0.5403232E+02
       350.0000       -0.7728056E+02
       400.0000       -0.1023480E+03
       450.0000       -0.1290128E+03
       500.0000       -0.1571010E+03
       550.0000       -0.1864725E+03
       600.0000       -0.2170120E+03
       650.0000       -0.2486233E+03
       700.0000       -0.2812247E+03
       750.0000       -0.3147458E+03
       800.0000       -0.3491259E+03
       850.0000       -0.3843117E+03
       900.0000       -0.4202560E+03
       950.0000       -0.4569167E+03
      1000.0000       -0.4942563E+03
      1050.0000       -0.5322411E+03
      1100.0000       -0.5708405E+03
      1150.0000       -0.6100263E+03
      1200.0000       -0.6497736E+03
      1250.0000       -0.6900587E+03
      1300.0000       -0.7308602E+03
      1350.0000       -0.7721585E+03
      1400.0000       -0.8139349E+03
      1450.0000       -0.8561725E+03
      1500.0000       -0.8988556E+03
      1550.0000       -0.9419691E+03
      1600.0000       -0.9854991E+03
      1650.0000       -0.1029433E+04
      1700.0000       -0.1073758E+04
      1750.0000       -0.1118464E+04
      1800.0000       -0.1163538E+04
      1850.0000       -0.1208971E+04
      1900.0000       -0.1254753E+04
      1950.0000       -0.1300876E+04
      2000.0000       -0.1347329E+04
      2100.0000       -0.1441198E+04
      2200.0000       -0.1536297E+04
      2300.0000       -0.1632571E+04
      2400.0000       -0.1729969E+04
      2500.0000       -0.1828445E+04
      2600.0000       -0.1927954E+04
      2700.0000       -0.2028457E+04
      2800.0000       -0.2129917E+04
      2900.0000       -0.2232302E+04
      3000.0000       -0.2335577E+04
       71  number of points of thermod.function
   1Ag__:X/D
         0.0010        0.6705249E+01
         1.0000        0.6705249E+01
         2.0000        0.6705249E+01
         3.0000        0.6705247E+01
         4.0000        0.6705240E+01
         5.0000        0.6705224E+01
        10.0000        0.6704797E+01
        15.0000        0.6702909E+01
        20.0000        0.6697073E+01
        30.0000        0.6658266E+01
        40.0000        0.6560012E+01
        50.0000        0.6384889E+01
        60.0000        0.6125832E+01
        70.0000        0.5782006E+01
        80.0000        0.5355765E+01
        90.0000        0.4850890E+01
       100.0000        0.4271666E+01
       125.0000        0.2526217E+01
       150.0000        0.4036471E+00
       175.0000       -0.2046120E+01
       200.0000       -0.4783293E+01
       225.0000       -0.7775991E+01
       250.0000       -0.1099833E+02
       273.0000       -0.1414730E+02
       275.0000       -0.1442898E+02
       298.0000       -0.1775377E+02
       300.0000       -0.1805010E+02
       350.0000       -0.2580555E+02
       400.0000       -0.3416746E+02
       450.0000       -0.4306189E+02
       500.0000       -0.5243079E+02
       550.0000       -0.6222746E+02
       600.0000       -0.7241351E+02
       650.0000       -0.8295681E+02
       700.0000       -0.9383013E+02
       750.0000       -0.1050101E+03
       800.0000       -0.1164764E+03
       850.0000       -0.1282112E+03
       900.0000       -0.1401988E+03
       950.0000       -0.1524253E+03
      1000.0000       -0.1648781E+03
      1050.0000       -0.1775460E+03
      1100.0000       -0.1904187E+03
      1150.0000       -0.2034869E+03
      1200.0000       -0.2167423E+03
      1250.0000       -0.2301769E+03
      1300.0000       -0.2437836E+03
      1350.0000       -0.2575560E+03
      1400.0000       -0.2714878E+03
      1450.0000       -0.2855732E+03
      1500.0000       -0.2998072E+03
      1550.0000       -0.3141846E+03
      1600.0000       -0.3287009E+03
      1650.0000       -0.3433518E+03
      1700.0000       -0.3581332E+03
      1750.0000       -0.3730411E+03
      1800.0000       -0.3880722E+03
      1850.0000       -0.4032229E+03
      1900.0000       -0.4184899E+03
      1950.0000       -0.4338704E+03
      2000.0000       -0.4493611E+03
      2100.0000       -0.4806631E+03
      2200.0000       -0.5123755E+03
      2300.0000       -0.5444793E+03
      2400.0000       -0.5769579E+03
      2500.0000       -0.6097955E+03
      2600.0000       -0.6429778E+03
      2700.0000       -0.6764915E+03
      2800.0000       -0.7103242E+03
      2900.0000       -0.7444648E+03
      3000.0000       -0.7789025E+03
       71  number of points of thermod.function
   1Ag__:Y/D
         0.0010        0.6731696E+01
         1.0000        0.6731696E+01
         2.0000        0.6731696E+01
         3.0000        0.6731694E+01
         4.0000        0.6731686E+01
         5.0000        0.6731668E+01
        10.0000        0.6731245E+01
        15.0000        0.6729340E+01
        20.0000        0.6723449E+01
        30.0000        0.6684474E+01
        40.0000        0.6586196E+01
        50.0000        0.6411358E+01
        60.0000        0.6152925E+01
        70.0000        0.5810023E+01
        80.0000        0.5384953E+01
        90.0000        0.4881445E+01
       100.0000        0.4303744E+01
       125.0000        0.2562596E+01
       150.0000        0.4447938E+00
       175.0000       -0.1999915E+01
       200.0000       -0.4731839E+01
       225.0000       -0.7719156E+01
       250.0000       -0.1093602E+02
       273.0000       -0.1407989E+02
       275.0000       -0.1436112E+02
       298.0000       -0.1768078E+02
       300.0000       -0.1797665E+02
       350.0000       -0.2572080E+02
       400.0000       -0.3407129E+02
       450.0000       -0.4295424E+02
       500.0000       -0.5231160E+02
       550.0000       -0.6209671E+02
       600.0000       -0.7227116E+02
       650.0000       -0.8280282E+02
       700.0000       -0.9366453E+02
       750.0000       -0.1048328E+03
       800.0000       -0.1162875E+03
       850.0000       -0.1280106E+03
       900.0000       -0.1399866E+03
       950.0000       -0.1522014E+03
      1000.0000       -0.1646425E+03
      1050.0000       -0.1772986E+03
      1100.0000       -0.1901597E+03
      1150.0000       -0.2032162E+03
      1200.0000       -0.2164598E+03
      1250.0000       -0.2298828E+03
      1300.0000       -0.2434778E+03
      1350.0000       -0.2572384E+03
      1400.0000       -0.2711584E+03
      1450.0000       -0.2852322E+03
      1500.0000       -0.2994545E+03
      1550.0000       -0.3138202E+03
      1600.0000       -0.3283248E+03
      1650.0000       -0.3429640E+03
      1700.0000       -0.3577336E+03
      1750.0000       -0.3726299E+03
      1800.0000       -0.3876492E+03
      1850.0000       -0.4027882E+03
      1900.0000       -0.4180435E+03
      1950.0000       -0.4334122E+03
      2000.0000       -0.4488912E+03
      2100.0000       -0.4801697E+03
      2200.0000       -0.5118586E+03
      2300.0000       -0.5439392E+03
      2400.0000       -0.5763942E+03
      2500.0000       -0.6092085E+03
      2600.0000       -0.6423672E+03
      2700.0000       -0.6758573E+03
      2800.0000       -0.7096667E+03
      2900.0000       -0.7437838E+03
      3000.0000       -0.7781981E+03
       71  number of points of thermod.function
   1Ag__:Z/D
         0.0010        0.6722358E+01
         1.0000        0.6722358E+01
         2.0000        0.6722358E+01
         3.0000        0.6722355E+01
         4.0000        0.6722345E+01
         5.0000        0.6722323E+01
        10.0000        0.6721857E+01
        15.0000        0.6719919E+01
        20.0000        0.6714014E+01
        30.0000        0.6675014E+01
        40.0000        0.6576641E+01
        50.0000        0.6401591E+01
        60.0000        0.6142827E+01
        70.0000        0.5799489E+01
        80.0000        0.5373898E+01
        90.0000        0.4869802E+01
       100.0000        0.4291458E+01
       125.0000        0.2548534E+01
       150.0000        0.4287940E+00
       175.0000       -0.2017953E+01
       200.0000       -0.4751982E+01
       225.0000       -0.7741450E+01
       250.0000       -0.1096050E+02
       273.0000       -0.1410640E+02
       275.0000       -0.1438781E+02
       298.0000       -0.1770951E+02
       300.0000       -0.1800557E+02
       350.0000       -0.2575420E+02
       400.0000       -0.3410922E+02
       450.0000       -0.4299672E+02
       500.0000       -0.5235867E+02
       550.0000       -0.6214834E+02
       600.0000       -0.7232737E+02
       650.0000       -0.8286366E+02
       700.0000       -0.9372995E+02
       750.0000       -0.1049029E+03
       800.0000       -0.1163621E+03
       850.0000       -0.1280899E+03
       900.0000       -0.1400705E+03
       950.0000       -0.1522899E+03
      1000.0000       -0.1647356E+03
      1050.0000       -0.1773965E+03
      1100.0000       -0.1902620E+03
      1150.0000       -0.2033232E+03
      1200.0000       -0.2165715E+03
      1250.0000       -0.2299991E+03
      1300.0000       -0.2435988E+03
      1350.0000       -0.2573640E+03
      1400.0000       -0.2712887E+03
      1450.0000       -0.2853670E+03
      1500.0000       -0.2995939E+03
      1550.0000       -0.3139643E+03
      1600.0000       -0.3284735E+03
      1650.0000       -0.3431174E+03
      1700.0000       -0.3578916E+03
      1750.0000       -0.3727925E+03
      1800.0000       -0.3878165E+03
      1850.0000       -0.4029600E+03
      1900.0000       -0.4182201E+03
      1950.0000       -0.4335933E+03
      2000.0000       -0.4490770E+03
      2100.0000       -0.4803648E+03
      2200.0000       -0.5120629E+03
      2300.0000       -0.5441527E+03
      2400.0000       -0.5766171E+03
      2500.0000       -0.6094406E+03
      2600.0000       -0.6426086E+03
      2700.0000       -0.6761082E+03
      2800.0000       -0.7099268E+03
      2900.0000       -0.7440530E+03
      3000.0000       -0.7784766E+03
