        4  number of thermod.function
       71  number of points of thermod.function
   Total    
         0.0010        0.2286477E+02
         1.0000        0.2286477E+02
         2.0000        0.2286477E+02
         3.0000        0.2286477E+02
         4.0000        0.2286476E+02
         5.0000        0.2286473E+02
        10.0000        0.2286393E+02
        15.0000        0.2286063E+02
        20.0000        0.2285118E+02
        30.0000        0.2278596E+02
        40.0000        0.2260201E+02
        50.0000        0.2224290E+02
        60.0000        0.2167602E+02
        70.0000        0.2088805E+02
        80.0000        0.1987767E+02
        90.0000        0.1865009E+02
       100.0000        0.1721375E+02
       125.0000        0.1277410E+02
       150.0000        0.7243054E+01
       175.0000        0.7546638E+00
       200.0000       -0.6580232E+01
       225.0000       -0.1467098E+02
       250.0000       -0.2344302E+02
       273.0000       -0.3206155E+02
       275.0000       -0.3283437E+02
       298.0000       -0.4197643E+02
       300.0000       -0.4279290E+02
       350.0000       -0.6424039E+02
       400.0000       -0.8749878E+02
       450.0000       -0.1123490E+03
       500.0000       -0.1386187E+03
       550.0000       -0.1661687E+03
       600.0000       -0.1948846E+03
       650.0000       -0.2246707E+03
       700.0000       -0.2554454E+03
       750.0000       -0.2871389E+03
       800.0000       -0.3196907E+03
       850.0000       -0.3530472E+03
       900.0000       -0.3871616E+03
       950.0000       -0.4219921E+03
      1000.0000       -0.4575010E+03
      1050.0000       -0.4936548E+03
      1100.0000       -0.5304226E+03
      1150.0000       -0.5677769E+03
      1200.0000       -0.6056921E+03
      1250.0000       -0.6441452E+03
      1300.0000       -0.6831144E+03
      1350.0000       -0.7225800E+03
      1400.0000       -0.7625239E+03
      1450.0000       -0.8029287E+03
      1500.0000       -0.8437788E+03
      1550.0000       -0.8850593E+03
      1600.0000       -0.9267563E+03
      1650.0000       -0.9688568E+03
      1700.0000       -0.1011349E+04
      1750.0000       -0.1054221E+04
      1800.0000       -0.1097462E+04
      1850.0000       -0.1141061E+04
      1900.0000       -0.1185010E+04
      1950.0000       -0.1229298E+04
      2000.0000       -0.1273918E+04
      2100.0000       -0.1364119E+04
      2200.0000       -0.1455551E+04
      2300.0000       -0.1548157E+04
      2400.0000       -0.1641887E+04
      2500.0000       -0.1736694E+04
      2600.0000       -0.1832535E+04
      2700.0000       -0.1929370E+04
      2800.0000       -0.2027162E+04
      2900.0000       -0.2125877E+04
      3000.0000       -0.2225484E+04
       71  number of points of thermod.function
   1Cu__:X/D
         0.0010        0.7610984E+01
         1.0000        0.7610984E+01
         2.0000        0.7610984E+01
         3.0000        0.7610983E+01
         4.0000        0.7610979E+01
         5.0000        0.7610969E+01
        10.0000        0.7610706E+01
        15.0000        0.7609613E+01
        20.0000        0.7606493E+01
        30.0000        0.7584871E+01
        40.0000        0.7523671E+01
        50.0000        0.7404006E+01
        60.0000        0.7214969E+01
        70.0000        0.6952127E+01
        80.0000        0.6615056E+01
        90.0000        0.6205506E+01
       100.0000        0.5726304E+01
       125.0000        0.4245162E+01
       150.0000        0.2400020E+01
       175.0000        0.2356377E+00
       200.0000       -0.2210997E+01
       225.0000       -0.4909641E+01
       250.0000       -0.7835423E+01
       273.0000       -0.1070992E+02
       275.0000       -0.1096767E+02
       298.0000       -0.1401670E+02
       300.0000       -0.1428900E+02
       350.0000       -0.2144187E+02
       400.0000       -0.2919841E+02
       450.0000       -0.3748560E+02
       500.0000       -0.4624596E+02
       550.0000       -0.5543311E+02
       600.0000       -0.6500891E+02
       650.0000       -0.7494142E+02
       700.0000       -0.8520353E+02
       750.0000       -0.9577190E+02
       800.0000       -0.1066263E+03
       850.0000       -0.1177490E+03
       900.0000       -0.1291244E+03
       950.0000       -0.1407384E+03
      1000.0000       -0.1525786E+03
      1050.0000       -0.1646337E+03
      1100.0000       -0.1768935E+03
      1150.0000       -0.1893488E+03
      1200.0000       -0.2019911E+03
      1250.0000       -0.2148127E+03
      1300.0000       -0.2278063E+03
      1350.0000       -0.2409654E+03
      1400.0000       -0.2542839E+03
      1450.0000       -0.2677560E+03
      1500.0000       -0.2813766E+03
      1550.0000       -0.2951406E+03
      1600.0000       -0.3090435E+03
      1650.0000       -0.3230809E+03
      1700.0000       -0.3372488E+03
      1750.0000       -0.3515433E+03
      1800.0000       -0.3659608E+03
      1850.0000       -0.3804979E+03
      1900.0000       -0.3951514E+03
      1950.0000       -0.4099181E+03
      2000.0000       -0.4247953E+03
      2100.0000       -0.4548700E+03
      2200.0000       -0.4853549E+03
      2300.0000       -0.5162314E+03
      2400.0000       -0.5474825E+03
      2500.0000       -0.5790927E+03
      2600.0000       -0.6110474E+03
      2700.0000       -0.6433334E+03
      2800.0000       -0.6759387E+03
      2900.0000       -0.7088516E+03
      3000.0000       -0.7420615E+03
       71  number of points of thermod.function
   1Cu__:Y/D
         0.0010        0.7629677E+01
         1.0000        0.7629677E+01
         2.0000        0.7629677E+01
         3.0000        0.7629676E+01
         4.0000        0.7629672E+01
         5.0000        0.7629663E+01
        10.0000        0.7629400E+01
        15.0000        0.7628292E+01
        20.0000        0.7625110E+01
        30.0000        0.7603250E+01
        40.0000        0.7541811E+01
        50.0000        0.7422047E+01
        60.0000        0.7233105E+01
        70.0000        0.6970551E+01
        80.0000        0.6633935E+01
        90.0000        0.6224979E+01
       100.0000        0.5746481E+01
       125.0000        0.4267469E+01
       150.0000        0.2424810E+01
       175.0000        0.2631348E+00
       200.0000       -0.2180645E+01
       225.0000       -0.4876331E+01
       250.0000       -0.7799082E+01
       273.0000       -0.1067074E+02
       275.0000       -0.1092824E+02
       298.0000       -0.1397440E+02
       300.0000       -0.1424645E+02
       350.0000       -0.2139296E+02
       400.0000       -0.2914307E+02
       450.0000       -0.3742377E+02
       500.0000       -0.4617760E+02
       550.0000       -0.5535820E+02
       600.0000       -0.6492744E+02
       650.0000       -0.7485336E+02
       700.0000       -0.8510883E+02
       750.0000       -0.9567060E+02
       800.0000       -0.1065184E+03
       850.0000       -0.1176345E+03
       900.0000       -0.1290032E+03
       950.0000       -0.1406105E+03
      1000.0000       -0.1524441E+03
      1050.0000       -0.1644925E+03
      1100.0000       -0.1767457E+03
      1150.0000       -0.1891943E+03
      1200.0000       -0.2018300E+03
      1250.0000       -0.2146448E+03
      1300.0000       -0.2276318E+03
      1350.0000       -0.2407842E+03
      1400.0000       -0.2540961E+03
      1450.0000       -0.2675615E+03
      1500.0000       -0.2811754E+03
      1550.0000       -0.2949328E+03
      1600.0000       -0.3088290E+03
      1650.0000       -0.3228598E+03
      1700.0000       -0.3370210E+03
      1750.0000       -0.3513088E+03
      1800.0000       -0.3657196E+03
      1850.0000       -0.3802501E+03
      1900.0000       -0.3948968E+03
      1950.0000       -0.4096569E+03
      2000.0000       -0.4245274E+03
      2100.0000       -0.4545887E+03
      2200.0000       -0.4850603E+03
      2300.0000       -0.5159234E+03
      2400.0000       -0.5471612E+03
      2500.0000       -0.5787579E+03
      2600.0000       -0.6106993E+03
      2700.0000       -0.6429720E+03
      2800.0000       -0.6755638E+03
      2900.0000       -0.7084634E+03
      3000.0000       -0.7416600E+03
       71  number of points of thermod.function
   1Cu__:Z/D
         0.0010        0.7624110E+01
         1.0000        0.7624110E+01
         2.0000        0.7624110E+01
         3.0000        0.7624109E+01
         4.0000        0.7624105E+01
         5.0000        0.7624095E+01
        10.0000        0.7623824E+01
        15.0000        0.7622724E+01
        20.0000        0.7619578E+01
        30.0000        0.7597840E+01
        40.0000        0.7536528E+01
        50.0000        0.7416853E+01
        60.0000        0.7227944E+01
        70.0000        0.6965366E+01
        80.0000        0.6628677E+01
        90.0000        0.6219606E+01
       100.0000        0.5740961E+01
       125.0000        0.4261469E+01
       150.0000        0.2418221E+01
       175.0000        0.2558886E+00
       200.0000       -0.2188594E+01
       225.0000       -0.4885014E+01
       250.0000       -0.7808521E+01
       273.0000       -0.1068089E+02
       275.0000       -0.1093846E+02
       298.0000       -0.1398534E+02
       300.0000       -0.1425745E+02
       350.0000       -0.2140557E+02
       400.0000       -0.2915731E+02
       450.0000       -0.3743965E+02
       500.0000       -0.4619514E+02
       550.0000       -0.5537740E+02
       600.0000       -0.6494831E+02
       650.0000       -0.7487592E+02
       700.0000       -0.8513307E+02
       750.0000       -0.9569653E+02
       800.0000       -0.1065460E+03
       850.0000       -0.1176638E+03
       900.0000       -0.1290341E+03
       950.0000       -0.1406432E+03
      1000.0000       -0.1524784E+03
      1050.0000       -0.1645286E+03
      1100.0000       -0.1767834E+03
      1150.0000       -0.1892338E+03
      1200.0000       -0.2018712E+03
      1250.0000       -0.2146877E+03
      1300.0000       -0.2276764E+03
      1350.0000       -0.2408305E+03
      1400.0000       -0.2541440E+03
      1450.0000       -0.2676112E+03
      1500.0000       -0.2812268E+03
      1550.0000       -0.2949859E+03
      1600.0000       -0.3088838E+03
      1650.0000       -0.3229163E+03
      1700.0000       -0.3370792E+03
      1750.0000       -0.3513687E+03
      1800.0000       -0.3657812E+03
      1850.0000       -0.3803133E+03
      1900.0000       -0.3949619E+03
      1950.0000       -0.4097236E+03
      2000.0000       -0.4245958E+03
      2100.0000       -0.4546605E+03
      2200.0000       -0.4851355E+03
      2300.0000       -0.5160021E+03
      2400.0000       -0.5472432E+03
      2500.0000       -0.5788434E+03
      2600.0000       -0.6107882E+03
      2700.0000       -0.6430643E+03
      2800.0000       -0.6756595E+03
      2900.0000       -0.7085626E+03
      3000.0000       -0.7417626E+03
