   1  32   1   0  0.1131459E+02  0.1000000E-03
  CAR 
 unknown system                          
   0   0   0
   1   1
 256 256 256
 256
  0.1000000E-09
  0.6250000E-11
   0
  0.5000000E-15  0.7127375E-09  0.7127375E-09  0.7127375E-09
  0.0000000E+00  0.0000000E+00
  0.000
  0.000
  0.000
  0.000
  0.000
  0.000
  0.000
  0.000
  0.000
  0.000
  0.000
  0.000
  0.000
  0.000
  0.000
  0.000
  0.000
  0.000
  0.000
  0.000
  0.000
  0.000
  0.000
  0.000
  0.000
  0.000
  0.000
  0.000
  0.000
  0.000
  0.000
  0.000
  0.000
  0.000
  0.000
  0.000
  0.000
  0.000
  0.000
  0.000
 26.980
  0.000
  0.000
  0.000
  0.000
  0.000
  0.000
  0.000
  0.000
  0.000
  0.000
  0.000
  0.000
  0.000
  0.000
  0.000
  0.000
  6.693
  0.000
  0.000
  0.000
  0.000
  0.000
  0.000
  0.000
  0.000
  0.000
  0.000
  0.000
 18.324
  0.000
  0.000
  0.000
  0.000
  0.000
  0.000
  0.000
  0.000
  0.000
  0.000
  6.829
  0.000
  0.000
  0.000
  0.000
  0.000
  0.000
  0.000
  0.000
  0.000
 10.807
  0.000
  0.000
  0.000
  0.000
  0.000
  0.000
  0.000
  3.041
  0.000
  0.000
  0.000
  0.000
  0.000
  0.000
  0.000
 15.607
  0.000
  0.000
  0.000
  0.000
  0.000
  0.000
  0.000
  0.000
  0.000
  0.000
  0.000
  0.000
  0.000
  9.144
  0.000
  0.000
  0.000
  0.000
  0.000
  0.000
  5.445
  0.000
  0.000
  0.000
  0.000
  0.000
  4.966
  0.000
  0.000
  0.000
  0.000
  0.000
  4.548
  0.000
  0.000
  0.000
  0.000
  0.000
 12.543
  0.000
  0.000
  0.000
  0.000
  0.000
  0.000
  0.000
  0.000
  0.000
  0.000
  7.228
  0.000
  0.000
  0.000
  0.000
  0.000
  0.000
  0.000
  0.000
  0.000
  6.386
  0.000
  0.000
  0.000
  0.000
  3.762
  0.000
  0.000
  0.000
  8.621
  0.000
  0.000
  0.000
  0.000
  2.717
  0.000
  0.000
  0.000
  5.200
  0.000
  0.000
  0.000
  0.000
  2.465
  0.000
  0.000
  0.000
  4.728
  0.000
  0.000
  0.000
  0.000
  0.000
  0.000
  0.000
  7.630
  0.000
  0.000
  0.000
  2.096
  0.000
  0.000
  0.000
  8.067
  0.000
  0.000
  0.000
  3.884
  0.000
  0.000
  0.000
  1.871
  0.000
  0.000
  0.000
  0.000
  0.000
  0.000
  7.025
  0.000
  0.000
  0.000
  0.000
  0.000
  0.000
  6.606
  0.000
  0.000
  0.000
  3.192
  0.000
  0.000
  3.112
  0.000
  0.000
  2.276
  0.000
  0.000
  0.000
  7.343
  0.000
  0.000
  1.433
  0.000
  0.000
  2.799
  0.000
  0.000
  0.000
  0.000
