   32   32    1    1
  0.2214645E+02  0.8915617E-09  0.8915617E-09  0.8915617E-09  0.5000000E-15
  1.000000000000000E-004
  CAR 
 No title                                
  352    1  212
 
  0.2500000E+00  0.2500000E+00  0.2500000E+00  0.1000000E+01
   1       -4.1422
   2       -3.1257
   3       -3.1230
   4       -3.1204
   5       -2.5073
   6       -2.4526
   7       -2.4507
   8       -2.4488
   9       -2.1878
  10       -2.1876
  11       -2.1874
  12       -2.0348
  13       -2.0346
  14       -2.0346
  15       -1.9905
  16       -1.9887
  17       -1.9869
  18       -1.8237
  19       -1.8232
  20       -1.8228
  21       -1.7250
  22       -1.7241
  23       -1.7223
  24       -1.7223
  25       -1.7205
  26       -1.7197
  27       -1.6529
  28       -1.6512
  29       -1.6495
  30       -1.5967
  31       -1.5954
  32       -1.5947
  33       -1.5946
  34       -1.5939
  35       -1.5927
  36       -1.5106
  37       -1.5097
  38       -1.5088
  39       -1.2899
  40       -1.2887
  41       -1.2879
  42       -1.2878
  43       -1.2868
  44       -1.2859
  45       -1.0836
  46       -1.0824
  47       -1.0811
  48       -1.0004
  49       -0.9989
  50       -0.9976
  51       -0.9581
  52       -0.9565
  53       -0.9559
  54       -0.9558
  55       -0.9553
  56       -0.9536
  57       -0.8570
  58       -0.8551
  59       -0.8538
  60       -0.8519
  61       -0.8518
  62       -0.8513
  63       -0.8200
  64       -0.8196
  65       -0.8180
  66       -0.8177
  67       -0.8164
  68       -0.8159
  69       -0.7948
  70       -0.6521
  71       -0.6520
  72       -0.6045
  73       -0.6044
  74       -0.5372
  75       -0.5360
  76       -0.5346
  77       -0.5082
  78       -0.5079
  79       -0.5078
  80       -0.5043
  81       -0.5037
  82       -0.5024
  83       -0.5023
  84       -0.5005
  85       -0.5004
  86       -0.4431
  87       -0.4426
  88       -0.4419
  89       -0.4390
  90       -0.4381
  91       -0.4373
  92       -0.3797
  93       -0.3795
  94       -0.3792
  95       -0.3234
  96       -0.3227
  97       -0.3219
  98       -0.3131
  99       -0.3110
 100       -0.3088
 101       -0.0519
 102       -0.0500
 103       -0.0483
 104       -0.0153
 105       -0.0151
 106       -0.0134
 107       -0.0134
 108       -0.0118
 109       -0.0116
 110        0.1376
 111        0.1393
 112        0.1411
 113        0.1921
 114        0.1947
 115        0.1959
 116        0.1969
 117        0.1979
 118        0.2006
 119        0.2038
 120        0.2044
 121        0.2061
 122        0.2062
 123        0.2067
 124        0.3283
 125        0.3299
 126        0.3302
 127        0.3303
 128        0.3309
 129        0.3323
 130        0.4987
 131        0.4999
 132        0.5011
 133        0.5801
 134        0.5804
 135        0.5809
 136        0.7110
 137        0.7111
 138        0.7115
 139        0.7118
 140        0.7142
 141        0.7156
 142        0.7157
 143        0.7158
 144        0.7163
 145        0.7178
 146        0.7482
 147        0.7487
 148        0.7490
 149        0.7789
 150        0.7790
 151        0.8866
 152        0.8867
 153        0.8869
 154        1.0085
 155        1.0088
 156        1.0089
 157        1.0300
 158        1.0306
 159        1.0309
 160        1.0310
 161        1.0315
 162        1.0323
 163        1.0942
 164        1.0952
 165        1.0962
 166        1.1073
 167        1.1075
 168        1.1075
 169        1.2659
 170        1.2671
 171        1.2682
 172        2.5530
 173        2.5540
 174        2.5551
 175        2.5553
 176        2.5564
 177        2.5574
 178        3.3147
 179        3.3157
 180        3.3167
 181        3.9571
 182        3.9585
 183        3.9600
 184        4.2909
 185        4.2914
 186        4.2919
 187        5.2265
 188        5.2284
 189        5.2291
 190        5.2291
 191        5.2297
 192        5.2317
 193        5.5871
 194        5.5888
 195        5.5905
 196        6.8629
 197        6.8646
 198        6.8663
 199        7.3626
 200        7.3626
 201        7.3646
 202        7.3646
 203        7.3666
 204        7.3667
 205        7.9194
 206        8.1488
 207        8.1495
 208        8.1502
 209        8.7255
 210        8.7265
 211        8.7274
 212        8.7281
