   32   32  100    1
  0.2214645E+02  0.8915617E-09  0.8915617E-09  0.8915617E-09  0.5000000E-15
  1.000000000000000E-004
  CAR 
 No title                                
  352    1  212
 
  0.2500000E+00  0.2500000E+00  0.2500000E+00  0.1000000E+01
   1       -4.1421
   2       -3.1230
   3       -3.1230
   4       -3.1230
   5       -2.5073
   6       -2.4506
   7       -2.4506
   8       -2.4506
   9       -2.1875
  10       -2.1875
  11       -2.1875
  12       -2.0345
  13       -2.0345
  14       -2.0345
  15       -1.9887
  16       -1.9887
  17       -1.9887
  18       -1.8231
  19       -1.8231
  20       -1.8231
  21       -1.7223
  22       -1.7223
  23       -1.7223
  24       -1.7223
  25       -1.7223
  26       -1.7223
  27       -1.6511
  28       -1.6511
  29       -1.6511
  30       -1.5946
  31       -1.5946
  32       -1.5946
  33       -1.5946
  34       -1.5946
  35       -1.5946
  36       -1.5096
  37       -1.5096
  38       -1.5096
  39       -1.2878
  40       -1.2878
  41       -1.2878
  42       -1.2878
  43       -1.2878
  44       -1.2878
  45       -1.0823
  46       -1.0823
  47       -1.0823
  48       -0.9989
  49       -0.9989
  50       -0.9989
  51       -0.9558
  52       -0.9558
  53       -0.9558
  54       -0.9558
  55       -0.9558
  56       -0.9558
  57       -0.8551
  58       -0.8551
  59       -0.8551
  60       -0.8517
  61       -0.8517
  62       -0.8517
  63       -0.8179
  64       -0.8179
  65       -0.8179
  66       -0.8179
  67       -0.8179
  68       -0.8179
  69       -0.7948
  70       -0.6520
  71       -0.6520
  72       -0.6044
  73       -0.6044
  74       -0.5358
  75       -0.5358
  76       -0.5358
  77       -0.5077
  78       -0.5077
  79       -0.5077
  80       -0.5023
  81       -0.5023
  82       -0.5023
  83       -0.5023
  84       -0.5023
  85       -0.5023
  86       -0.4424
  87       -0.4424
  88       -0.4424
  89       -0.4382
  90       -0.4382
  91       -0.4382
  92       -0.3794
  93       -0.3794
  94       -0.3794
  95       -0.3226
  96       -0.3226
  97       -0.3226
  98       -0.3110
  99       -0.3110
 100       -0.3110
 101       -0.0500
 102       -0.0500
 103       -0.0500
 104       -0.0134
 105       -0.0134
 106       -0.0134
 107       -0.0134
 108       -0.0134
 109       -0.0134
 110        0.1394
 111        0.1394
 112        0.1394
 113        0.1949
 114        0.1949
 115        0.1949
 116        0.1980
 117        0.1980
 118        0.1980
 119        0.2049
 120        0.2049
 121        0.2049
 122        0.2061
 123        0.2061
 124        0.3304
 125        0.3304
 126        0.3304
 127        0.3304
 128        0.3304
 129        0.3304
 130        0.4999
 131        0.4999
 132        0.4999
 133        0.5805
 134        0.5805
 135        0.5805
 136        0.7117
 137        0.7117
 138        0.7117
 139        0.7118
 140        0.7158
 141        0.7158
 142        0.7158
 143        0.7158
 144        0.7158
 145        0.7158
 146        0.7486
 147        0.7486
 148        0.7486
 149        0.7789
 150        0.7789
 151        0.8868
 152        0.8868
 153        0.8868
 154        1.0088
 155        1.0088
 156        1.0088
 157        1.0311
 158        1.0311
 159        1.0311
 160        1.0311
 161        1.0311
 162        1.0311
 163        1.0952
 164        1.0952
 165        1.0952
 166        1.1075
 167        1.1075
 168        1.1075
 169        1.2671
 170        1.2671
 171        1.2671
 172        2.5553
 173        2.5553
 174        2.5553
 175        2.5553
 176        2.5553
 177        2.5553
 178        3.3158
 179        3.3158
 180        3.3158
 181        3.9586
 182        3.9586
 183        3.9586
 184        4.2914
 185        4.2914
 186        4.2914
 187        5.2291
 188        5.2291
 189        5.2291
 190        5.2291
 191        5.2291
 192        5.2291
 193        5.5889
 194        5.5889
 195        5.5889
 196        6.8646
 197        6.8646
 198        6.8646
 199        7.3646
 200        7.3646
 201        7.3646
 202        7.3646
 203        7.3646
 204        7.3646
 205        7.9195
 206        8.1495
 207        8.1495
 208        8.1495
 209        8.7270
 210        8.7270
 211        8.7270
 212        8.7270
