   1  32   1   0  0.1202155E+02  0.1000000E-03
  CAR 
 unknown system                          
   0   0   0
   1   1
 256 256 256
 256
  0.1000000E-09
  0.6250000E-11
   0
  0.5000000E-15  0.7272832E-09  0.7272832E-09  0.7272832E-09
  0.0000000E+00  0.0000000E+00
  0.000
  0.000
  0.000
  0.000
  0.000
  0.000
  0.000
  0.000
  0.000
  0.000
  0.000
  0.000
  0.000
  0.000
  0.000
  0.000
  0.000
  0.000
  0.000
  0.000
  0.000
  0.000
  0.000
  0.000
  0.000
  0.000
  0.000
  0.000
  0.000
  0.000
  0.000
  0.000
  0.000
  0.000
  0.000
  0.000
  0.000
  0.000
  0.000
  0.000
  0.597
 26.732
  0.000
  0.000
  0.000
  0.000
  0.000
  0.000
  0.000
  0.000
  0.000
  0.000
  0.000
  0.000
  0.000
  0.000
  0.000
  0.074
  6.727
  0.069
  0.000
  0.000
  0.000
  0.000
  0.000
  0.000
  0.000
  0.000
  0.000
  0.000
  0.591
 17.820
  0.000
  0.000
  0.000
  0.000
  0.000
  0.000
  0.000
  0.000
  0.000
  0.147
  6.764
  0.000
  0.000
  0.000
  0.000
  0.000
  0.000
  0.000
  0.000
 10.998
  0.229
  0.000
  0.000
  0.000
  0.000
  0.000
  0.000
  0.000
  3.007
  0.095
  0.000
  0.000
  0.000
  0.000
  0.000
  0.000
 15.478
  0.490
  0.000
  0.000
  0.000
  0.000
  0.000
  0.000
  0.000
  0.000
  0.000
  0.000
  0.000
  0.000
  0.131
  8.992
  0.126
  0.000
  0.000
  0.000
  0.000
  0.117
  5.407
  0.000
  0.000
  0.000
  0.000
  0.107
  4.837
  0.104
  0.000
  0.000
  0.000
  0.049
  4.535
  0.048
  0.000
  0.000
  0.000
  0.225
 12.438
  0.131
  0.000
  0.000
  0.000
  0.000
  0.000
  0.000
  0.000
  0.000
  0.078
  7.239
  0.076
  0.000
  0.000
  0.000
  0.000
  0.000
  0.000
  0.000
  0.035
  6.342
  0.168
  0.000
  0.000
  0.073
  3.716
  0.072
  0.000
  0.000
  0.154
  8.513
  0.090
  0.000
  0.000
  2.735
  0.058
  0.000
  0.000
  0.111
  5.073
  0.109
  0.000
  0.000
  2.459
  0.078
  0.000
  0.000
  0.101
  4.671
  0.050
  0.000
  0.000
  0.000
  0.000
  0.000
  0.023
  7.585
  0.184
  0.000
  0.000
  2.098
  0.044
  0.000
  0.043
  7.995
  0.213
  0.000
  0.000
  3.893
  0.082
  0.000
  0.020
  1.877
  0.020
  0.000
  0.000
  0.000
  0.000
  0.000
  0.225
  6.919
  0.000
  0.000
  0.000
  0.000
  0.000
  0.141
  6.533
  0.052
  0.000
  3.194
  0.085
  0.000
  0.067
  3.073
  0.033
  0.000
  2.257
  0.064
  0.000
  0.189
  7.275
  0.031
  0.000
  1.433
  0.030
  0.000
