        4  number of thermod.function
       71  number of points of thermod.function
   Total    
         0.0010        0.2614235E+02
         1.0000        0.2614235E+02
         2.0000        0.2614234E+02
         3.0000        0.2614234E+02
         4.0000        0.2614234E+02
         5.0000        0.2614232E+02
        10.0000        0.2614176E+02
        15.0000        0.2613955E+02
        20.0000        0.2613361E+02
        30.0000        0.2609306E+02
        40.0000        0.2597137E+02
        50.0000        0.2571810E+02
        60.0000        0.2529772E+02
        70.0000        0.2469071E+02
        80.0000        0.2388930E+02
        90.0000        0.2289306E+02
       100.0000        0.2170592E+02
       125.0000        0.1794605E+02
       150.0000        0.1314915E+02
       175.0000        0.7429033E+01
       200.0000        0.8849827E+00
       225.0000       -0.6399314E+01
       250.0000       -0.1435370E+02
       273.0000       -0.2221261E+02
       275.0000       -0.2291910E+02
       298.0000       -0.3129569E+02
       300.0000       -0.3204538E+02
       350.0000       -0.5181472E+02
       400.0000       -0.7338226E+02
       450.0000       -0.9653319E+02
       500.0000       -0.1210975E+03
       550.0000       -0.1469379E+03
       600.0000       -0.1739408E+03
       650.0000       -0.2020113E+03
       700.0000       -0.2310685E+03
       750.0000       -0.2610430E+03
       800.0000       -0.2918743E+03
       850.0000       -0.3235094E+03
       900.0000       -0.3559016E+03
       950.0000       -0.3890088E+03
      1000.0000       -0.4227941E+03
      1050.0000       -0.4572234E+03
      1100.0000       -0.4922667E+03
      1150.0000       -0.5278959E+03
      1200.0000       -0.5640856E+03
      1250.0000       -0.6008127E+03
      1300.0000       -0.6380560E+03
      1350.0000       -0.6757953E+03
      1400.0000       -0.7140126E+03
      1450.0000       -0.7526907E+03
      1500.0000       -0.7918140E+03
      1550.0000       -0.8313673E+03
      1600.0000       -0.8713373E+03
      1650.0000       -0.9117106E+03
      1700.0000       -0.9524750E+03
      1750.0000       -0.9936194E+03
      1800.0000       -0.1035133E+04
      1850.0000       -0.1077004E+04
      1900.0000       -0.1119225E+04
      1950.0000       -0.1161786E+04
      2000.0000       -0.1204678E+04
      2100.0000       -0.1291423E+04
      2200.0000       -0.1379398E+04
      2300.0000       -0.1468548E+04
      2400.0000       -0.1558821E+04
      2500.0000       -0.1650171E+04
      2600.0000       -0.1742556E+04
      2700.0000       -0.1835933E+04
      2800.0000       -0.1930268E+04
      2900.0000       -0.2025527E+04
      3000.0000       -0.2121677E+04
       71  number of points of thermod.function
   1Cu__:X/D
         0.0010        0.8700074E+01
         1.0000        0.8700074E+01
         2.0000        0.8700074E+01
         3.0000        0.8700073E+01
         4.0000        0.8700070E+01
         5.0000        0.8700064E+01
        10.0000        0.8699877E+01
        15.0000        0.8699133E+01
        20.0000        0.8697162E+01
        30.0000        0.8683705E+01
        40.0000        0.8643217E+01
        50.0000        0.8558800E+01
        60.0000        0.8418570E+01
        70.0000        0.8216011E+01
        80.0000        0.7948538E+01
        90.0000        0.7616032E+01
       100.0000        0.7219807E+01
       125.0000        0.5964967E+01
       150.0000        0.4364183E+01
       175.0000        0.2455489E+01
       200.0000        0.2720307E+00
       225.0000       -0.2158258E+01
       250.0000       -0.4811970E+01
       273.0000       -0.7433716E+01
       275.0000       -0.7669396E+01
       298.0000       -0.1046373E+02
       300.0000       -0.1071382E+02
       350.0000       -0.1730832E+02
       400.0000       -0.2450230E+02
       450.0000       -0.3222411E+02
       500.0000       -0.4041710E+02
       550.0000       -0.4903545E+02
       600.0000       -0.5804134E+02
       650.0000       -0.6740311E+02
       700.0000       -0.7709379E+02
       750.0000       -0.8709024E+02
       800.0000       -0.9737230E+02
       850.0000       -0.1079223E+03
       900.0000       -0.1187246E+03
       950.0000       -0.1297654E+03
      1000.0000       -0.1410321E+03
      1050.0000       -0.1525135E+03
      1100.0000       -0.1641996E+03
      1150.0000       -0.1760809E+03
      1200.0000       -0.1881492E+03
      1250.0000       -0.2003966E+03
      1300.0000       -0.2128159E+03
      1350.0000       -0.2254007E+03
      1400.0000       -0.2381448E+03
      1450.0000       -0.2510425E+03
      1500.0000       -0.2640886E+03
      1550.0000       -0.2772780E+03
      1600.0000       -0.2906064E+03
      1650.0000       -0.3040691E+03
      1700.0000       -0.3176623E+03
      1750.0000       -0.3313820E+03
      1800.0000       -0.3452247E+03
      1850.0000       -0.3591871E+03
      1900.0000       -0.3732657E+03
      1950.0000       -0.3874577E+03
      2000.0000       -0.4017599E+03
      2100.0000       -0.4306848E+03
      2200.0000       -0.4600198E+03
      2300.0000       -0.4897465E+03
      2400.0000       -0.5198477E+03
      2500.0000       -0.5503078E+03
      2600.0000       -0.5811124E+03
      2700.0000       -0.6122484E+03
      2800.0000       -0.6437034E+03
      2900.0000       -0.6754663E+03
      3000.0000       -0.7075260E+03
       71  number of points of thermod.function
   1Cu__:Y/D
         0.0010        0.8725475E+01
         1.0000        0.8725475E+01
         2.0000        0.8725475E+01
         3.0000        0.8725475E+01
         4.0000        0.8725474E+01
         5.0000        0.8725468E+01
        10.0000        0.8725292E+01
        15.0000        0.8724559E+01
        20.0000        0.8722569E+01
        30.0000        0.8708991E+01
        40.0000        0.8668377E+01
        50.0000        0.8583973E+01
        60.0000        0.8443959E+01
        70.0000        0.8241840E+01
        80.0000        0.7975005E+01
        90.0000        0.7643312E+01
       100.0000        0.7248046E+01
       125.0000        0.5996091E+01
       150.0000        0.4398674E+01
       175.0000        0.2493658E+01
       200.0000        0.3140898E+00
       225.0000       -0.2112163E+01
       250.0000       -0.4761730E+01
       273.0000       -0.7379595E+01
       275.0000       -0.7614934E+01
       298.0000       -0.1040533E+02
       300.0000       -0.1065507E+02
       350.0000       -0.1724088E+02
       400.0000       -0.2442605E+02
       450.0000       -0.3213895E+02
       500.0000       -0.4032298E+02
       550.0000       -0.4893232E+02
       600.0000       -0.5792918E+02
       650.0000       -0.6728189E+02
       700.0000       -0.7696349E+02
       750.0000       -0.8695084E+02
       800.0000       -0.9722379E+02
       850.0000       -0.1077647E+03
       900.0000       -0.1185578E+03
       950.0000       -0.1295895E+03
      1000.0000       -0.1408470E+03
      1050.0000       -0.1523194E+03
      1100.0000       -0.1639962E+03
      1150.0000       -0.1758685E+03
      1200.0000       -0.1879276E+03
      1250.0000       -0.2001658E+03
      1300.0000       -0.2125760E+03
      1350.0000       -0.2251516E+03
      1400.0000       -0.2378865E+03
      1450.0000       -0.2507751E+03
      1500.0000       -0.2638119E+03
      1550.0000       -0.2769922E+03
      1600.0000       -0.2903114E+03
      1650.0000       -0.3037649E+03
      1700.0000       -0.3173489E+03
      1750.0000       -0.3310595E+03
      1800.0000       -0.3448930E+03
      1850.0000       -0.3588462E+03
      1900.0000       -0.3729156E+03
      1950.0000       -0.3870984E+03
      2000.0000       -0.4013915E+03
      2100.0000       -0.4302980E+03
      2200.0000       -0.4596147E+03
      2300.0000       -0.4893229E+03
      2400.0000       -0.5194058E+03
      2500.0000       -0.5498474E+03
      2600.0000       -0.5806337E+03
      2700.0000       -0.6117513E+03
      2800.0000       -0.6431880E+03
      2900.0000       -0.6749324E+03
      3000.0000       -0.7069738E+03
       71  number of points of thermod.function
   1Cu__:Z/D
         0.0010        0.8716797E+01
         1.0000        0.8716797E+01
         2.0000        0.8716797E+01
         3.0000        0.8716797E+01
         4.0000        0.8716795E+01
         5.0000        0.8716787E+01
        10.0000        0.8716597E+01
        15.0000        0.8715858E+01
        20.0000        0.8713884E+01
        30.0000        0.8700362E+01
        40.0000        0.8659777E+01
        50.0000        0.8575328E+01
        60.0000        0.8435189E+01
        70.0000        0.8232862E+01
        80.0000        0.7965750E+01
        90.0000        0.7633720E+01
       100.0000        0.7238070E+01
       125.0000        0.5984990E+01
       150.0000        0.4386289E+01
       175.0000        0.2479886E+01
       200.0000        0.2988614E+00
       225.0000       -0.2128895E+01
       250.0000       -0.4780003E+01
       273.0000       -0.7399305E+01
       275.0000       -0.7634771E+01
       298.0000       -0.1042663E+02
       300.0000       -0.1067649E+02
       350.0000       -0.1726552E+02
       400.0000       -0.2445393E+02
       450.0000       -0.3217011E+02
       500.0000       -0.4035744E+02
       550.0000       -0.4897010E+02
       600.0000       -0.5797029E+02
       650.0000       -0.6732632E+02
       700.0000       -0.7701126E+02
       750.0000       -0.8700195E+02
       800.0000       -0.9727824E+02
       850.0000       -0.1078225E+03
       900.0000       -0.1186190E+03
       950.0000       -0.1296540E+03
      1000.0000       -0.1409149E+03
      1050.0000       -0.1523906E+03
      1100.0000       -0.1640708E+03
      1150.0000       -0.1759464E+03
      1200.0000       -0.1880089E+03
      1250.0000       -0.2002505E+03
      1300.0000       -0.2126640E+03
      1350.0000       -0.2252430E+03
      1400.0000       -0.2379813E+03
      1450.0000       -0.2508732E+03
      1500.0000       -0.2639135E+03
      1550.0000       -0.2770971E+03
      1600.0000       -0.2904196E+03
      1650.0000       -0.3038766E+03
      1700.0000       -0.3174639E+03
      1750.0000       -0.3311779E+03
      1800.0000       -0.3450148E+03
      1850.0000       -0.3589713E+03
      1900.0000       -0.3730441E+03
      1950.0000       -0.3872302E+03
      2000.0000       -0.4015267E+03
      2100.0000       -0.4304400E+03
      2200.0000       -0.4597634E+03
      2300.0000       -0.4894785E+03
      2400.0000       -0.5195679E+03
      2500.0000       -0.5500164E+03
      2600.0000       -0.5808093E+03
      2700.0000       -0.6119338E+03
      2800.0000       -0.6433772E+03
      2900.0000       -0.6751283E+03
      3000.0000       -0.7071765E+03
