   32   32  100    1
  0.1941443E+02  0.8532799E-09  0.8532799E-09  0.8532799E-09  0.5000000E-15
  1.000000000000000E-004
  CAR 
 No title                                
  352    1  212
 
  0.2500000E+00  0.2500000E+00  0.2500000E+00  0.1000000E+01
   1       -3.9903
   2       -3.1339
   3       -3.0866
   4       -3.0866
   5       -3.0866
   6       -3.0632
   7       -3.0632
   8       -3.0632
   9       -2.9910
  10       -2.9910
  11       -2.9910
  12       -2.9325
  13       -2.9325
  14       -2.9325
  15       -2.8065
  16       -2.8065
  17       -2.8065
  18       -2.7940
  19       -2.7940
  20       -2.7940
  21       -2.6891
  22       -2.6891
  23       -2.6891
  24       -2.6891
  25       -2.6891
  26       -2.6891
  27       -2.6365
  28       -2.6365
  29       -2.6365
  30       -2.6098
  31       -2.6098
  32       -2.6098
  33       -2.6098
  34       -2.6098
  35       -2.6098
  36       -2.5872
  37       -2.5872
  38       -2.5872
  39       -2.4463
  40       -2.4463
  41       -2.4463
  42       -2.4463
  43       -2.4463
  44       -2.4463
  45       -2.2280
  46       -2.2280
  47       -2.2280
  48       -2.1632
  49       -2.1632
  50       -2.1632
  51       -2.1534
  52       -2.1534
  53       -2.1534
  54       -2.1534
  55       -2.1534
  56       -2.1534
  57       -2.0594
  58       -2.0594
  59       -2.0594
  60       -1.9971
  61       -1.9487
  62       -1.9487
  63       -1.9487
  64       -1.8827
  65       -1.8827
  66       -1.8608
  67       -1.8608
  68       -1.8608
  69       -1.8608
  70       -1.8608
  71       -1.8608
  72       -1.8386
  73       -1.8386
  74       -1.7546
  75       -1.7546
  76       -1.7546
  77       -1.6955
  78       -1.6955
  79       -1.6955
  80       -1.6825
  81       -1.6825
  82       -1.6825
  83       -1.6825
  84       -1.6825
  85       -1.6825
  86       -1.6568
  87       -1.6568
  88       -1.6568
  89       -1.6416
  90       -1.6416
  91       -1.6416
  92       -1.6178
  93       -1.6178
  94       -1.6178
  95       -1.5897
  96       -1.5897
  97       -1.5897
  98       -1.3535
  99       -1.3535
 100       -1.3535
 101       -1.3416
 102       -1.3416
 103       -1.3416
 104       -1.2924
 105       -1.2924
 106       -1.2924
 107       -1.2924
 108       -1.2924
 109       -1.2924
 110       -1.1449
 111       -1.1449
 112       -1.1449
 113       -1.1387
 114       -1.1387
 115       -1.1387
 116       -1.1375
 117       -1.1375
 118       -1.0676
 119       -1.0676
 120       -1.0676
 121       -1.0602
 122       -1.0602
 123       -1.0602
 124       -1.0161
 125       -1.0161
 126       -1.0161
 127       -1.0161
 128       -1.0161
 129       -1.0161
 130       -0.8873
 131       -0.8873
 132       -0.8873
 133       -0.7513
 134       -0.7513
 135       -0.7513
 136       -0.7056
 137       -0.7056
 138       -0.7056
 139       -0.6946
 140       -0.6946
 141       -0.6946
 142       -0.6946
 143       -0.6946
 144       -0.6946
 145       -0.6777
 146       -0.6777
 147       -0.6777
 148       -0.6528
 149       -0.6528
 150       -0.5630
 151       -0.5630
 152       -0.5630
 153       -0.4632
 154       -0.4632
 155       -0.4632
 156       -0.4392
 157       -0.4392
 158       -0.4392
 159       -0.4392
 160       -0.4392
 161       -0.4392
 162       -0.3802
 163       -0.3802
 164       -0.3802
 165       -0.0115
 166       -0.0115
 167       -0.0115
 168        0.3299
 169        0.6752
 170        0.6752
 171        0.6752
 172        2.1270
 173        2.1270
 174        2.1270
 175        2.1270
 176        2.1270
 177        2.1270
 178        2.8245
 179        2.8245
 180        2.8245
 181        3.8131
 182        3.8131
 183        3.8131
 184        4.4192
 185        4.4192
 186        4.4192
 187        5.4866
 188        5.4866
 189        5.4866
 190        5.4866
 191        5.4866
 192        5.4866
 193        6.0749
 194        6.0749
 195        6.0749
 196        6.9076
 197        6.9076
 198        6.9076
 199        7.7694
 200        7.7694
 201        7.7694
 202        7.7694
 203        7.7694
 204        7.7694
 205        8.2412
 206        9.1358
 207        9.1358
 208        9.1358
 209        9.1358
 210        9.1358
 211        9.1358
 212        9.5494
