  108  108    1    1
  0.1240280E+02  0.1102337E-08  0.1102337E-08  0.1102337E-08  0.5000000E-15
  1.000000000000000E-004
  CAR 
 No title                                
 1188    1  712
 
  0.2500000E+00  0.2500000E+00  0.2500000E+00  0.1000000E+01
   1       -5.3571
   2       -4.7217
   3       -4.7208
   4       -4.7199
   5       -4.1117
   6       -4.1108
   7       -4.1100
   8       -3.5465
   9       -3.5249
  10       -3.5240
  11       -3.5231
  12       -2.9819
  13       -2.9805
  14       -2.9801
  15       -2.9801
  16       -2.9797
  17       -2.9783
  18       -2.5394
  19       -2.5387
  20       -2.5381
  21       -2.0779
  22       -2.0773
  23       -2.0766
  24       -2.0315
  25       -2.0307
  26       -2.0298
  27       -1.8508
  28       -1.8503
  29       -1.8498
  30       -1.6595
  31       -1.6584
  32       -1.6580
  33       -1.6580
  34       -1.6576
  35       -1.6566
  36       -1.6117
  37       -1.4517
  38       -1.4509
  39       -1.4501
  40       -1.3369
  41       -1.3369
  42       -1.3368
  43       -1.2707
  44       -1.2703
  45       -1.2699
  46       -1.2154
  47       -1.2154
  48       -1.2148
  49       -1.2148
  50       -1.2141
  51       -1.2141
  52       -1.1686
  53       -1.1686
  54       -1.1685
  55       -1.0550
  56       -1.0547
  57       -1.0542
  58       -1.0542
  59       -1.0536
  60       -1.0533
  61       -0.9943
  62       -0.9936
  63       -0.9930
  64       -0.9586
  65       -0.9581
  66       -0.9578
  67       -0.9578
  68       -0.9575
  69       -0.9570
  70       -0.9054
  71       -0.9048
  72       -0.9046
  73       -0.9046
  74       -0.9043
  75       -0.9037
  76       -0.8337
  77       -0.8336
  78       -0.8336
  79       -0.7592
  80       -0.7592
  81       -0.7591
  82       -0.7399
  83       -0.7398
  84       -0.7394
  85       -0.7394
  86       -0.7390
  87       -0.7388
  88       -0.7056
  89       -0.7052
  90       -0.7047
  91       -0.6366
  92       -0.6363
  93       -0.6360
  94       -0.6056
  95       -0.6052
  96       -0.6049
  97       -0.5906
  98       -0.5906
  99       -0.5902
 100       -0.5902
 101       -0.5898
 102       -0.5897
 103       -0.5604
 104       -0.5596
 105       -0.5594
 106       -0.5594
 107       -0.5593
 108       -0.5585
 109       -0.5335
 110       -0.5327
 111       -0.5324
 112       -0.5324
 113       -0.5321
 114       -0.5313
 115       -0.4691
 116       -0.4689
 117       -0.4688
 118       -0.4570
 119       -0.4568
 120       -0.4564
 121       -0.4564
 122       -0.4561
 123       -0.4559
 124       -0.4328
 125       -0.4325
 126       -0.4322
 127       -0.4322
 128       -0.4318
 129       -0.4315
 130       -0.3346
 131       -0.3342
 132       -0.3338
 133       -0.3075
 134       -0.3067
 135       -0.3066
 136       -0.3066
 137       -0.3066
 138       -0.3059
 139       -0.2950
 140       -0.2948
 141       -0.2946
 142       -0.2632
 143       -0.2632
 144       -0.2628
 145       -0.2628
 146       -0.2624
 147       -0.2623
 148       -0.2249
 149       -0.2242
 150       -0.2240
 151       -0.2239
 152       -0.2237
 153       -0.2231
 154       -0.2093
 155       -0.2087
 156       -0.2085
 157       -0.2085
 158       -0.2083
 159       -0.2077
 160       -0.0876
 161       -0.0868
 162       -0.0867
 163       -0.0867
 164       -0.0866
 165       -0.0859
 166       -0.0295
 167       -0.0291
 168       -0.0287
 169       -0.0155
 170       -0.0150
 171       -0.0147
 172       -0.0081
 173       -0.0075
 174       -0.0072
 175       -0.0072
 176       -0.0070
 177       -0.0065
 178       -0.0006
 179       -0.0003
 180        0.0000
 181        0.0244
 182        0.0251
 183        0.0253
 184        0.0253
 185        0.0255
 186        0.0262
 187        0.0515
 188        0.0519
 189        0.0523
 190        0.1150
 191        0.1156
 192        0.1160
 193        0.1160
 194        0.1163
 195        0.1169
 196        0.1516
 197        0.1520
 198        0.1523
 199        0.1776
 200        0.1778
 201        0.1782
 202        0.1782
 203        0.1785
 204        0.1788
 205        0.1976
 206        0.1981
 207        0.1985
 208        0.2088
 209        0.2092
 210        0.2095
 211        0.2098
 212        0.2100
 213        0.2104
 214        0.2388
 215        0.2427
 216        0.2431
 217        0.2433
 218        0.2433
 219        0.2435
 220        0.2440
 221        0.2650
 222        0.2653
 223        0.2656
 224        0.2730
 225        0.2732
 226        0.2734
 227        0.2735
 228        0.2737
 229        0.2739
 230        0.2794
 231        0.2794
 232        0.2797
 233        0.2798
 234        0.2800
 235        0.2801
 236        0.3607
 237        0.3607
 238        0.3608
 239        0.3967
 240        0.3970
 241        0.3974
 242        0.4038
 243        0.4043
 244        0.4046
 245        0.4046
 246        0.4049
 247        0.4054
 248        0.4088
 249        0.4089
 250        0.4092
 251        0.4092
 252        0.4095
 253        0.4096
 254        0.4175
 255        0.4272
 256        0.4275
 257        0.4279
 258        0.4646
 259        0.4649
 260        0.4651
 261        0.4684
 262        0.4685
 263        0.4989
 264        0.4990
 265        0.4992
 266        0.5084
 267        0.5084
 268        0.5116
 269        0.5121
 270        0.5126
 271        0.5168
 272        0.5169
 273        0.5169
 274        0.5270
 275        0.5271
 276        0.5273
 277        0.5297
 278        0.5301
 279        0.5303
 280        0.5304
 281        0.5306
 282        0.5311
 283        0.5529
 284        0.5530
 285        0.5532
 286        0.5532
 287        0.5534
 288        0.5536
 289        0.5777
 290        0.5778
 291        0.5778
 292        0.6113
 293        0.6114
 294        0.6118
 295        0.6119
 296        0.6120
 297        0.6121
 298        0.6125
 299        0.6126
 300        0.6257
 301        0.6261
 302        0.6264
 303        0.6264
 304        0.6266
 305        0.6271
 306        0.6316
 307        0.6319
 308        0.6322
 309        0.6438
 310        0.6440
 311        0.6443
 312        0.6482
 313        0.6483
 314        0.6484
 315        0.6765
 316        0.6767
 317        0.6770
 318        0.6893
 319        0.6896
 320        0.6900
 321        0.6971
 322        0.6972
 323        0.6976
 324        0.6976
 325        0.6980
 326        0.6981
 327        0.7057
 328        0.7062
 329        0.7066
 330        0.7067
 331        0.7073
 332        0.7074
 333        0.7250
 334        0.7253
 335        0.7255
 336        0.8076
 337        0.8082
 338        0.8086
 339        0.8107
 340        0.8111
 341        0.8116
 342        0.8265
 343        0.8269
 344        0.8273
 345        0.8273
 346        0.8277
 347        0.8281
 348        0.8656
 349        0.8661
 350        0.8665
 351        0.9111
 352        0.9111
 353        0.9114
 354        0.9114
 355        0.9117
 356        0.9117
 357        0.9547
 358        0.9547
 359        0.9550
 360        0.9551
 361        0.9554
 362        0.9554
 363        0.9584
 364        0.9586
 365        0.9587
 366        0.9625
 367        0.9627
 368        0.9629
 369        0.9629
 370        0.9631
 371        0.9634
 372        1.0607
 373        1.0607
 374        1.0608
 375        1.0787
 376        1.0791
 377        1.0795
 378        1.0795
 379        1.0795
 380        1.0797
 381        1.0801
 382        1.0804
 383        1.0808
 384        1.0844
 385        1.0847
 386        1.0849
 387        1.0849
 388        1.0852
 389        1.0852
 390        1.1292
 391        1.1294
 392        1.1296
 393        1.1296
 394        1.1298
 395        1.1301
 396        1.1476
 397        1.1478
 398        1.1480
 399        1.1480
 400        1.1482
 401        1.1485
 402        1.1515
 403        1.1516
 404        1.1517
 405        1.1639
 406        1.1642
 407        1.1646
 408        1.1733
 409        1.1740
 410        1.1741
 411        1.1742
 412        1.1743
 413        1.1743
 414        1.1745
 415        1.1745
 416        1.1751
 417        1.2162
 418        1.2162
 419        1.2402
 420        1.2404
 421        1.2410
 422        1.2410
 423        1.2410
 424        1.2413
 425        1.2413
 426        1.2418
 427        1.2423
 428        1.2974
 429        1.2977
 430        1.2979
 431        1.3060
 432        1.3064
 433        1.3068
 434        1.3081
 435        1.3082
 436        1.3589
 437        1.3589
 438        1.3592
 439        1.3592
 440        1.3595
 441        1.3595
 442        1.3746
 443        1.3747
 444        1.3749
 445        1.3839
 446        1.3841
 447        1.3844
 448        1.3845
 449        1.3848
 450        1.3850
 451        1.4387
 452        1.4388
 453        1.4389
 454        1.4588
 455        1.4592
 456        1.4596
 457        1.4613
 458        1.4617
 459        1.4620
 460        1.4727
 461        1.4732
 462        1.4733
 463        1.4733
 464        1.4734
 465        1.4740
 466        1.4780
 467        1.4784
 468        1.4789
 469        1.4840
 470        1.4844
 471        1.4848
 472        1.4890
 473        1.4892
 474        1.4894
 475        1.4894
 476        1.4895
 477        1.4898
 478        1.5346
 479        1.5352
 480        1.5355
 481        1.5367
 482        1.5543
 483        1.5546
 484        1.5550
 485        1.6018
 486        1.6020
 487        1.6023
 488        1.6102
 489        1.6102
 490        1.6103
 491        1.6465
 492        1.6469
 493        1.6470
 494        1.6470
 495        1.6472
 496        1.6474
 497        1.6476
 498        1.6477
 499        1.6478
 500        1.6479
 501        1.6481
 502        1.6481
 503        1.6538
 504        1.6539
 505        1.6541
 506        1.6541
 507        1.6543
 508        1.6544
 509        1.6570
 510        1.6572
 511        1.6574
 512        1.6574
 513        1.6575
 514        1.6578
 515        1.6631
 516        1.6632
 517        1.6633
 518        1.6660
 519        1.6660
 520        1.6661
 521        1.6841
 522        1.6841
 523        1.7076
 524        1.7078
 525        1.7079
 526        1.7079
 527        1.7080
 528        1.7082
 529        1.7219
 530        1.7221
 531        1.7222
 532        1.7222
 533        1.7223
 534        1.7224
 535        1.7265
 536        1.7266
 537        1.7267
 538        1.7354
 539        1.7354
 540        1.7355
 541        1.7496
 542        1.7496
 543        1.7497
 544        1.7603
 545        1.7603
 546        1.7604
 547        1.7925
 548        1.7925
 549        1.7926
 550        1.8241
 551        1.8242
 552        1.8243
 553        1.8243
 554        1.8244
 555        1.8244
 556        1.8308
 557        1.8309
 558        1.8309
 559        1.8309
 560        1.8310
 561        1.8311
 562        1.8508
 563        1.8508
 564        1.8508
 565        1.9855
 566        1.9859
 567        1.9862
 568        2.1449
 569        2.1451
 570        2.1452
 571        2.1991
 572        2.1996
 573        2.1998
 574        2.1998
 575        2.1999
 576        2.2004
 577        2.3890
 578        2.3893
 579        2.3896
 580        2.6913
 581        2.6918
 582        2.6923
 583        3.0855
 584        3.0856
 585        3.0861
 586        3.0861
 587        3.0865
 588        3.0866
 589        3.1089
 590        3.1091
 591        3.1096
 592        3.1096
 593        3.1102
 594        3.1103
 595        3.1443
 596        3.1445
 597        3.1446
 598        3.6575
 599        3.6578
 600        3.6583
 601        3.6583
 602        3.6588
 603        3.6590
 604        4.2711
 605        4.2712
 606        4.2713
 607        4.3618
 608        4.3624
 609        4.3630
 610        4.4889
 611        4.4894
 612        4.4899
 613        4.7936
 614        4.7937
 615        4.7939
 616        4.9632
 617        4.9642
 618        4.9644
 619        4.9644
 620        4.9645
 621        4.9655
 622        5.1953
 623        5.1959
 624        5.1965
 625        5.1965
 626        5.1970
 627        5.1976
 628        5.9435
 629        5.9438
 630        5.9444
 631        5.9444
 632        5.9450
 633        5.9454
 634        6.6424
 635        6.6426
 636        6.6437
 637        6.6437
 638        6.6448
 639        6.6450
 640        6.8325
 641        6.8331
 642        6.8338
 643        7.1923
 644        7.1925
 645        7.1926
 646        7.4740
 647        7.4743
 648        7.4746
 649        7.5935
 650        7.5936
 651        7.5944
 652        7.5944
 653        7.5952
 654        7.5952
 655        7.8022
 656        7.8023
 657        7.8029
 658        7.8029
 659        7.8036
 660        7.8037
 661        8.5012
 662        8.5016
 663        8.5023
 664        8.5023
 665        8.5029
 666        8.5033
 667        8.5215
 668        8.9457
 669        8.9458
 670        8.9463
 671        8.9463
 672        8.9468
 673        8.9469
 674        9.1014
 675        9.1017
 676        9.1020
 677        9.6251
 678        9.6257
 679        9.6261
 680        9.6261
 681        9.6266
 682        9.6272
 683        9.8490
 684        9.8495
 685        9.8500
 686        9.8578
 687        9.8581
 688        9.8584
 689       10.3694
 690       10.3701
 691       10.3703
 692       10.3704
 693       10.3707
 694       10.3713
 695       10.7196
 696       10.7199
 697       10.7203
 698       10.9433
 699       10.9435
 700       10.9437
 701       11.1975
 702       11.1980
 703       11.1984
 704       11.2993
 705       11.2999
 706       11.3002
 707       11.3002
 708       11.3004
 709       11.3010
 710       11.7198
 711       11.7210
 712       11.7262
