   1  32   1   0  0.1202155E+02  0.1000000E-03
  CAR 
 unknown system                          
   0   0   0
   1   1
 256 256 256
 256
  0.1000000E-09
  0.6250000E-11
   0
  0.5000000E-15  0.7272832E-09  0.7272832E-09  0.7272832E-09
  0.0000000E+00  0.0000000E+00
  0.000
  0.000
  0.000
  0.000
  0.000
  0.000
  0.000
  0.000
  0.000
  0.000
  0.000
  0.000
  0.000
  0.000
  0.000
  0.000
  0.000
  0.000
  0.000
  0.000
  0.000
  0.000
  0.000
  0.000
  0.000
  0.000
  0.000
  0.000
  0.000
  0.000
  0.000
  0.000
  0.000
  0.000
  0.000
  0.000
  0.000
  0.000
  0.000
  0.628
  0.000
 26.163
  0.542
  0.000
  0.000
  0.000
  0.000
  0.000
  0.000
  0.000
  0.000
  0.000
  0.000
  0.000
  0.000
  0.000
  0.077
  0.000
  6.727
  0.069
  0.000
  0.000
  0.000
  0.000
  0.000
  0.000
  0.000
  0.000
  0.000
  0.203
  0.394
 17.629
  0.186
  0.000
  0.000
  0.000
  0.000
  0.000
  0.000
  0.000
  0.000
  0.147
  6.621
  0.140
  0.000
  0.000
  0.000
  0.000
  0.000
  0.000
  0.120
 10.647
  0.343
  0.112
  0.000
  0.000
  0.000
  0.000
  0.000
  0.099
  2.910
  0.095
  0.000
  0.000
  0.000
  0.000
  0.000
  0.339
 15.145
  0.327
  0.160
  0.000
  0.000
  0.000
  0.000
  0.000
  0.000
  0.000
  0.000
  0.000
  0.000
  0.066
  0.065
  8.992
  0.063
  0.062
  0.000
  0.000
  0.059
  0.058
  5.349
  0.057
  0.000
  0.000
  0.000
  0.160
  4.732
  0.155
  0.000
  0.000
  0.000
  0.147
  4.342
  0.143
  0.000
  0.000
  0.137
  0.090
 12.349
  0.175
  0.043
  0.000
  0.000
  0.000
  0.000
  0.000
  0.000
  0.079
  0.078
  7.162
  0.076
  0.000
  0.000
  0.000
  0.000
  0.000
  0.000
  0.000
  0.173
  6.206
  0.135
  0.033
  0.008
  0.098
  3.651
  0.095
  0.008
  0.093
  0.123
  8.391
  0.120
  0.030
  0.029
  2.706
  0.029
  0.028
  0.000
  0.111
  5.073
  0.109
  0.000
  0.027
  2.432
  0.052
  0.026
  0.051
  0.051
  4.621
  0.099
  0.000
  0.000
  0.000
  0.000
  0.024
  0.164
  7.423
  0.161
  0.023
  0.045
  2.053
  0.022
  0.022
  0.108
  7.887
  0.192
  0.063
  0.084
  3.769
  0.082
  0.061
  0.020
  1.837
  0.020
  0.020
  0.000
  0.000
  0.000
  0.114
  0.113
  6.807
  0.111
  0.000
  0.000
  0.000
  0.053
  0.088
  6.445
  0.122
  0.052
  3.159
  0.051
  0.034
  0.100
  2.974
  0.098
  0.033
  2.225
  0.032
  0.111
  0.110
  7.181
  0.124
  0.031
  1.387
  0.045
  0.060
