   1   4   1   0  0.1131840E+02  0.1000000E-03
  CAR 
 unknown system                          
   0   0   0
   1   1
 256 256 256
 256
  0.1000000E-09
  0.6250000E-11
   0
  0.5000000E-15  0.3564088E-09  0.3564088E-09  0.3564088E-09
  0.0000000E+00  0.0000000E+00
  0.000
  0.000
  0.000
  0.000
  0.000
  0.000
  0.000
  0.000
  0.000
  0.000
  0.000
  0.000
  0.000
  0.000
  0.000
  0.000
  0.000
  0.000
  0.000
  0.000
  0.000
  0.000
  0.000
  0.000
  0.000
  0.000
  0.000
  0.000
  0.000
  0.000
  0.000
  0.000
  0.000
  0.000
  0.000
  0.000
  0.000
  0.000
  0.000
  0.000
 26.989
  0.000
  0.000
  0.000
  0.000
  0.000
  0.000
  0.000
  0.000
  0.000
  0.000
  0.000
  0.000
  0.000
  0.000
  0.000
  0.000
  0.000
  0.000
  0.000
  0.000
  0.000
  0.000
  0.000
  0.000
  0.000
  0.000
  0.000
  0.000
 18.330
  0.000
  0.000
  0.000
  0.000
  0.000
  0.000
  0.000
  0.000
  0.000
  0.000
  0.000
  0.000
  0.000
  0.000
  0.000
  0.000
  0.000
  0.000
  0.000
  0.000
 10.810
  0.000
  0.000
  0.000
  0.000
  0.000
  0.000
  0.000
  0.000
  0.000
  0.000
  0.000
  0.000
  0.000
  0.000
  0.000
 15.613
  0.000
  0.000
  0.000
  0.000
  0.000
  0.000
  0.000
  0.000
  0.000
  0.000
  0.000
  0.000
  0.000
  9.147
  0.000
  0.000
  0.000
  0.000
  0.000
  0.000
  0.000
  0.000
  0.000
  0.000
  0.000
  0.000
  4.968
  0.000
  0.000
  0.000
  0.000
  0.000
  0.000
  0.000
  0.000
  0.000
  0.000
  0.000
 12.547
  0.000
  0.000
  0.000
  0.000
  0.000
  0.000
  0.000
  0.000
  0.000
  0.000
  7.230
  0.000
  0.000
  0.000
  0.000
  0.000
  0.000
  0.000
  0.000
  0.000
  6.388
  0.000
  0.000
  0.000
  0.000
  0.000
  0.000
  0.000
  0.000
  8.624
  0.000
  0.000
  0.000
  0.000
  0.000
  0.000
  0.000
  0.000
  5.202
  0.000
  0.000
  0.000
  0.000
  0.000
  0.000
  0.000
  0.000
  4.729
  0.000
  0.000
  0.000
  0.000
  0.000
  0.000
  0.000
  7.632
  0.000
  0.000
  0.000
  0.000
  0.000
  0.000
  0.000
  8.069
  0.000
  0.000
  0.000
  0.000
  0.000
  0.000
  0.000
  1.872
  0.000
  0.000
  0.000
  0.000
  0.000
  0.000
  7.027
  0.000
  0.000
  0.000
  0.000
  0.000
  0.000
  6.609
  0.000
  0.000
  0.000
  0.000
  0.000
  0.000
  3.113
  0.000
  0.000
  0.000
  0.000
  0.000
  0.000
  7.345
  0.000
  0.000
  0.000
  0.000
  0.000
  2.800
  0.000
  0.000
  0.000
  0.000
