   32   32  100    1
  0.2214645E+02  0.8915617E-09  0.8915617E-09  0.8915617E-09  0.5000000E-15
  1.000000000000000E-004
  CAR 
 No title                                
  352   20  212
 
  0.6250000E-01  0.6250000E-01  0.6250000E-01  0.1562500E-01
   1       -4.5429
   2       -2.7650
   3       -2.7650
   4       -2.7650
   5       -2.4756
   6       -2.4565
   7       -2.4565
   8       -2.4565
   9       -2.4305
  10       -2.4305
  11       -2.4305
  12       -2.2162
  13       -2.2162
  14       -2.2162
  15       -2.0320
  16       -2.0320
  17       -2.0320
  18       -1.7539
  19       -1.7539
  20       -1.7539
  21       -1.6073
  22       -1.6073
  23       -1.6073
  24       -1.6073
  25       -1.6073
  26       -1.6073
  27       -1.5453
  28       -1.5453
  29       -1.5453
  30       -1.4865
  31       -1.4865
  32       -1.4865
  33       -1.4693
  34       -1.4693
  35       -1.4693
  36       -1.4693
  37       -1.4693
  38       -1.4693
  39       -1.3596
  40       -1.3596
  41       -1.3596
  42       -1.0947
  43       -1.0947
  44       -1.0947
  45       -1.0947
  46       -1.0947
  47       -1.0947
  48       -1.0334
  49       -1.0334
  50       -1.0334
  51       -1.0145
  52       -1.0145
  53       -1.0145
  54       -1.0145
  55       -1.0145
  56       -1.0145
  57       -0.9608
  58       -0.9608
  59       -0.9608
  60       -0.8356
  61       -0.8356
  62       -0.8356
  63       -0.8356
  64       -0.8356
  65       -0.8356
  66       -0.7692
  67       -0.7692
  68       -0.7692
  69       -0.7692
  70       -0.7692
  71       -0.7692
  72       -0.7534
  73       -0.7534
  74       -0.7534
  75       -0.7515
  76       -0.7515
  77       -0.7515
  78       -0.7392
  79       -0.7392
  80       -0.7383
  81       -0.7303
  82       -0.7303
  83       -0.7303
  84       -0.7239
  85       -0.7239
  86       -0.7048
  87       -0.7048
  88       -0.7048
  89       -0.2824
  90       -0.2824
  91       -0.2824
  92       -0.2016
  93       -0.2016
  94       -0.2016
  95       -0.1647
  96       -0.1647
  97       -0.1647
  98       -0.1062
  99       -0.1062
 100       -0.1062
 101       -0.1062
 102       -0.1062
 103       -0.1062
 104       -0.1046
 105       -0.1046
 106       -0.1046
 107       -0.0303
 108       -0.0303
 109       -0.0303
 110        0.0339
 111        0.0339
 112        0.0339
 113        0.1444
 114        0.1444
 115        0.1444
 116        0.1618
 117        0.1618
 118        0.1618
 119        0.1903
 120        0.1903
 121        0.1903
 122        0.1903
 123        0.1903
 124        0.1903
 125        0.2127
 126        0.2127
 127        0.2248
 128        0.2248
 129        0.2248
 130        0.2689
 131        0.2689
 132        0.2689
 133        0.2689
 134        0.2689
 135        0.2689
 136        0.3431
 137        0.3431
 138        0.3431
 139        0.5378
 140        0.5378
 141        0.5378
 142        0.6121
 143        0.6121
 144        0.6121
 145        0.8994
 146        0.8994
 147        0.8994
 148        0.9243
 149        0.9243
 150        0.9243
 151        0.9549
 152        0.9549
 153        0.9706
 154        0.9706
 155        0.9706
 156        1.1253
 157        1.1253
 158        1.1253
 159        1.1550
 160        1.1550
 161        1.1550
 162        1.1550
 163        1.1550
 164        1.1550
 165        1.1578
 166        1.1578
 167        1.1578
 168        1.9782
 169        1.9782
 170        1.9782
 171        2.3498
 172        2.3498
 173        2.3498
 174        2.3498
 175        2.3498
 176        2.3498
 177        2.6263
 178        2.7440
 179        2.7440
 180        2.7440
 181        3.0087
 182        3.0087
 183        3.0087
 184        4.4586
 185        4.4586
 186        4.4586
 187        4.7893
 188        4.7893
 189        4.7893
 190        5.1324
 191        6.2273
 192        6.2273
 193        6.2273
 194        6.2273
 195        6.2273
 196        6.2273
 197        6.9535
 198        6.9535
 199        6.9537
 200        8.0852
 201        8.0852
 202        8.0853
 203        8.0873
 204        8.0884
 205        8.1269
 206        8.7579
 207        8.7584
 208        8.7598
 209        8.7863
 210        8.8155
 211        9.3535
 212        9.6395
 
  0.1875000E+00  0.6250000E-01  0.6250000E-01  0.4687500E-01
   1       -4.4706
   2       -3.1422
   3       -2.7134
   4       -2.7134
   5       -2.4584
   6       -2.4201
   7       -2.4201
   8       -2.4015
   9       -2.3811
  10       -2.3811
  11       -2.2007
  12       -2.1959
  13       -2.1744
  14       -2.1744
  15       -2.0099
  16       -1.9972
  17       -1.9972
  18       -1.9229
  19       -1.9229
  20       -1.8845
  21       -1.7562
  22       -1.7562
  23       -1.7028
  24       -1.7028
  25       -1.6837
  26       -1.6081
  27       -1.5541
  28       -1.5541
  29       -1.5003
  30       -1.5003
  31       -1.4788
  32       -1.4788
  33       -1.4644
  34       -1.4644
  35       -1.4507
  36       -1.4507
  37       -1.4379
  38       -1.4379
  39       -1.3409
  40       -1.3409
  41       -1.3211
  42       -1.3211
  43       -1.2320
  44       -1.1097
  45       -1.1097
  46       -1.0948
  47       -1.0948
  48       -1.0900
  49       -1.0900
  50       -1.0733
  51       -1.0733
  52       -1.0200
  53       -1.0200
  54       -0.9515
  55       -0.9392
  56       -0.9392
  57       -0.9365
  58       -0.9365
  59       -0.9136
  60       -0.8763
  61       -0.8763
  62       -0.8695
  63       -0.8695
  64       -0.8303
  65       -0.8303
  66       -0.8086
  67       -0.8086
  68       -0.7835
  69       -0.7835
  70       -0.7789
  71       -0.7668
  72       -0.7668
  73       -0.7641
  74       -0.7371
  75       -0.7206
  76       -0.7010
  77       -0.7010
  78       -0.6992
  79       -0.6973
  80       -0.6943
  81       -0.6918
  82       -0.6918
  83       -0.6338
  84       -0.6338
  85       -0.6146
  86       -0.5663
  87       -0.5505
  88       -0.5505
  89       -0.3884
  90       -0.3884
  91       -0.3400
  92       -0.3400
  93       -0.2853
  94       -0.2728
  95       -0.2086
  96       -0.2086
  97       -0.1983
  98       -0.1926
  99       -0.1474
 100       -0.1474
 101       -0.1102
 102       -0.0456
 103       -0.0456
 104       -0.0431
 105       -0.0431
 106       -0.0347
 107       -0.0347
 108        0.0001
 109        0.0001
 110        0.0246
 111        0.0935
 112        0.0935
 113        0.1262
 114        0.1262
 115        0.1316
 116        0.1316
 117        0.1835
 118        0.1938
 119        0.1938
 120        0.2054
 121        0.2054
 122        0.2261
 123        0.2295
 124        0.2295
 125        0.2730
 126        0.2730
 127        0.2825
 128        0.3253
 129        0.3335
 130        0.3335
 131        0.3825
 132        0.3825
 133        0.4049
 134        0.4049
 135        0.4407
 136        0.4493
 137        0.4493
 138        0.4561
 139        0.4663
 140        0.5761
 141        0.5761
 142        0.6739
 143        0.6739
 144        0.6871
 145        0.7485
 146        0.7658
 147        0.7658
 148        0.8746
 149        0.8799
 150        0.8799
 151        0.9038
 152        0.9056
 153        0.9499
 154        0.9515
 155        0.9515
 156        0.9816
 157        0.9816
 158        1.0715
 159        1.1008
 160        1.1008
 161        1.1016
 162        1.1016
 163        1.1116
 164        1.1550
 165        1.1550
 166        1.1551
 167        1.1551
 168        1.6552
 169        1.6552
 170        1.9778
 171        1.9975
 172        1.9975
 173        2.2937
 174        2.3656
 175        2.3656
 176        2.7758
 177        2.7858
 178        2.7858
 179        2.8555
 180        2.8555
 181        3.1925
 182        3.1925
 183        3.2363
 184        3.7563
 185        4.6587
 186        4.6587
 187        4.8007
 188        5.1622
 189        5.1622
 190        5.6651
 191        5.8102
 192        5.8102
 193        5.9533
 194        5.9533
 195        6.2222
 196        6.2222
 197        6.9222
 198        6.9223
 199        7.5227
 200        7.5229
 201        7.7867
 202        8.0278
 203        8.0311
 204        8.1294
 205        8.1334
 206        8.6166
 207        8.9049
 208        8.9659
 209        9.0446
 210        9.0682
 211        9.1546
 212        9.3552
 
  0.3125000E+00  0.6250000E-01  0.6250000E-01  0.4687500E-01
   1       -4.3273
   2       -3.5107
   3       -2.6133
   4       -2.6133
   5       -2.4051
   6       -2.3477
   7       -2.3477
   8       -2.3118
   9       -2.2858
  10       -2.2858
  11       -2.1595
  12       -2.1093
  13       -2.1093
  14       -2.0974
  15       -2.0935
  16       -2.0935
  17       -2.0467
  18       -1.9661
  19       -1.9359
  20       -1.9359
  21       -1.9274
  22       -1.9274
  23       -1.8636
  24       -1.8376
  25       -1.8376
  26       -1.7202
  27       -1.6902
  28       -1.6902
  29       -1.5178
  30       -1.5178
  31       -1.4612
  32       -1.4612
  33       -1.4242
  34       -1.4242
  35       -1.4207
  36       -1.4207
  37       -1.3776
  38       -1.3776
  39       -1.3625
  40       -1.3625
  41       -1.3049
  42       -1.3049
  43       -1.1824
  44       -1.1824
  45       -1.1297
  46       -1.1297
  47       -1.1234
  48       -1.1234
  49       -1.1089
  50       -1.1040
  51       -1.1040
  52       -1.0704
  53       -1.0704
  54       -0.9763
  55       -0.9763
  56       -0.9497
  57       -0.9497
  58       -0.9370
  59       -0.9370
  60       -0.9270
  61       -0.8882
  62       -0.8882
  63       -0.8326
  64       -0.8230
  65       -0.8230
  66       -0.8186
  67       -0.8132
  68       -0.8104
  69       -0.8104
  70       -0.8067
  71       -0.8067
  72       -0.7891
  73       -0.7891
  74       -0.7462
  75       -0.6899
  76       -0.6899
  77       -0.6750
  78       -0.6460
  79       -0.6460
  80       -0.6459
  81       -0.6444
  82       -0.6322
  83       -0.5043
  84       -0.5043
  85       -0.4998
  86       -0.4998
  87       -0.4084
  88       -0.4084
  89       -0.3965
  90       -0.3788
  91       -0.3505
  92       -0.3381
  93       -0.3206
  94       -0.3039
  95       -0.3011
  96       -0.3011
  97       -0.2419
  98       -0.2419
  99       -0.1197
 100       -0.0968
 101       -0.0968
 102       -0.0504
 103       -0.0504
 104        0.0286
 105        0.0286
 106        0.0567
 107        0.0567
 108        0.0745
 109        0.0745
 110        0.1060
 111        0.1060
 112        0.1155
 113        0.1155
 114        0.1275
 115        0.1806
 116        0.1806
 117        0.1931
 118        0.1931
 119        0.2213
 120        0.2213
 121        0.2278
 122        0.2278
 123        0.2527
 124        0.3502
 125        0.3607
 126        0.3607
 127        0.4000
 128        0.4071
 129        0.4071
 130        0.4303
 131        0.5040
 132        0.5253
 133        0.5253
 134        0.5309
 135        0.5426
 136        0.5426
 137        0.5579
 138        0.5579
 139        0.5697
 140        0.5802
 141        0.5802
 142        0.6405
 143        0.6880
 144        0.6880
 145        0.7120
 146        0.7120
 147        0.7615
 148        0.7924
 149        0.8158
 150        0.8158
 151        0.8202
 152        0.8481
 153        0.8481
 154        0.8656
 155        0.8882
 156        0.8882
 157        0.8946
 158        0.9673
 159        1.0011
 160        1.0011
 161        1.0020
 162        1.0020
 163        1.0273
 164        1.1548
 165        1.1548
 166        1.1549
 167        1.1549
 168        1.3673
 169        1.3673
 170        1.6750
 171        1.6750
 172        1.9790
 173        2.0988
 174        2.3997
 175        2.3997
 176        2.6815
 177        2.6815
 178        2.8407
 179        2.9022
 180        3.2040
 181        3.2964
 182        3.2964
 183        3.7024
 184        3.7024
 185        5.0086
 186        5.0086
 187        5.1911
 188        5.1911
 189        5.2431
 190        5.4637
 191        5.4637
 192        5.7588
 193        5.7588
 194        6.1498
 195        6.1498
 196        6.3163
 197        6.8691
 198        6.8694
 199        7.0528
 200        7.0529
 201        7.6439
 202        8.0661
 203        8.0714
 204        8.1737
 205        8.1892
 206        8.2627
 207        8.2971
 208        8.7221
 209        8.8080
 210        8.9035
 211        9.0398
 212        9.2553
 
  0.4375000E+00  0.6250000E-01  0.6250000E-01  0.4687500E-01
   1       -4.1156
   2       -3.8405
   3       -2.4712
   4       -2.4712
   5       -2.3167
   6       -2.2981
   7       -2.2981
   8       -2.2408
   9       -2.2408
  10       -2.1954
  11       -2.1893
  12       -2.1528
  13       -2.1528
  14       -2.1165
  15       -2.1018
  16       -2.1018
  17       -2.0851
  18       -2.0376
  19       -1.9962
  20       -1.9962
  21       -1.9791
  22       -1.9791
  23       -1.9019
  24       -1.8400
  25       -1.8400
  26       -1.8232
  27       -1.8232
  28       -1.8192
  29       -1.6857
  30       -1.6857
  31       -1.4281
  32       -1.4281
  33       -1.4122
  34       -1.4122
  35       -1.3569
  36       -1.3569
  37       -1.2959
  38       -1.2959
  39       -1.2756
  40       -1.2756
  41       -1.2659
  42       -1.2659
  43       -1.2541
  44       -1.2541
  45       -1.1933
  46       -1.1933
  47       -1.1600
  48       -1.1600
  49       -1.1451
  50       -1.1451
  51       -1.1079
  52       -1.1079
  53       -1.0504
  54       -1.0504
  55       -0.9956
  56       -0.9786
  57       -0.9786
  58       -0.9772
  59       -0.9772
  60       -0.8972
  61       -0.8923
  62       -0.8526
  63       -0.8517
  64       -0.8517
  65       -0.8183
  66       -0.8183
  67       -0.8172
  68       -0.8172
  69       -0.8147
  70       -0.8147
  71       -0.7921
  72       -0.7649
  73       -0.7473
  74       -0.7473
  75       -0.6620
  76       -0.6620
  77       -0.6408
  78       -0.6408
  79       -0.6038
  80       -0.5990
  81       -0.5990
  82       -0.5669
  83       -0.5669
  84       -0.5668
  85       -0.5661
  86       -0.5464
  87       -0.5096
  88       -0.4680
  89       -0.4680
  90       -0.4649
  91       -0.4634
  92       -0.4406
  93       -0.0676
  94       -0.0676
  95       -0.0574
  96       -0.0574
  97       -0.0531
  98       -0.0531
  99       -0.0507
 100       -0.0396
 101       -0.0167
 102        0.0499
 103        0.0782
 104        0.0782
 105        0.0820
 106        0.0820
 107        0.1020
 108        0.1020
 109        0.1098
 110        0.1098
 111        0.1314
 112        0.1314
 113        0.1611
 114        0.1611
 115        0.1759
 116        0.1759
 117        0.1821
 118        0.1821
 119        0.2187
 120        0.2187
 121        0.2574
 122        0.2574
 123        0.2663
 124        0.2663
 125        0.2687
 126        0.2914
 127        0.3071
 128        0.3230
 129        0.3230
 130        0.3410
 131        0.4081
 132        0.4081
 133        0.5570
 134        0.5570
 135        0.5763
 136        0.6203
 137        0.6656
 138        0.6656
 139        0.6674
 140        0.6970
 141        0.6974
 142        0.6974
 143        0.7089
 144        0.7163
 145        0.7163
 146        0.7249
 147        0.7249
 148        0.7898
 149        0.7898
 150        0.7923
 151        0.8083
 152        0.8175
 153        0.8375
 154        0.8688
 155        0.8688
 156        0.8703
 157        0.8703
 158        0.8750
 159        0.8750
 160        0.9259
 161        1.0953
 162        1.0953
 163        1.1067
 164        1.1067
 165        1.1547
 166        1.1547
 167        1.1548
 168        1.1548
 169        1.3462
 170        1.3745
 171        1.3745
 172        1.9871
 173        2.0159
 174        2.0759
 175        2.4573
 176        2.4573
 177        2.5477
 178        2.5477
 179        2.9400
 180        3.0700
 181        3.8808
 182        3.8808
 183        4.2696
 184        4.2696
 185        4.5239
 186        4.5239
 187        4.8727
 188        4.8727
 189        5.4424
 190        5.4424
 191        5.8744
 192        5.8744
 193        5.9359
 194        6.4844
 195        6.4844
 196        6.7514
 197        6.8183
 198        6.8184
 199        6.8313
 200        6.8314
 201        7.0558
 202        7.2965
 203        7.2972
 204        7.8766
 205        8.2168
 206        8.2313
 207        8.4376
 208        8.4493
 209        8.4745
 210        8.5696
 211        8.7562
 212        9.4491
 
  0.1875000E+00  0.1875000E+00  0.6250000E-01  0.4687500E-01
   1       -4.3991
   2       -3.0866
   3       -3.0866
   4       -2.6689
   5       -2.4626
   6       -2.4036
   7       -2.3484
   8       -2.3484
   9       -2.3415
  10       -2.1591
  11       -2.1537
  12       -2.1537
  13       -2.1515
  14       -2.1515
  15       -2.1403
  16       -2.0234
  17       -2.0234
  18       -1.9754
  19       -1.9754
  20       -1.9567
  21       -1.8409
  22       -1.8409
  23       -1.6355
  24       -1.6355
  25       -1.6169
  26       -1.6169
  27       -1.5827
  28       -1.5827
  29       -1.5591
  30       -1.5591
  31       -1.5322
  32       -1.5231
  33       -1.5231
  34       -1.5091
  35       -1.5091
  36       -1.4335
  37       -1.4209
  38       -1.4209
  39       -1.3149
  40       -1.3109
  41       -1.3109
  42       -1.2887
  43       -1.2887
  44       -1.2171
  45       -1.2171
  46       -1.1433
  47       -1.1433
  48       -1.1111
  49       -1.1111
  50       -1.0706
  51       -0.9946
  52       -0.9946
  53       -0.9873
  54       -0.9873
  55       -0.9440
  56       -0.9440
  57       -0.9395
  58       -0.9395
  59       -0.9300
  60       -0.9300
  61       -0.8999
  62       -0.8308
  63       -0.8308
  64       -0.8072
  65       -0.8072
  66       -0.7756
  67       -0.7708
  68       -0.7535
  69       -0.7535
  70       -0.7357
  71       -0.7302
  72       -0.7018
  73       -0.6887
  74       -0.6887
  75       -0.6874
  76       -0.6747
  77       -0.6739
  78       -0.6542
  79       -0.6542
  80       -0.6526
  81       -0.6526
  82       -0.6197
  83       -0.6197
  84       -0.6196
  85       -0.5776
  86       -0.5776
  87       -0.5559
  88       -0.5559
  89       -0.4459
  90       -0.4170
  91       -0.3800
  92       -0.3800
  93       -0.2703
  94       -0.2703
  95       -0.2002
  96       -0.2002
  97       -0.1904
  98       -0.1779
  99       -0.1779
 100       -0.1719
 101       -0.1719
 102       -0.1244
 103       -0.1244
 104       -0.1101
 105       -0.1026
 106       -0.1026
 107       -0.0138
 108       -0.0138
 109       -0.0043
 110        0.0002
 111        0.0374
 112        0.0818
 113        0.0818
 114        0.1764
 115        0.1975
 116        0.1975
 117        0.2206
 118        0.2364
 119        0.2364
 120        0.2602
 121        0.2659
 122        0.2659
 123        0.2967
 124        0.2967
 125        0.3029
 126        0.3029
 127        0.3741
 128        0.3741
 129        0.3870
 130        0.3870
 131        0.4897
 132        0.4897
 133        0.5079
 134        0.5114
 135        0.5114
 136        0.5223
 137        0.5377
 138        0.5377
 139        0.5659
 140        0.5659
 141        0.5892
 142        0.5980
 143        0.5980
 144        0.6269
 145        0.6810
 146        0.7673
 147        0.8102
 148        0.8102
 149        0.8307
 150        0.8307
 151        0.8426
 152        0.8728
 153        0.9218
 154        0.9504
 155        0.9504
 156        0.9600
 157        0.9600
 158        0.9674
 159        1.0578
 160        1.0578
 161        1.1004
 162        1.1004
 163        1.1025
 164        1.1025
 165        1.1106
 166        1.1106
 167        1.1264
 168        1.3654
 169        1.6450
 170        1.6450
 171        1.8580
 172        2.0026
 173        2.0026
 174        2.4112
 175        2.4112
 176        2.5040
 177        2.8235
 178        2.8235
 179        3.2448
 180        3.2448
 181        3.4367
 182        3.4367
 183        3.6412
 184        3.9428
 185        3.9428
 186        4.8086
 187        4.8086
 188        4.8443
 189        5.6136
 190        5.6136
 191        5.7041
 192        5.7268
 193        5.7268
 194        6.0581
 195        6.0581
 196        6.2629
 197        6.8853
 198        7.5474
 199        7.5486
 200        7.5828
 201        7.5837
 202        7.7633
 203        7.7646
 204        7.9332
 205        7.9362
 206        8.1244
 207        8.1328
 208        8.6106
 209        8.6249
 210        8.8300
 211        9.3311
 212        9.5536
 
  0.3125000E+00  0.1875000E+00  0.6250000E-01  0.9375000E-01
   1       -4.2574
   2       -3.4506
   3       -2.9777
   4       -2.5835
   5       -2.4325
   6       -2.3980
   7       -2.3523
   8       -2.2670
   9       -2.2615
  10       -2.2450
  11       -2.1720
  12       -2.1541
  13       -2.1164
  14       -2.0735
  15       -2.0720
  16       -2.0568
  17       -2.0491
  18       -2.0035
  19       -1.9413
  20       -1.9325
  21       -1.9065
  22       -1.8770
  23       -1.8212
  24       -1.7843
  25       -1.7075
  26       -1.6920
  27       -1.6629
  28       -1.6164
  29       -1.5663
  30       -1.5566
  31       -1.5501
  32       -1.5322
  33       -1.5196
  34       -1.5025
  35       -1.4640
  36       -1.4570
  37       -1.4041
  38       -1.3711
  39       -1.3646
  40       -1.3639
  41       -1.2905
  42       -1.2631
  43       -1.2351
  44       -1.2269
  45       -1.2083
  46       -1.1893
  47       -1.1884
  48       -1.1209
  49       -1.0978
  50       -1.0856
  51       -1.0818
  52       -1.0652
  53       -1.0477
  54       -1.0165
  55       -0.9957
  56       -0.9817
  57       -0.9646
  58       -0.9482
  59       -0.9043
  60       -0.8548
  61       -0.8544
  62       -0.8444
  63       -0.8250
  64       -0.8206
  65       -0.8009
  66       -0.7990
  67       -0.7821
  68       -0.7741
  69       -0.7409
  70       -0.7370
  71       -0.7279
  72       -0.6823
  73       -0.6818
  74       -0.6630
  75       -0.6422
  76       -0.6264
  77       -0.6241
  78       -0.6201
  79       -0.5922
  80       -0.5874
  81       -0.5827
  82       -0.5686
  83       -0.5563
  84       -0.5348
  85       -0.5308
  86       -0.5045
  87       -0.4685
  88       -0.4510
  89       -0.4014
  90       -0.3999
  91       -0.3814
  92       -0.3448
  93       -0.3417
  94       -0.3274
  95       -0.2915
  96       -0.2575
  97       -0.2404
  98       -0.2382
  99       -0.2169
 100       -0.2036
 101       -0.1885
 102       -0.1529
 103       -0.1278
 104       -0.0622
 105       -0.0402
 106       -0.0276
 107       -0.0166
 108        0.0081
 109        0.0437
 110        0.0765
 111        0.0800
 112        0.1303
 113        0.1704
 114        0.1757
 115        0.1928
 116        0.2001
 117        0.2439
 118        0.2462
 119        0.2476
 120        0.2900
 121        0.3216
 122        0.3430
 123        0.3852
 124        0.3912
 125        0.3944
 126        0.3947
 127        0.3956
 128        0.3984
 129        0.4077
 130        0.4119
 131        0.4342
 132        0.4801
 133        0.5298
 134        0.5388
 135        0.5463
 136        0.5524
 137        0.5629
 138        0.5654
 139        0.6079
 140        0.6231
 141        0.6434
 142        0.6435
 143        0.6496
 144        0.6518
 145        0.6551
 146        0.6715
 147        0.7268
 148        0.7436
 149        0.7709
 150        0.8292
 151        0.8371
 152        0.8480
 153        0.8892
 154        0.9288
 155        0.9296
 156        0.9333
 157        0.9792
 158        0.9800
 159        1.0019
 160        1.0041
 161        1.0324
 162        1.0842
 163        1.1004
 164        1.1035
 165        1.1062
 166        1.1083
 167        1.1105
 168        1.1130
 169        1.3517
 170        1.6260
 171        1.6382
 172        1.6737
 173        2.0164
 174        2.0586
 175        2.2581
 176        2.9005
 177        2.9107
 178        3.1010
 179        3.3492
 180        3.3513
 181        3.3580
 182        3.7706
 183        3.7762
 184        4.1362
 185        4.2562
 186        4.8498
 187        4.8842
 188        5.1723
 189        5.2399
 190        5.2710
 191        5.3447
 192        5.4489
 193        5.7041
 194        6.0990
 195        6.3570
 196        6.8213
 197        6.9393
 198        7.0616
 199        7.1710
 200        7.2547
 201        7.4471
 202        7.6547
 203        7.6705
 204        7.7270
 205        7.7431
 206        7.7739
 207        8.1734
 208        8.3361
 209        8.4078
 210        8.8140
 211        8.8925
 212        9.5296
 
  0.4375000E+00  0.1875000E+00  0.6250000E-01  0.9375000E-01
   1       -4.0482
   2       -3.7764
   3       -2.8206
   4       -2.6235
   5       -2.4645
   6       -2.3690
   7       -2.3230
   8       -2.2743
   9       -2.2669
  10       -2.1667
  11       -2.1493
  12       -2.1425
  13       -2.1127
  14       -2.0720
  15       -2.0534
  16       -2.0387
  17       -1.9941
  18       -1.9764
  19       -1.9563
  20       -1.9562
  21       -1.9242
  22       -1.8696
  23       -1.8523
  24       -1.8155
  25       -1.8035
  26       -1.7886
  27       -1.7686
  28       -1.7618
  29       -1.6677
  30       -1.6182
  31       -1.5712
  32       -1.5691
  33       -1.4828
  34       -1.4567
  35       -1.4251
  36       -1.4079
  37       -1.3864
  38       -1.3568
  39       -1.3274
  40       -1.3121
  41       -1.2767
  42       -1.2694
  43       -1.2585
  44       -1.1989
  45       -1.1872
  46       -1.1817
  47       -1.1799
  48       -1.1531
  49       -1.1528
  50       -1.1414
  51       -1.1205
  52       -1.1156
  53       -1.0925
  54       -1.0422
  55       -1.0147
  56       -0.9883
  57       -0.9491
  58       -0.9274
  59       -0.9038
  60       -0.8940
  61       -0.8859
  62       -0.8777
  63       -0.8223
  64       -0.8085
  65       -0.7994
  66       -0.7806
  67       -0.7795
  68       -0.7523
  69       -0.7488
  70       -0.7338
  71       -0.7192
  72       -0.6682
  73       -0.6652
  74       -0.6533
  75       -0.6295
  76       -0.6102
  77       -0.6064
  78       -0.6012
  79       -0.5919
  80       -0.5725
  81       -0.5662
  82       -0.5577
  83       -0.5514
  84       -0.5336
  85       -0.5172
  86       -0.4983
  87       -0.4890
  88       -0.4746
  89       -0.4680
  90       -0.4646
  91       -0.3990
  92       -0.3784
  93       -0.2108
  94       -0.2027
  95       -0.1979
  96       -0.1949
  97       -0.1832
  98       -0.1699
  99       -0.1221
 100       -0.0890
 101       -0.0776
 102       -0.0542
 103       -0.0162
 104       -0.0142
 105       -0.0070
 106        0.0378
 107        0.0538
 108        0.0599
 109        0.0627
 110        0.1017
 111        0.1036
 112        0.1321
 113        0.1364
 114        0.1536
 115        0.1642
 116        0.1660
 117        0.1883
 118        0.2117
 119        0.2356
 120        0.2710
 121        0.2839
 122        0.2869
 123        0.2895
 124        0.3057
 125        0.3228
 126        0.3350
 127        0.3437
 128        0.3471
 129        0.3639
 130        0.4340
 131        0.4642
 132        0.4924
 133        0.5236
 134        0.5328
 135        0.5599
 136        0.5658
 137        0.5832
 138        0.6473
 139        0.6644
 140        0.6972
 141        0.7019
 142        0.7132
 143        0.7167
 144        0.7210
 145        0.7454
 146        0.7667
 147        0.7671
 148        0.7678
 149        0.7686
 150        0.7890
 151        0.8336
 152        0.8510
 153        0.8541
 154        0.8628
 155        0.8669
 156        0.8711
 157        0.8772
 158        0.8789
 159        0.8798
 160        0.8907
 161        0.9420
 162        1.0851
 163        1.0881
 164        1.1014
 165        1.1040
 166        1.1048
 167        1.1063
 168        1.3691
 169        1.3950
 170        1.5905
 171        1.6028
 172        1.6221
 173        1.7209
 174        2.0483
 175        2.1178
 176        2.3055
 177        3.0190
 178        3.1770
 179        3.4987
 180        3.5021
 181        3.6828
 182        3.9623
 183        4.1644
 184        4.3579
 185        4.6099
 186        4.6290
 187        4.6693
 188        4.9486
 189        5.0066
 190        5.2119
 191        5.4487
 192        5.5772
 193        5.9491
 194        5.9718
 195        6.2665
 196        6.7580
 197        6.7806
 198        6.7861
 199        7.0946
 200        7.2432
 201        7.4368
 202        7.5626
 203        7.6880
 204        7.6959
 205        7.7005
 206        7.8210
 207        7.8575
 208        7.9081
 209        8.1166
 210        8.5553
 211        8.7907
 212        9.2427
 
  0.3125000E+00  0.3125000E+00  0.6250000E-01  0.4687500E-01
   1       -4.1189
   2       -3.3322
   3       -3.3322
   4       -2.6806
   5       -2.5270
   6       -2.4297
   7       -2.3254
   8       -2.2585
   9       -2.2585
  10       -2.2320
  11       -2.1484
  12       -2.1484
  13       -2.0678
  14       -2.0678
  15       -2.0329
  16       -2.0329
  17       -2.0281
  18       -1.9556
  19       -1.9556
  20       -1.8652
  21       -1.8652
  22       -1.7843
  23       -1.7178
  24       -1.7178
  25       -1.7023
  26       -1.7023
  27       -1.6960
  28       -1.6960
  29       -1.6355
  30       -1.6355
  31       -1.6310
  32       -1.6127
  33       -1.6127
  34       -1.5001
  35       -1.5001
  36       -1.4714
  37       -1.4714
  38       -1.3927
  39       -1.3927
  40       -1.3615
  41       -1.3615
  42       -1.2882
  43       -1.2882
  44       -1.2729
  45       -1.2539
  46       -1.2539
  47       -1.1798
  48       -1.0790
  49       -1.0790
  50       -1.0576
  51       -1.0547
  52       -1.0547
  53       -1.0525
  54       -1.0525
  55       -1.0123
  56       -0.9158
  57       -0.9158
  58       -0.9053
  59       -0.9053
  60       -0.8432
  61       -0.8157
  62       -0.8157
  63       -0.7997
  64       -0.7997
  65       -0.7829
  66       -0.7452
  67       -0.7452
  68       -0.7223
  69       -0.7094
  70       -0.7094
  71       -0.6400
  72       -0.6400
  73       -0.6224
  74       -0.6162
  75       -0.5993
  76       -0.5904
  77       -0.5782
  78       -0.5761
  79       -0.5509
  80       -0.5372
  81       -0.5106
  82       -0.5106
  83       -0.5044
  84       -0.5044
  85       -0.4687
  86       -0.4687
  87       -0.4531
  88       -0.4531
  89       -0.4120
  90       -0.4120
  91       -0.3636
  92       -0.3636
  93       -0.3414
  94       -0.3414
  95       -0.2919
  96       -0.2919
  97       -0.2680
  98       -0.2680
  99       -0.2532
 100       -0.2351
 101       -0.2043
 102       -0.2043
 103       -0.1478
 104       -0.1478
 105       -0.1199
 106       -0.1199
 107       -0.1176
 108       -0.0822
 109       -0.0169
 110       -0.0169
 111        0.1118
 112        0.1357
 113        0.1357
 114        0.1467
 115        0.1503
 116        0.2052
 117        0.2052
 118        0.2532
 119        0.2630
 120        0.3032
 121        0.3032
 122        0.3572
 123        0.3572
 124        0.4271
 125        0.4271
 126        0.4560
 127        0.4560
 128        0.4575
 129        0.4575
 130        0.4583
 131        0.4583
 132        0.4652
 133        0.4652
 134        0.4965
 135        0.5173
 136        0.5632
 137        0.5632
 138        0.5924
 139        0.5924
 140        0.6633
 141        0.6903
 142        0.6976
 143        0.7005
 144        0.7005
 145        0.7472
 146        0.7472
 147        0.7491
 148        0.7491
 149        0.7662
 150        0.8210
 151        0.8210
 152        0.8329
 153        0.8733
 154        0.8958
 155        0.9364
 156        0.9364
 157        0.9412
 158        0.9412
 159        0.9449
 160        1.0055
 161        1.0055
 162        1.0071
 163        1.0071
 164        1.0246
 165        1.0246
 166        1.0620
 167        1.3224
 168        1.3224
 169        1.3497
 170        1.4530
 171        1.4530
 172        1.6768
 173        1.6768
 174        1.9553
 175        2.5376
 176        2.5376
 177        3.4202
 178        3.4202
 179        3.4809
 180        3.4809
 181        3.9222
 182        3.9222
 183        4.0698
 184        4.0698
 185        4.5428
 186        4.5428
 187        4.5986
 188        4.8755
 189        4.8755
 190        5.2688
 191        5.2688
 192        5.4616
 193        5.9011
 194        5.9011
 195        6.7335
 196        6.7336
 197        6.7379
 198        6.7714
 199        6.7714
 200        7.0282
 201        7.1691
 202        7.1692
 203        7.2354
 204        7.2361
 205        7.6258
 206        8.0758
 207        8.4173
 208        8.4624
 209        8.8279
 210        8.9110
 211        9.1947
 212        9.3390
 
  0.4375000E+00  0.3125000E+00  0.6250000E-01  0.9375000E-01
   1       -3.9147
   2       -3.6495
   3       -3.1595
   4       -2.9390
   5       -2.4497
   6       -2.3975
   7       -2.3583
   8       -2.3384
   9       -2.2676
  10       -2.1845
  11       -2.1804
  12       -2.1288
  13       -2.0237
  14       -2.0119
  15       -1.9858
  16       -1.9536
  17       -1.9488
  18       -1.9147
  19       -1.8736
  20       -1.8575
  21       -1.8494
  22       -1.8235
  23       -1.8048
  24       -1.7706
  25       -1.7645
  26       -1.7273
  27       -1.7104
  28       -1.6820
  29       -1.6651
  30       -1.6591
  31       -1.6316
  32       -1.5979
  33       -1.5815
  34       -1.5505
  35       -1.5501
  36       -1.5129
  37       -1.4990
  38       -1.4922
  39       -1.4662
  40       -1.4346
  41       -1.4227
  42       -1.3562
  43       -1.2462
  44       -1.2268
  45       -1.2055
  46       -1.1472
  47       -1.1312
  48       -1.1297
  49       -1.1234
  50       -1.0597
  51       -1.0575
  52       -1.0498
  53       -1.0187
  54       -1.0115
  55       -0.9797
  56       -0.9660
  57       -0.9596
  58       -0.9505
  59       -0.9089
  60       -0.8983
  61       -0.8037
  62       -0.7942
  63       -0.7869
  64       -0.7514
  65       -0.7253
  66       -0.7186
  67       -0.7091
  68       -0.6778
  69       -0.6710
  70       -0.6425
  71       -0.6368
  72       -0.6318
  73       -0.6000
  74       -0.5758
  75       -0.5652
  76       -0.5540
  77       -0.5401
  78       -0.5137
  79       -0.5083
  80       -0.5044
  81       -0.4998
  82       -0.4981
  83       -0.4910
  84       -0.4857
  85       -0.4697
  86       -0.4600
  87       -0.4365
  88       -0.4053
  89       -0.4009
  90       -0.3742
  91       -0.3576
  92       -0.3499
  93       -0.3336
  94       -0.3323
  95       -0.3313
  96       -0.3028
  97       -0.2923
  98       -0.2872
  99       -0.2330
 100       -0.1928
 101       -0.1890
 102       -0.1855
 103       -0.1698
 104       -0.1384
 105       -0.0659
 106       -0.0562
 107       -0.0462
 108       -0.0198
 109       -0.0193
 110       -0.0087
 111       -0.0082
 112        0.0036
 113        0.0106
 114        0.0353
 115        0.0529
 116        0.0608
 117        0.0692
 118        0.1448
 119        0.2300
 120        0.2630
 121        0.2642
 122        0.2982
 123        0.3032
 124        0.3687
 125        0.3874
 126        0.4018
 127        0.4388
 128        0.4527
 129        0.4841
 130        0.4842
 131        0.5396
 132        0.5587
 133        0.5941
 134        0.5994
 135        0.6017
 136        0.6097
 137        0.6271
 138        0.6451
 139        0.6610
 140        0.7095
 141        0.7242
 142        0.7251
 143        0.7271
 144        0.7527
 145        0.7621
 146        0.7787
 147        0.7822
 148        0.8136
 149        0.8194
 150        0.8266
 151        0.8306
 152        0.8355
 153        0.8414
 154        0.8766
 155        0.8894
 156        0.8903
 157        0.8923
 158        0.8923
 159        0.9015
 160        0.9063
 161        0.9231
 162        1.0112
 163        1.0140
 164        1.0168
 165        1.0308
 166        1.0530
 167        1.0826
 168        1.2648
 169        1.2853
 170        1.3680
 171        1.7001
 172        1.7777
 173        1.8096
 174        1.9781
 175        2.1714
 176        2.6447
 177        3.1182
 178        3.6622
 179        3.7911
 180        3.7925
 181        3.8891
 182        4.1220
 183        4.1349
 184        4.1735
 185        4.3786
 186        4.5298
 187        4.7695
 188        5.0227
 189        5.0584
 190        5.0771
 191        5.5209
 192        5.5345
 193        5.7968
 194        5.8506
 195        5.9840
 196        6.3417
 197        6.3793
 198        6.4705
 199        6.6659
 200        6.6663
 201        6.7761
 202        6.8838
 203        7.4105
 204        7.7337
 205        7.7672
 206        8.3909
 207        8.5270
 208        8.5779
 209        8.7212
 210        9.0189
 211        9.1732
 212        9.2513
 
  0.4375000E+00  0.4375000E+00  0.6250000E-01  0.4687500E-01
   1       -3.7180
   2       -3.4634
   3       -3.4634
   4       -3.2236
   5       -2.4249
   6       -2.4031
   7       -2.3883
   8       -2.3883
   9       -2.2433
  10       -2.1961
  11       -2.1956
  12       -2.1956
  13       -1.9027
  14       -1.8882
  15       -1.8882
  16       -1.8637
  17       -1.8637
  18       -1.8216
  19       -1.8216
  20       -1.8216
  21       -1.8216
  22       -1.7661
  23       -1.7437
  24       -1.7437
  25       -1.7421
  26       -1.7421
  27       -1.7150
  28       -1.7150
  29       -1.7074
  30       -1.7074
  31       -1.6674
  32       -1.6674
  33       -1.6347
  34       -1.6347
  35       -1.6110
  36       -1.6110
  37       -1.5781
  38       -1.5781
  39       -1.5293
  40       -1.5100
  41       -1.5100
  42       -1.3854
  43       -1.3854
  44       -1.2489
  45       -1.1656
  46       -1.1656
  47       -1.0946
  48       -1.0946
  49       -1.0937
  50       -1.0937
  51       -1.0320
  52       -1.0320
  53       -1.0033
  54       -0.9810
  55       -0.9810
  56       -0.9350
  57       -0.9253
  58       -0.8747
  59       -0.7759
  60       -0.7727
  61       -0.7727
  62       -0.7102
  63       -0.7084
  64       -0.7084
  65       -0.7058
  66       -0.6846
  67       -0.6846
  68       -0.6597
  69       -0.6354
  70       -0.6354
  71       -0.5487
  72       -0.5487
  73       -0.5150
  74       -0.5135
  75       -0.5095
  76       -0.4941
  77       -0.4912
  78       -0.4912
  79       -0.4822
  80       -0.4822
  81       -0.4421
  82       -0.4377
  83       -0.4377
  84       -0.4319
  85       -0.4319
  86       -0.4144
  87       -0.3861
  88       -0.3756
  89       -0.3756
  90       -0.3751
  91       -0.3620
  92       -0.3559
  93       -0.3559
  94       -0.3507
  95       -0.3507
  96       -0.3313
  97       -0.3313
  98       -0.2945
  99       -0.2945
 100       -0.2842
 101       -0.2670
 102       -0.2670
 103       -0.2575
 104       -0.1693
 105       -0.1693
 106       -0.1646
 107       -0.1646
 108       -0.1505
 109       -0.1505
 110       -0.1114
 111       -0.1114
 112       -0.0519
 113       -0.0519
 114       -0.0477
 115       -0.0477
 116       -0.0421
 117       -0.0082
 118       -0.0082
 119        0.0327
 120        0.1015
 121        0.3244
 122        0.3497
 123        0.4128
 124        0.4128
 125        0.4400
 126        0.4400
 127        0.5085
 128        0.5085
 129        0.5158
 130        0.5577
 131        0.5792
 132        0.5792
 133        0.5850
 134        0.5850
 135        0.6818
 136        0.6818
 137        0.6831
 138        0.6831
 139        0.7404
 140        0.7439
 141        0.7439
 142        0.7770
 143        0.7770
 144        0.7792
 145        0.8119
 146        0.8250
 147        0.8250
 148        0.8400
 149        0.8427
 150        0.8780
 151        0.8780
 152        0.8819
 153        0.8819
 154        0.8859
 155        0.8859
 156        0.8949
 157        0.8949
 158        0.9011
 159        0.9011
 160        0.9031
 161        0.9078
 162        0.9078
 163        0.9199
 164        0.9199
 165        0.9655
 166        1.0123
 167        1.0123
 168        1.0439
 169        1.1720
 170        1.4027
 171        1.4027
 172        1.5323
 173        2.3548
 174        2.3548
 175        2.7367
 176        2.7367
 177        3.0225
 178        3.0225
 179        3.4097
 180        3.4097
 181        4.3551
 182        4.3551
 183        4.6555
 184        4.6555
 185        4.7717
 186        4.7717
 187        4.9519
 188        4.9519
 189        5.1521
 190        5.1521
 191        5.4740
 192        5.5663
 193        5.5663
 194        5.8103
 195        5.8103
 196        5.8704
 197        5.8704
 198        5.9381
 199        5.9891
 200        5.9891
 201        6.6803
 202        6.9733
 203        6.9733
 204        7.3273
 205        8.5111
 206        9.0036
 207        9.1499
 208        9.1667
 209        9.2532
 210        9.2868
 211        9.4174
 212        9.4998
 
  0.1875000E+00  0.1875000E+00  0.1875000E+00  0.1562500E-01
   1       -4.3286
   2       -3.0358
   3       -3.0358
   4       -3.0358
   5       -2.4906
   6       -2.3149
   7       -2.3149
   8       -2.3149
   9       -2.2218
  10       -2.2218
  11       -2.2218
  12       -2.1198
  13       -2.1198
  14       -2.1198
  15       -2.1150
  16       -2.1150
  17       -2.1150
  18       -1.9348
  19       -1.9348
  20       -1.9348
  21       -1.6823
  22       -1.6823
  23       -1.6823
  24       -1.6823
  25       -1.6823
  26       -1.6823
  27       -1.6119
  28       -1.6119
  29       -1.6119
  30       -1.5474
  31       -1.5474
  32       -1.5474
  33       -1.5357
  34       -1.5357
  35       -1.5357
  36       -1.5357
  37       -1.5357
  38       -1.5357
  39       -1.2810
  40       -1.2810
  41       -1.2810
  42       -1.2810
  43       -1.2810
  44       -1.2810
  45       -1.1959
  46       -1.1959
  47       -1.1959
  48       -0.9827
  49       -0.9827
  50       -0.9827
  51       -0.9703
  52       -0.9703
  53       -0.9703
  54       -0.9703
  55       -0.9703
  56       -0.9703
  57       -0.9405
  58       -0.9405
  59       -0.9405
  60       -0.8562
  61       -0.8562
  62       -0.8562
  63       -0.8562
  64       -0.8562
  65       -0.8562
  66       -0.8211
  67       -0.8211
  68       -0.8211
  69       -0.7836
  70       -0.7017
  71       -0.7017
  72       -0.6656
  73       -0.6656
  74       -0.6215
  75       -0.6215
  76       -0.6215
  77       -0.6103
  78       -0.6103
  79       -0.6103
  80       -0.6103
  81       -0.6103
  82       -0.6103
  83       -0.5970
  84       -0.5970
  85       -0.5970
  86       -0.5448
  87       -0.5448
  88       -0.5448
  89       -0.4241
  90       -0.4241
  91       -0.4241
  92       -0.3195
  93       -0.3195
  94       -0.3195
  95       -0.2818
  96       -0.2818
  97       -0.2818
  98       -0.2465
  99       -0.2465
 100       -0.2465
 101       -0.0850
 102       -0.0850
 103       -0.0850
 104       -0.0495
 105       -0.0495
 106       -0.0495
 107       -0.0495
 108       -0.0495
 109       -0.0495
 110        0.0830
 111        0.0830
 112        0.0830
 113        0.1449
 114        0.1449
 115        0.1449
 116        0.1911
 117        0.1911
 118        0.1911
 119        0.1939
 120        0.1939
 121        0.2772
 122        0.2772
 123        0.2772
 124        0.2772
 125        0.2772
 126        0.2772
 127        0.4619
 128        0.4619
 129        0.4619
 130        0.4998
 131        0.4998
 132        0.4998
 133        0.5248
 134        0.5248
 135        0.5248
 136        0.5248
 137        0.5248
 138        0.5248
 139        0.6015
 140        0.6015
 141        0.6015
 142        0.7721
 143        0.7721
 144        0.7721
 145        0.8039
 146        0.8039
 147        0.8039
 148        0.8049
 149        0.8049
 150        0.8049
 151        0.8310
 152        0.8310
 153        0.8310
 154        0.8437
 155        0.8437
 156        0.9781
 157        0.9781
 158        0.9781
 159        1.0595
 160        1.0595
 161        1.0595
 162        1.0595
 163        1.0595
 164        1.0595
 165        1.1052
 166        1.1052
 167        1.1052
 168        1.3163
 169        1.3474
 170        1.3474
 171        1.3474
 172        2.4391
 173        2.4391
 174        2.4391
 175        2.4391
 176        2.4391
 177        2.4391
 178        3.2102
 179        3.2102
 180        3.2102
 181        3.7116
 182        3.7116
 183        3.7116
 184        4.1116
 185        4.1116
 186        4.1116
 187        5.2195
 188        5.2195
 189        5.2195
 190        5.6203
 191        5.6203
 192        5.6203
 193        5.6203
 194        5.6203
 195        5.6203
 196        6.8892
 197        7.5409
 198        7.5409
 199        7.5410
 200        7.5411
 201        7.5412
 202        7.5458
 203        7.7126
 204        7.7137
 205        7.7179
 206        7.7286
 207        7.7289
 208        7.7366
 209        9.1322
 210        9.1411
 211        9.2066
 212        9.5189
 
  0.3125000E+00  0.1875000E+00  0.1875000E+00  0.4687500E-01
   1       -4.1887
   2       -3.3938
   3       -2.9371
   4       -2.9371
   5       -2.4872
   6       -2.4255
   7       -2.4255
   8       -2.3097
   9       -2.2484
  10       -2.2484
  11       -2.1991
  12       -2.0829
  13       -2.0535
  14       -2.0535
  15       -2.0467
  16       -2.0467
  17       -2.0145
  18       -1.8917
  19       -1.8622
  20       -1.8622
  21       -1.8550
  22       -1.8550
  23       -1.7594
  24       -1.7594
  25       -1.7481
  26       -1.6882
  27       -1.6882
  28       -1.6533
  29       -1.6072
  30       -1.6072
  31       -1.5578
  32       -1.5578
  33       -1.5561
  34       -1.5561
  35       -1.4973
  36       -1.4973
  37       -1.4757
  38       -1.4757
  39       -1.4378
  40       -1.4378
  41       -1.2633
  42       -1.2633
  43       -1.2258
  44       -1.2258
  45       -1.1551
  46       -1.1551
  47       -1.0814
  48       -1.0531
  49       -1.0531
  50       -1.0460
  51       -1.0460
  52       -1.0113
  53       -1.0113
  54       -1.0015
  55       -0.9769
  56       -0.9769
  57       -0.9339
  58       -0.9339
  59       -0.8927
  60       -0.8927
  61       -0.8925
  62       -0.8925
  63       -0.8770
  64       -0.8445
  65       -0.8445
  66       -0.8205
  67       -0.7730
  68       -0.6985
  69       -0.6985
  70       -0.6860
  71       -0.6744
  72       -0.6282
  73       -0.6222
  74       -0.6119
  75       -0.6119
  76       -0.5950
  77       -0.5950
  78       -0.5865
  79       -0.5865
  80       -0.5605
  81       -0.5605
  82       -0.5519
  83       -0.5519
  84       -0.5440
  85       -0.4977
  86       -0.4885
  87       -0.4885
  88       -0.4468
  89       -0.4468
  90       -0.4401
  91       -0.4239
  92       -0.3682
  93       -0.3349
  94       -0.3342
  95       -0.3342
  96       -0.3213
  97       -0.3213
  98       -0.2757
  99       -0.2757
 100       -0.2052
 101       -0.1868
 102       -0.1868
 103       -0.0434
 104       -0.0038
 105       -0.0038
 106       -0.0010
 107        0.0046
 108        0.0046
 109        0.0748
 110        0.0748
 111        0.1188
 112        0.1188
 113        0.1297
 114        0.1297
 115        0.1436
 116        0.1603
 117        0.1603
 118        0.2281
 119        0.2358
 120        0.2358
 121        0.2472
 122        0.2472
 123        0.2797
 124        0.2798
 125        0.2798
 126        0.3043
 127        0.3448
 128        0.4028
 129        0.4028
 130        0.4162
 131        0.5528
 132        0.5528
 133        0.5626
 134        0.5626
 135        0.5693
 136        0.5693
 137        0.6011
 138        0.6643
 139        0.6643
 140        0.6715
 141        0.6767
 142        0.6767
 143        0.6901
 144        0.6901
 145        0.7088
 146        0.7287
 147        0.7371
 148        0.7460
 149        0.7460
 150        0.7469
 151        0.7469
 152        0.8590
 153        0.9539
 154        0.9674
 155        0.9674
 156        0.9839
 157        0.9839
 158        0.9861
 159        0.9861
 160        1.0633
 161        1.0633
 162        1.0648
 163        1.0919
 164        1.0919
 165        1.0927
 166        1.0927
 167        1.1079
 168        1.1079
 169        1.1357
 170        1.2551
 171        1.3114
 172        2.0813
 173        2.0813
 174        2.4990
 175        2.4990
 176        2.9561
 177        2.9561
 178        2.9647
 179        2.9647
 180        3.2742
 181        3.8509
 182        3.9371
 183        4.2233
 184        4.2233
 185        4.4006
 186        4.4006
 187        4.8431
 188        4.9602
 189        4.9602
 190        5.4054
 191        5.4054
 192        5.5441
 193        5.5441
 194        5.8338
 195        5.8338
 196        6.7340
 197        7.1294
 198        7.1298
 199        7.3640
 200        7.3659
 201        7.5128
 202        7.5133
 203        7.5794
 204        7.6666
 205        7.6673
 206        7.6716
 207        7.6734
 208        8.2313
 209        8.2470
 210        8.6792
 211        8.8100
 212        9.7647
 
  0.4375000E+00  0.1875000E+00  0.1875000E+00  0.4687500E-01
   1       -3.9824
   2       -3.7145
   3       -2.7960
   4       -2.7960
   5       -2.6215
   6       -2.6215
   7       -2.4534
   8       -2.3920
   9       -2.1496
  10       -2.1496
  11       -2.0603
  12       -2.0389
  13       -2.0200
  14       -2.0200
  15       -2.0054
  16       -1.9571
  17       -1.9571
  18       -1.9560
  19       -1.9560
  20       -1.9056
  21       -1.8555
  22       -1.8555
  23       -1.8335
  24       -1.8335
  25       -1.8287
  26       -1.7481
  27       -1.7395
  28       -1.7395
  29       -1.5962
  30       -1.5962
  31       -1.5961
  32       -1.5961
  33       -1.5780
  34       -1.5780
  35       -1.4826
  36       -1.4826
  37       -1.4675
  38       -1.4675
  39       -1.3661
  40       -1.3661
  41       -1.2255
  42       -1.2255
  43       -1.2200
  44       -1.2200
  45       -1.1529
  46       -1.1529
  47       -1.1527
  48       -1.1527
  49       -1.0987
  50       -1.0987
  51       -1.0747
  52       -1.0747
  53       -1.0347
  54       -1.0347
  55       -0.9780
  56       -0.9768
  57       -0.9322
  58       -0.9042
  59       -0.9042
  60       -0.8876
  61       -0.8734
  62       -0.8734
  63       -0.8636
  64       -0.8636
  65       -0.7922
  66       -0.7922
  67       -0.7741
  68       -0.7741
  69       -0.7010
  70       -0.6840
  71       -0.6206
  72       -0.6202
  73       -0.6202
  74       -0.5785
  75       -0.5785
  76       -0.5764
  77       -0.5764
  78       -0.5644
  79       -0.5644
  80       -0.5616
  81       -0.5576
  82       -0.5437
  83       -0.5437
  84       -0.5417
  85       -0.4820
  86       -0.4778
  87       -0.4778
  88       -0.4725
  89       -0.4453
  90       -0.4200
  91       -0.4200
  92       -0.3299
  93       -0.3095
  94       -0.3095
  95       -0.2948
  96       -0.2948
  97       -0.2312
  98       -0.2312
  99       -0.2224
 100       -0.1227
 101       -0.0345
 102       -0.0345
 103       -0.0063
 104       -0.0063
 105        0.0152
 106        0.0501
 107        0.0501
 108        0.0778
 109        0.0837
 110        0.0877
 111        0.0877
 112        0.0891
 113        0.0891
 114        0.1416
 115        0.1416
 116        0.1668
 117        0.1712
 118        0.1712
 119        0.1713
 120        0.1713
 121        0.1809
 122        0.1809
 123        0.2304
 124        0.2512
 125        0.2512
 126        0.2717
 127        0.2717
 128        0.2778
 129        0.3413
 130        0.4609
 131        0.4773
 132        0.4912
 133        0.5375
 134        0.5375
 135        0.6074
 136        0.6220
 137        0.6300
 138        0.6300
 139        0.6567
 140        0.6567
 141        0.6819
 142        0.6819
 143        0.6926
 144        0.6926
 145        0.7855
 146        0.7855
 147        0.7894
 148        0.7894
 149        0.8106
 150        0.8106
 151        0.8124
 152        0.8690
 153        0.8690
 154        0.8899
 155        0.8899
 156        0.8922
 157        0.8922
 158        0.8970
 159        0.9109
 160        0.9109
 161        0.9388
 162        1.0083
 163        1.0698
 164        1.0698
 165        1.0798
 166        1.0798
 167        1.1917
 168        1.2583
 169        1.4174
 170        1.4174
 171        1.7421
 172        1.7421
 173        1.8072
 174        2.4891
 175        2.5989
 176        2.5989
 177        2.7489
 178        2.7489
 179        3.5752
 180        3.5752
 181        4.0524
 182        4.2525
 183        4.2525
 184        4.2628
 185        4.7489
 186        4.7489
 187        4.7579
 188        4.7579
 189        4.9949
 190        5.1008
 191        5.1008
 192        5.2446
 193        5.2446
 194        5.8080
 195        6.5604
 196        6.5604
 197        6.9785
 198        6.9792
 199        7.0979
 200        7.0984
 201        7.3658
 202        7.3660
 203        7.5332
 204        7.5367
 205        7.5934
 206        7.5952
 207        7.9179
 208        7.9470
 209        8.2647
 210        8.3151
 211        9.7110
 212       10.1757
 
  0.3125000E+00  0.3125000E+00  0.1875000E+00  0.4687500E-01
   1       -4.0527
   2       -3.2824
   3       -3.2824
   4       -2.8587
   5       -2.6798
   6       -2.5158
   7       -2.4653
   8       -2.4653
   9       -2.2058
  10       -2.1242
  11       -2.1242
  12       -2.0256
  13       -2.0175
  14       -2.0175
  15       -2.0103
  16       -1.9495
  17       -1.9495
  18       -1.9073
  19       -1.9073
  20       -1.8113
  21       -1.8113
  22       -1.7609
  23       -1.7360
  24       -1.7360
  25       -1.7079
  26       -1.7079
  27       -1.7076
  28       -1.7076
  29       -1.6589
  30       -1.6560
  31       -1.6560
  32       -1.6500
  33       -1.6500
  34       -1.5751
  35       -1.5751
  36       -1.5492
  37       -1.5492
  38       -1.3973
  39       -1.3973
  40       -1.3675
  41       -1.3419
  42       -1.3419
  43       -1.2159
  44       -1.2159
  45       -1.1336
  46       -1.1336
  47       -1.0877
  48       -1.0519
  49       -1.0519
  50       -1.0382
  51       -1.0382
  52       -1.0363
  53       -1.0261
  54       -1.0261
  55       -0.9714
  56       -0.9103
  57       -0.9103
  58       -0.9024
  59       -0.9024
  60       -0.8700
  61       -0.8700
  62       -0.8515
  63       -0.8373
  64       -0.7941
  65       -0.7941
  66       -0.7777
  67       -0.7777
  68       -0.6730
  69       -0.6525
  70       -0.6525
  71       -0.6429
  72       -0.6326
  73       -0.6326
  74       -0.6054
  75       -0.5919
  76       -0.5594
  77       -0.5594
  78       -0.5366
  79       -0.5350
  80       -0.5246
  81       -0.5055
  82       -0.4956
  83       -0.4741
  84       -0.4741
  85       -0.4658
  86       -0.4658
  87       -0.4616
  88       -0.4616
  89       -0.4331
  90       -0.4331
  91       -0.3920
  92       -0.3920
  93       -0.3834
  94       -0.3834
  95       -0.3652
  96       -0.3510
  97       -0.3510
  98       -0.3380
  99       -0.2566
 100       -0.2566
 101       -0.1529
 102       -0.1529
 103       -0.1217
 104       -0.1217
 105       -0.0728
 106       -0.0728
 107        0.0117
 108        0.0304
 109        0.0560
 110        0.0588
 111        0.0588
 112        0.0672
 113        0.0935
 114        0.0935
 115        0.1385
 116        0.1418
 117        0.1418
 118        0.2010
 119        0.2010
 120        0.2306
 121        0.2810
 122        0.2810
 123        0.2841
 124        0.2841
 125        0.2874
 126        0.3323
 127        0.3411
 128        0.3411
 129        0.3989
 130        0.3989
 131        0.4151
 132        0.4151
 133        0.4227
 134        0.4487
 135        0.4487
 136        0.5563
 137        0.6411
 138        0.6777
 139        0.6777
 140        0.7087
 141        0.7087
 142        0.7365
 143        0.7365
 144        0.7528
 145        0.7741
 146        0.7812
 147        0.7812
 148        0.7856
 149        0.7856
 150        0.8529
 151        0.8600
 152        0.8627
 153        0.8627
 154        0.8738
 155        0.9535
 156        0.9535
 157        0.9666
 158        0.9666
 159        0.9852
 160        0.9949
 161        0.9949
 162        0.9979
 163        0.9979
 164        1.0499
 165        1.0499
 166        1.0602
 167        1.0602
 168        1.0671
 169        1.2370
 170        1.5410
 171        1.5410
 172        2.1344
 173        2.1344
 174        2.5890
 175        2.5890
 176        2.6349
 177        3.0738
 178        3.0738
 179        3.5640
 180        3.5640
 181        3.7211
 182        3.7211
 183        4.3952
 184        4.3952
 185        4.6335
 186        4.6335
 187        4.6526
 188        4.6906
 189        5.0845
 190        5.0845
 191        5.3720
 192        5.3720
 193        5.4764
 194        5.4764
 195        6.3737
 196        6.3737
 197        6.4866
 198        6.9339
 199        6.9340
 200        7.0477
 201        7.1226
 202        7.1227
 203        7.5522
 204        7.7592
 205        7.7625
 206        7.9177
 207        7.9210
 208        8.2797
 209        8.6495
 210        8.7112
 211        8.9076
 212       10.3098
 
  0.4375000E+00  0.3125000E+00  0.1875000E+00  0.9375000E-01
   1       -3.8522
   2       -3.5925
   3       -3.1208
   4       -2.9163
   5       -2.7485
   6       -2.6144
   7       -2.5193
   8       -2.5004
   9       -2.1341
  10       -2.0340
  11       -2.0213
  12       -1.9936
  13       -1.9855
  14       -1.9747
  15       -1.9528
  16       -1.9417
  17       -1.9384
  18       -1.9227
  19       -1.8914
  20       -1.8611
  21       -1.8415
  22       -1.8369
  23       -1.8009
  24       -1.7577
  25       -1.7476
  26       -1.7105
  27       -1.6952
  28       -1.6944
  29       -1.6672
  30       -1.6606
  31       -1.6348
  32       -1.6345
  33       -1.6243
  34       -1.6134
  35       -1.6065
  36       -1.5702
  37       -1.5518
  38       -1.4889
  39       -1.4574
  40       -1.3320
  41       -1.3049
  42       -1.2412
  43       -1.2313
  44       -1.2163
  45       -1.1816
  46       -1.1558
  47       -1.1211
  48       -1.1147
  49       -1.0927
  50       -1.0370
  51       -1.0198
  52       -1.0164
  53       -0.9912
  54       -0.9902
  55       -0.9858
  56       -0.9723
  57       -0.9595
  58       -0.9498
  59       -0.8850
  60       -0.8801
  61       -0.8796
  62       -0.8637
  63       -0.7588
  64       -0.7534
  65       -0.6977
  66       -0.6737
  67       -0.6699
  68       -0.6619
  69       -0.6613
  70       -0.6472
  71       -0.6117
  72       -0.5984
  73       -0.5825
  74       -0.5627
  75       -0.5536
  76       -0.5525
  77       -0.5447
  78       -0.5347
  79       -0.5259
  80       -0.5190
  81       -0.4999
  82       -0.4934
  83       -0.4859
  84       -0.4760
  85       -0.4691
  86       -0.4339
  87       -0.4312
  88       -0.4250
  89       -0.4118
  90       -0.3889
  91       -0.3862
  92       -0.3837
  93       -0.3831
  94       -0.3811
  95       -0.3805
  96       -0.3684
  97       -0.2820
  98       -0.2500
  99       -0.2256
 100       -0.2174
 101       -0.1965
 102       -0.1808
 103       -0.1183
 104       -0.1137
 105       -0.0815
 106       -0.0649
 107       -0.0633
 108       -0.0499
 109       -0.0166
 110       -0.0157
 111        0.0391
 112        0.0497
 113        0.0554
 114        0.0730
 115        0.0930
 116        0.0968
 117        0.1182
 118        0.1345
 119        0.1590
 120        0.1880
 121        0.1966
 122        0.2183
 123        0.2400
 124        0.2554
 125        0.2653
 126        0.2813
 127        0.3118
 128        0.3369
 129        0.3551
 130        0.3571
 131        0.4303
 132        0.4518
 133        0.4539
 134        0.5161
 135        0.5408
 136        0.5533
 137        0.5672
 138        0.6112
 139        0.6208
 140        0.6461
 141        0.6886
 142        0.7658
 143        0.8018
 144        0.8218
 145        0.8221
 146        0.8265
 147        0.8303
 148        0.8508
 149        0.8536
 150        0.8621
 151        0.8666
 152        0.8716
 153        0.8829
 154        0.9085
 155        0.9087
 156        0.9135
 157        0.9145
 158        0.9160
 159        0.9312
 160        0.9445
 161        0.9482
 162        0.9566
 163        0.9880
 164        1.0128
 165        1.0132
 166        1.0160
 167        1.0385
 168        1.0390
 169        1.4923
 170        1.7989
 171        1.8743
 172        2.1054
 173        2.2258
 174        2.2330
 175        2.3953
 176        2.7867
 177        3.1946
 178        3.2394
 179        3.4597
 180        3.7253
 181        3.8839
 182        3.9119
 183        4.2774
 184        4.4208
 185        4.5478
 186        4.6474
 187        4.9118
 188        4.9583
 189        4.9753
 190        5.1327
 191        5.1564
 192        5.2572
 193        5.4269
 194        5.4337
 195        6.0884
 196        6.1600
 197        6.3343
 198        6.8331
 199        6.8344
 200        6.8935
 201        7.0633
 202        7.2142
 203        7.2317
 204        7.3613
 205        7.3946
 206        8.0064
 207        8.1752
 208        8.3150
 209        8.4261
 210        8.7590
 211        9.5732
 212        9.7219
 
  0.4375000E+00  0.4375000E+00  0.1875000E+00  0.4687500E-01
   1       -3.6609
   2       -3.4141
   3       -3.4141
   4       -3.1854
   5       -2.6813
   6       -2.5975
   7       -2.5975
   8       -2.5668
   9       -2.0958
  10       -2.0349
  11       -2.0349
  12       -2.0215
  13       -1.8920
  14       -1.8888
  15       -1.8888
  16       -1.8823
  17       -1.8823
  18       -1.8520
  19       -1.8520
  20       -1.8159
  21       -1.8159
  22       -1.7712
  23       -1.7712
  24       -1.7683
  25       -1.7645
  26       -1.7645
  27       -1.7632
  28       -1.7632
  29       -1.7408
  30       -1.7408
  31       -1.6717
  32       -1.6717
  33       -1.6300
  34       -1.6300
  35       -1.5482
  36       -1.5482
  37       -1.5042
  38       -1.4848
  39       -1.4848
  40       -1.3990
  41       -1.3990
  42       -1.3622
  43       -1.3622
  44       -1.2312
  45       -1.1288
  46       -1.1288
  47       -1.0724
  48       -1.0724
  49       -1.0695
  50       -1.0695
  51       -1.0390
  52       -1.0201
  53       -1.0201
  54       -0.9551
  55       -0.9480
  56       -0.9480
  57       -0.9025
  58       -0.8979
  59       -0.8979
  60       -0.8624
  61       -0.8384
  62       -0.6915
  63       -0.6915
  64       -0.6781
  65       -0.6608
  66       -0.6608
  67       -0.6502
  68       -0.5835
  69       -0.5621
  70       -0.5621
  71       -0.5535
  72       -0.5418
  73       -0.5418
  74       -0.5239
  75       -0.5224
  76       -0.5151
  77       -0.5151
  78       -0.5015
  79       -0.4995
  80       -0.4995
  81       -0.4906
  82       -0.4906
  83       -0.4691
  84       -0.4691
  85       -0.4665
  86       -0.4665
  87       -0.4559
  88       -0.4465
  89       -0.4360
  90       -0.3668
  91       -0.3668
  92       -0.3579
  93       -0.3579
  94       -0.3533
  95       -0.3403
  96       -0.3049
  97       -0.3049
  98       -0.2891
  99       -0.2864
 100       -0.2864
 101       -0.2496
 102       -0.2496
 103       -0.2029
 104       -0.2029
 105       -0.1761
 106       -0.1654
 107       -0.1654
 108       -0.1321
 109       -0.1321
 110       -0.1050
 111       -0.1050
 112       -0.0742
 113       -0.0742
 114       -0.0002
 115       -0.0002
 116        0.0373
 117        0.0390
 118        0.0537
 119        0.0537
 120        0.0779
 121        0.2499
 122        0.3304
 123        0.3355
 124        0.3355
 125        0.3512
 126        0.3512
 127        0.3880
 128        0.3880
 129        0.4222
 130        0.4222
 131        0.4478
 132        0.4478
 133        0.4481
 134        0.4907
 135        0.4935
 136        0.4935
 137        0.5178
 138        0.5178
 139        0.5379
 140        0.6253
 141        0.6804
 142        0.6996
 143        0.7657
 144        0.7657
 145        0.8694
 146        0.8694
 147        0.8857
 148        0.9061
 149        0.9061
 150        0.9169
 151        0.9169
 152        0.9170
 153        0.9170
 154        0.9205
 155        0.9205
 156        0.9217
 157        0.9217
 158        0.9270
 159        0.9405
 160        0.9405
 161        0.9490
 162        0.9490
 163        0.9495
 164        0.9495
 165        0.9687
 166        0.9863
 167        0.9863
 168        0.9926
 169        1.6609
 170        1.9171
 171        1.9171
 172        2.1160
 173        2.4524
 174        2.4524
 175        2.8193
 176        2.8193
 177        3.1378
 178        3.1378
 179        3.5093
 180        3.5093
 181        3.9438
 182        3.9438
 183        4.2243
 184        4.2243
 185        4.6536
 186        4.6536
 187        4.8985
 188        4.8985
 189        5.2035
 190        5.3861
 191        5.4002
 192        5.4002
 193        5.5298
 194        5.5298
 195        5.6970
 196        5.6970
 197        6.2442
 198        6.2442
 199        6.5014
 200        6.5014
 201        6.7327
 202        6.9022
 203        6.9022
 204        7.1343
 205        7.9329
 206        8.7104
 207        8.7183
 208        8.7477
 209        8.8322
 210        9.2153
 211        9.2750
 212        9.6080
 
  0.3125000E+00  0.3125000E+00  0.3125000E+00  0.1562500E-01
   1       -3.9217
   2       -3.1852
   3       -3.1852
   4       -3.1852
   5       -2.6744
   6       -2.6744
   7       -2.6744
   8       -2.5825
   9       -2.0760
  10       -2.0760
  11       -2.0760
  12       -1.9790
  13       -1.9790
  14       -1.9790
  15       -1.9309
  16       -1.9309
  17       -1.9309
  18       -1.7893
  19       -1.7893
  20       -1.7893
  21       -1.7893
  22       -1.7893
  23       -1.7893
  24       -1.7221
  25       -1.7221
  26       -1.7221
  27       -1.7143
  28       -1.7143
  29       -1.7143
  30       -1.6947
  31       -1.6947
  32       -1.6947
  33       -1.6947
  34       -1.6947
  35       -1.6947
  36       -1.4648
  37       -1.4648
  38       -1.4648
  39       -1.3004
  40       -1.3004
  41       -1.3004
  42       -1.3004
  43       -1.3004
  44       -1.3004
  45       -1.0504
  46       -1.0504
  47       -1.0504
  48       -1.0269
  49       -1.0269
  50       -1.0269
  51       -1.0269
  52       -1.0269
  53       -1.0269
  54       -1.0003
  55       -1.0003
  56       -1.0003
  57       -0.9224
  58       -0.9224
  59       -0.9224
  60       -0.8394
  61       -0.8101
  62       -0.8101
  63       -0.8101
  64       -0.7409
  65       -0.7409
  66       -0.7409
  67       -0.7409
  68       -0.7409
  69       -0.7409
  70       -0.6370
  71       -0.6370
  72       -0.5826
  73       -0.5826
  74       -0.5294
  75       -0.5294
  76       -0.5294
  77       -0.4909
  78       -0.4909
  79       -0.4909
  80       -0.4665
  81       -0.4665
  82       -0.4665
  83       -0.4497
  84       -0.4497
  85       -0.4497
  86       -0.4497
  87       -0.4497
  88       -0.4497
  89       -0.4244
  90       -0.4244
  91       -0.4244
  92       -0.4130
  93       -0.4130
  94       -0.4130
  95       -0.4093
  96       -0.4093
  97       -0.4093
  98       -0.3687
  99       -0.3687
 100       -0.3687
 101       -0.0879
 102       -0.0879
 103       -0.0879
 104       -0.0510
 105       -0.0510
 106       -0.0510
 107       -0.0264
 108       -0.0264
 109       -0.0264
 110       -0.0264
 111       -0.0264
 112       -0.0264
 113        0.1487
 114        0.1487
 115        0.1487
 116        0.1522
 117        0.1522
 118        0.1522
 119        0.1690
 120        0.1898
 121        0.1898
 122        0.2085
 123        0.2085
 124        0.2085
 125        0.2816
 126        0.2816
 127        0.2816
 128        0.2949
 129        0.2949
 130        0.2949
 131        0.2949
 132        0.2949
 133        0.2949
 134        0.4503
 135        0.4503
 136        0.4503
 137        0.5441
 138        0.5441
 139        0.5441
 140        0.6521
 141        0.6521
 142        0.8309
 143        0.8309
 144        0.8309
 145        0.8366
 146        0.8366
 147        0.8366
 148        0.8422
 149        0.8422
 150        0.8422
 151        0.8422
 152        0.8422
 153        0.8422
 154        0.9401
 155        0.9401
 156        0.9401
 157        0.9774
 158        0.9774
 159        0.9774
 160        0.9774
 161        0.9774
 162        0.9774
 163        0.9925
 164        0.9925
 165        0.9925
 166        1.0645
 167        1.0645
 168        1.0645
 169        1.7373
 170        1.7373
 171        1.7373
 172        2.6954
 173        2.6954
 174        2.6954
 175        2.6954
 176        2.6954
 177        2.6954
 178        3.3786
 179        3.3786
 180        3.3786
 181        3.8154
 182        3.8154
 183        3.8154
 184        4.7973
 185        4.7973
 186        4.7973
 187        4.7973
 188        4.7973
 189        4.7973
 190        4.8570
 191        4.8570
 192        4.8570
 193        6.0058
 194        6.0058
 195        6.0058
 196        6.0881
 197        6.0881
 198        6.0881
 199        7.2542
 200        7.2542
 201        7.2542
 202        7.2542
 203        7.2545
 204        7.2572
 205        8.3414
 206        8.3414
 207        8.3415
 208        8.3416
 209        8.3537
 210        8.3594
 211        8.3746
 212        8.4431
 
  0.4375000E+00  0.3125000E+00  0.3125000E+00  0.4687500E-01
   1       -3.7290
   2       -3.4804
   3       -3.0458
   4       -3.0458
   5       -2.8721
   6       -2.8721
   7       -2.6593
   8       -2.6297
   9       -2.0038
  10       -2.0038
  11       -1.9438
  12       -1.9429
  13       -1.9176
  14       -1.9126
  15       -1.9126
  16       -1.9080
  17       -1.9080
  18       -1.8962
  19       -1.8962
  20       -1.8468
  21       -1.8468
  22       -1.8209
  23       -1.8172
  24       -1.8172
  25       -1.7276
  26       -1.7276
  27       -1.7197
  28       -1.7197
  29       -1.7190
  30       -1.7190
  31       -1.6930
  32       -1.6930
  33       -1.6462
  34       -1.5860
  35       -1.5860
  36       -1.5605
  37       -1.4401
  38       -1.4401
  39       -1.3179
  40       -1.3179
  41       -1.2337
  42       -1.2337
  43       -1.1984
  44       -1.1984
  45       -1.1538
  46       -1.1538
  47       -1.1411
  48       -1.1411
  49       -1.1079
  50       -1.1079
  51       -1.0333
  52       -0.9868
  53       -0.9748
  54       -0.9748
  55       -0.9433
  56       -0.9433
  57       -0.9310
  58       -0.9310
  59       -0.9239
  60       -0.8674
  61       -0.8597
  62       -0.8597
  63       -0.6673
  64       -0.6673
  65       -0.6658
  66       -0.6658
  67       -0.6461
  68       -0.6178
  69       -0.6048
  70       -0.5625
  71       -0.5625
  72       -0.5496
  73       -0.5474
  74       -0.5459
  75       -0.5416
  76       -0.5416
  77       -0.5293
  78       -0.5293
  79       -0.5206
  80       -0.5206
  81       -0.5172
  82       -0.5172
  83       -0.5061
  84       -0.4936
  85       -0.4657
  86       -0.4657
  87       -0.4512
  88       -0.4508
  89       -0.4508
  90       -0.4366
  91       -0.4366
  92       -0.4243
  93       -0.4243
  94       -0.3546
  95       -0.3546
  96       -0.3091
  97       -0.3025
  98       -0.2672
  99       -0.2672
 100       -0.2083
 101       -0.2083
 102       -0.2014
 103       -0.1790
 104       -0.1769
 105       -0.1769
 106       -0.1760
 107       -0.1431
 108        0.0184
 109        0.0184
 110        0.0486
 111        0.0486
 112        0.0498
 113        0.0498
 114        0.0703
 115        0.0703
 116        0.0859
 117        0.1000
 118        0.1000
 119        0.1152
 120        0.1427
 121        0.1700
 122        0.1700
 123        0.1980
 124        0.1980
 125        0.2004
 126        0.2004
 127        0.2120
 128        0.2120
 129        0.2620
 130        0.2879
 131        0.3505
 132        0.3630
 133        0.3857
 134        0.3857
 135        0.4225
 136        0.4632
 137        0.4632
 138        0.5118
 139        0.5118
 140        0.5130
 141        0.6490
 142        0.6490
 143        0.6979
 144        0.7697
 145        0.8947
 146        0.8947
 147        0.9003
 148        0.9003
 149        0.9111
 150        0.9111
 151        0.9129
 152        0.9376
 153        0.9376
 154        0.9409
 155        0.9409
 156        0.9431
 157        0.9431
 158        0.9524
 159        0.9524
 160        0.9673
 161        0.9870
 162        0.9870
 163        1.0024
 164        1.0098
 165        1.0098
 166        1.0429
 167        1.0429
 168        1.0441
 169        2.0168
 170        2.0168
 171        2.3382
 172        2.3419
 173        2.3419
 174        2.8615
 175        2.8615
 176        3.0355
 177        3.0897
 178        3.0897
 179        3.3443
 180        3.3443
 181        4.0578
 182        4.0578
 183        4.1290
 184        4.1290
 185        4.1717
 186        4.4669
 187        4.4669
 188        4.8824
 189        4.9939
 190        4.9939
 191        5.1010
 192        5.1010
 193        5.4093
 194        5.6015
 195        6.1205
 196        6.1205
 197        6.6006
 198        6.6006
 199        6.7226
 200        6.7226
 201        7.5064
 202        7.5074
 203        7.5266
 204        7.5273
 205        7.6326
 206        7.6334
 207        7.8967
 208        7.9035
 209        8.0235
 210        8.0263
 211        9.0383
 212        9.5738
 
  0.4375000E+00  0.4375000E+00  0.3125000E+00  0.4687500E-01
   1       -3.5488
   2       -3.3178
   3       -3.3178
   4       -3.1114
   5       -2.9395
   6       -2.8082
   7       -2.8082
   8       -2.7267
   9       -1.9699
  10       -1.9179
  11       -1.9179
  12       -1.9153
  13       -1.8859
  14       -1.8859
  15       -1.8851
  16       -1.8851
  17       -1.8755
  18       -1.8714
  19       -1.8714
  20       -1.8112
  21       -1.8112
  22       -1.8104
  23       -1.8104
  24       -1.8035
  25       -1.8035
  26       -1.8008
  27       -1.8008
  28       -1.7912
  29       -1.7912
  30       -1.7798
  31       -1.7490
  32       -1.7490
  33       -1.5137
  34       -1.5137
  35       -1.4536
  36       -1.4216
  37       -1.4216
  38       -1.3660
  39       -1.3660
  40       -1.3146
  41       -1.3146
  42       -1.2684
  43       -1.2684
  44       -1.1936
  45       -1.1613
  46       -1.1437
  47       -1.1437
  48       -1.0740
  49       -1.0740
  50       -1.0669
  51       -1.0669
  52       -1.0267
  53       -1.0267
  54       -1.0169
  55       -1.0169
  56       -0.9593
  57       -0.8846
  58       -0.8846
  59       -0.8626
  60       -0.8593
  61       -0.8103
  62       -0.6855
  63       -0.6855
  64       -0.6051
  65       -0.5971
  66       -0.5971
  67       -0.5733
  68       -0.5689
  69       -0.5396
  70       -0.5396
  71       -0.5378
  72       -0.5357
  73       -0.5334
  74       -0.5297
  75       -0.5297
  76       -0.5268
  77       -0.5268
  78       -0.5248
  79       -0.5248
  80       -0.5163
  81       -0.5152
  82       -0.5152
  83       -0.5019
  84       -0.5019
  85       -0.4973
  86       -0.4949
  87       -0.4913
  88       -0.4913
  89       -0.4676
  90       -0.4044
  91       -0.4030
  92       -0.4030
  93       -0.3687
  94       -0.3687
  95       -0.3646
  96       -0.3646
  97       -0.3423
  98       -0.3327
  99       -0.3327
 100       -0.2614
 101       -0.2614
 102       -0.2461
 103       -0.1948
 104       -0.1948
 105       -0.1325
 106       -0.1325
 107       -0.1314
 108       -0.1314
 109       -0.0820
 110       -0.0751
 111       -0.0751
 112       -0.0589
 113       -0.0589
 114       -0.0541
 115        0.0607
 116        0.0607
 117        0.1349
 118        0.1525
 119        0.1525
 120        0.1542
 121        0.1542
 122        0.1584
 123        0.1589
 124        0.2089
 125        0.2089
 126        0.2489
 127        0.2489
 128        0.2816
 129        0.2816
 130        0.2970
 131        0.3170
 132        0.3392
 133        0.3438
 134        0.3438
 135        0.3493
 136        0.3493
 137        0.3930
 138        0.3930
 139        0.4821
 140        0.5020
 141        0.5030
 142        0.5719
 143        0.5983
 144        0.5983
 145        0.9438
 146        0.9503
 147        0.9503
 148        0.9627
 149        0.9627
 150        0.9651
 151        0.9651
 152        0.9664
 153        0.9664
 154        0.9805
 155        0.9805
 156        0.9835
 157        0.9835
 158        0.9850
 159        0.9850
 160        0.9890
 161        0.9963
 162        0.9963
 163        0.9995
 164        0.9995
 165        1.0056
 166        1.0222
 167        1.0323
 168        1.0323
 169        2.2394
 170        2.5263
 171        2.5263
 172        2.6398
 173        2.6398
 174        2.7775
 175        2.9805
 176        2.9805
 177        3.3490
 178        3.3490
 179        3.5615
 180        3.5615
 181        3.6962
 182        3.6962
 183        3.8393
 184        3.8393
 185        4.2999
 186        4.2999
 187        4.4078
 188        4.5928
 189        4.5928
 190        4.7116
 191        4.7116
 192        4.9640
 193        6.0228
 194        6.0228
 195        6.3078
 196        6.3078
 197        6.4847
 198        6.7492
 199        6.7493
 200        7.0361
 201        7.0362
 202        7.0779
 203        7.0783
 204        7.4227
 205        7.5356
 206        8.0522
 207        8.0694
 208        8.2057
 209        8.3087
 210        8.5179
 211        8.5853
 212        8.8254
 
  0.4375000E+00  0.4375000E+00  0.4375000E+00  0.1562500E-01
   1       -3.3859
   2       -3.1793
   3       -3.1793
   4       -3.1793
   5       -3.0062
   6       -3.0062
   7       -3.0062
   8       -2.8756
   9       -1.8739
  10       -1.8739
  11       -1.8739
  12       -1.8696
  13       -1.8696
  14       -1.8696
  15       -1.8631
  16       -1.8631
  17       -1.8631
  18       -1.8476
  19       -1.8476
  20       -1.8476
  21       -1.8476
  22       -1.8476
  23       -1.8476
  24       -1.8163
  25       -1.8163
  26       -1.8163
  27       -1.8163
  28       -1.8163
  29       -1.8163
  30       -1.8117
  31       -1.8117
  32       -1.8117
  33       -1.3774
  34       -1.3774
  35       -1.3774
  36       -1.2780
  37       -1.2780
  38       -1.2780
  39       -1.2416
  40       -1.2416
  41       -1.2416
  42       -1.2416
  43       -1.2416
  44       -1.2416
  45       -1.1441
  46       -1.1441
  47       -1.1441
  48       -1.1441
  49       -1.1441
  50       -1.1441
  51       -1.1340
  52       -1.1340
  53       -1.1340
  54       -1.0537
  55       -1.0537
  56       -1.0537
  57       -0.8207
  58       -0.8002
  59       -0.8002
  60       -0.8002
  61       -0.7203
  62       -0.7203
  63       -0.7203
  64       -0.5689
  65       -0.5689
  66       -0.5525
  67       -0.5417
  68       -0.5417
  69       -0.5417
  70       -0.5392
  71       -0.5392
  72       -0.5384
  73       -0.5384
  74       -0.5384
  75       -0.5335
  76       -0.5335
  77       -0.5335
  78       -0.5277
  79       -0.5277
  80       -0.5277
  81       -0.4988
  82       -0.4988
  83       -0.4988
  84       -0.4988
  85       -0.4988
  86       -0.4988
  87       -0.4471
  88       -0.4471
  89       -0.4471
  90       -0.4116
  91       -0.4116
  92       -0.4116
  93       -0.4008
  94       -0.4008
  95       -0.4008
  96       -0.3800
  97       -0.3800
  98       -0.3800
  99       -0.3800
 100       -0.3800
 101       -0.3800
 102       -0.2395
 103       -0.2395
 104       -0.2395
 105       -0.1246
 106       -0.1246
 107       -0.1246
 108       -0.0050
 109       -0.0050
 110       -0.0050
 111       -0.0050
 112       -0.0050
 113       -0.0050
 114        0.0053
 115        0.0053
 116        0.0053
 117        0.0770
 118        0.0770
 119        0.0770
 120        0.1255
 121        0.1255
 122        0.1255
 123        0.1255
 124        0.1255
 125        0.1255
 126        0.2110
 127        0.2110
 128        0.2110
 129        0.2538
 130        0.2538
 131        0.2538
 132        0.2623
 133        0.2623
 134        0.2945
 135        0.2945
 136        0.2945
 137        0.3798
 138        0.3798
 139        0.3798
 140        0.4347
 141        0.4347
 142        0.4597
 143        0.4597
 144        0.4597
 145        0.9900
 146        0.9900
 147        0.9900
 148        1.0087
 149        1.0087
 150        1.0087
 151        1.0087
 152        1.0087
 153        1.0087
 154        1.0090
 155        1.0090
 156        1.0090
 157        1.0090
 158        1.0090
 159        1.0090
 160        1.0122
 161        1.0122
 162        1.0122
 163        1.0257
 164        1.0257
 165        1.0257
 166        1.0360
 167        1.0360
 168        1.0360
 169        2.8994
 170        2.8994
 171        2.8994
 172        3.2113
 173        3.2113
 174        3.2113
 175        3.2113
 176        3.2113
 177        3.2113
 178        3.5005
 179        3.5005
 180        3.5005
 181        3.6285
 182        3.6285
 183        3.6285
 184        3.9517
 185        3.9517
 186        3.9517
 187        3.9517
 188        3.9517
 189        3.9517
 190        4.2569
 191        4.2569
 192        4.2569
 193        6.6421
 194        6.6422
 195        6.6434
 196        6.9827
 197        6.9835
 198        6.9859
 199        7.3238
 200        7.3238
 201        7.3243
 202        7.3274
 203        7.3426
 204        7.3879
 205        7.7136
 206        7.7136
 207        7.7248
 208        7.7366
 209        7.8230
 210        7.9150
 211        8.1726
 212        8.3769
