Cu relax A 3.602409768

1.01 3.63843386568
1.02 3.67445796336
1.03 3.71048206104
1.04 3.74650615872
1.05 3.7825302564
1.06 3.81855435408
1.07 3.85457845176
1.08 3.89060254944

Au 4.078 relax 4.127600388

1.01 4.16887639188
1.02 4.21015239576
1.03 4.25142839964
1.04 4.29270440352
1.05 4.3339804074
1.06 4.37525641128
1.07 4.41653241516
1.08 4.45780841904

Ag 4.053 relax 4.1023071
1.01 4.143330171
1.02 4.184353242
1.03 4.225376313
1.04 4.266399384
1.05 4.307422455
1.06 4.348445526
1.07 4.389468597
1.08 4.430491668