     0      0.0000      0.0000      0.0000      0.0000      8.6158      8.6158
     1      0.0002      0.0000      0.0000      0.0000      8.6158      8.6158
     2      0.0050      0.0000      0.0012      0.0000      8.6158      8.6158
     3      0.0161      0.0000      0.0051      0.0000      8.6158      8.6158
     4      0.0335      0.0000      0.0120      0.0000      8.6159      8.6158
     5      0.0587      0.0001      0.0220      0.0000      8.6159      8.6158
    10      0.4947      0.0012      0.1552      0.0004      8.6170      8.6154
    15      1.9280      0.0068      0.5913      0.0021      8.6226      8.6137
    20      4.1235      0.0217      1.4357      0.0070      8.6375      8.6088
    30      8.8533      0.0869      4.0137      0.0335      8.7027      8.5823
    40     12.7825      0.1960      7.1237      0.0890      8.8118      8.5268
    50     15.6978      0.3391     10.3067      0.1762      8.9549      8.4396
    60     17.7965      0.5072     13.3648      0.2947      9.1230      8.3211
    70     19.3097      0.6931     16.2280      0.4428      9.3089      8.1730
    80     20.4164      0.8920     18.8824      0.6186      9.5078      7.9973
    90     21.2411      1.1005     21.3371      0.8198      9.7163      7.7960
   100     21.8674      1.3162     23.6089      1.0447      9.9320      7.5711
   125     22.8941      1.8770     28.6100      1.6993     10.4928      6.9165
   150     23.4880      2.4574     32.8411      2.4688     11.0732      6.1470
   175     23.8593      3.0495     36.4917      3.3365     11.6653      5.2793
   200     24.1058      3.6493     39.6949      4.2896     12.2651      4.3262
   225     24.2775      4.2542     42.5446      5.3183     12.8700      3.2975
   250     24.4016      4.8628     45.1092      6.4145     13.4786      2.2013
   273     24.4876      5.4250     47.2607      7.4771     14.0408      1.1387
   275     24.4941      5.4740     47.4395      7.5718     14.0898      1.0440
   298     24.5599      6.0382     49.4096      8.6858     14.6540     -0.0700
   300     24.5649      6.0873     49.5739      8.7848     14.7031     -0.1690
   350     24.6644      7.3182     53.3687     11.3607     15.9340     -2.7449
   400     24.7293      8.5531     56.6667     14.1134     17.1689     -5.4976
   450     24.7740      9.7908     59.5821     17.0210     18.4066     -8.4052
   500     24.8060     11.0303     62.1940     20.0665     19.6461    -11.4507
   550     24.8298     12.2712     64.5595     23.2363     20.8870    -14.6205
   600     24.8479     13.5132     66.7208     26.5190     22.1290    -17.9032
   650     24.8620     14.7559     68.7102     29.9055     23.3717    -21.2896
   700     24.8731     15.9993     70.5531     33.3876     24.6151    -24.7718
   750     24.8822     17.2432     72.2695     36.9586     25.8590    -28.3428
   800     24.8896     18.4875     73.8756     40.6127     27.1033    -31.9968
   850     24.8957     19.7321     75.3847     44.3445     28.3479    -35.7287
   900     24.9009     20.9770     76.8079     48.1496     29.5928    -39.5338
   950     24.9052     22.2222     78.1543     52.0240     30.8380    -43.4082
  1000     24.9090     23.4675     79.4319     55.9639     32.0833    -47.3481
  1050     24.9121     24.7130     80.6473     59.9661     33.3289    -51.3503
  1100     24.9149     25.9587     81.8063     64.0276     34.5745    -55.4118
  1150     24.9174     27.2045     82.9138     68.1458     35.8203    -59.5300
  1200     24.9195     28.4504     83.9743     72.3182     37.0662    -63.7024
  1250     24.9214     29.6964     84.9917     76.5425     38.3123    -67.9266
  1300     24.9230     30.9425     85.9691     80.8166     39.5584    -72.2008
  1350     24.9245     32.1887     86.9098     85.1387     40.8045    -76.5229
  1400     24.9258     33.4350     87.8162     89.5069     42.0508    -80.8911
  1450     24.9270     34.6813     88.6909     93.9197     43.2971    -85.3039
  1500     24.9281     35.9277     89.5360     98.3756     44.5435    -89.7597
  1550     24.9291     37.1741     90.3534    102.8728     45.7899    -94.2570
  1600     24.9300     38.4205     91.1448    107.4103     47.0364    -98.7945
  1650     24.9308     39.6671     91.9120    111.9868     48.2829   -103.3710
  1700     24.9315     40.9136     92.6563    116.6011     49.5294   -107.9853
  1750     24.9322     42.1602     93.3790    121.2520     50.7760   -112.6362
  1800     24.9328     43.4068     94.0814    125.9386     52.0226   -117.3228
  1850     24.9334     44.6535     94.7646    130.6598     53.2693   -122.0440
  1900     24.9339     45.9001     95.4295    135.4147     54.5160   -126.7989
  1950     24.9344     47.1468     96.0772    140.2024     55.7626   -131.5866
  2000     24.9348     48.3935     96.7084    145.0220     57.0094   -136.4062
  2100     24.9356     50.8871     97.9250    154.7542     59.5029   -146.1384
  2200     24.9363     53.3806     99.0850    164.6051     61.9965   -155.9893
  2300     24.9369     55.8743    100.1935    174.5693     64.4901   -165.9535
  2400     24.9374     58.3680    101.2548    184.6421     66.9838   -176.0263
  2500     24.9379     60.8617    102.2728    194.8188     69.4776   -186.2030
  2600     24.9383     63.3555    103.2509    205.0953     71.9713   -196.4794
  2700     24.9387     65.8494    104.1921    215.4676     74.4652   -206.8518
  2800     24.9390     68.3432    105.0991    225.9323     76.9591   -217.3165
  2900     24.9393     70.8372    105.9743    236.4862     79.4530   -227.8704
  3000     24.9396     73.3311    106.8197    247.1261     81.9469   -238.5103
