   32   32    1    1
  0.2035171E+02  0.8667961E-09  0.8667961E-09  0.8667961E-09  0.5000000E-15
  1.000000000000000E-004
  CAR 
 No title                                
  352    1  212
 
  0.2500000E+00  0.2500000E+00  0.2500000E+00  0.1000000E+01
   1       -3.9867
   2       -2.8982
   3       -2.8952
   4       -2.8923
   5       -2.2432
   6       -2.1766
   7       -2.1744
   8       -2.1724
   9       -1.8924
  10       -1.8921
  11       -1.8919
  12       -1.7383
  13       -1.7380
  14       -1.7380
  15       -1.6832
  16       -1.6812
  17       -1.6791
  18       -1.4917
  19       -1.4912
  20       -1.4907
  21       -1.3788
  22       -1.3779
  23       -1.3758
  24       -1.3758
  25       -1.3737
  26       -1.3729
  27       -1.2911
  28       -1.2891
  29       -1.2872
  30       -1.2371
  31       -1.2355
  32       -1.2345
  33       -1.2345
  34       -1.2336
  35       -1.2321
  36       -1.1325
  37       -1.1314
  38       -1.1304
  39       -0.8922
  40       -0.8908
  41       -0.8898
  42       -0.8897
  43       -0.8886
  44       -0.8875
  45       -0.6346
  46       -0.6332
  47       -0.6316
  48       -0.5603
  49       -0.5586
  50       -0.5571
  51       -0.5035
  52       -0.5017
  53       -0.5009
  54       -0.5009
  55       -0.5002
  56       -0.4982
  57       -0.3879
  58       -0.3858
  59       -0.3841
  60       -0.3673
  61       -0.3671
  62       -0.3667
  63       -0.3531
  64       -0.3526
  65       -0.3509
  66       -0.3505
  67       -0.3490
  68       -0.3485
  69       -0.2929
  70       -0.1280
  71       -0.1279
  72       -0.0685
  73       -0.0684
  74       -0.0157
  75       -0.0143
  76       -0.0126
  77        0.0140
  78        0.0141
  79        0.0162
  80        0.0162
  81        0.0180
  82        0.0185
  83        0.0357
  84        0.0358
  85        0.0362
  86        0.0764
  87        0.0775
  88        0.0786
  89        0.1104
  90        0.1111
  91        0.1119
  92        0.1873
  93        0.1875
  94        0.1878
  95        0.2335
  96        0.2358
  97        0.2384
  98        0.2538
  99        0.2548
 100        0.2556
 101        0.5641
 102        0.5664
 103        0.5684
 104        0.6003
 105        0.6005
 106        0.6025
 107        0.6025
 108        0.6045
 109        0.6047
 110        0.7775
 111        0.7794
 112        0.7815
 113        0.8087
 114        0.8101
 115        0.8116
 116        0.8503
 117        0.8537
 118        0.8547
 119        0.8556
 120        0.8569
 121        0.8602
 122        0.8765
 123        0.8765
 124        1.0025
 125        1.0045
 126        1.0049
 127        1.0049
 128        1.0056
 129        1.0074
 130        1.2165
 131        1.2178
 132        1.2193
 133        1.2624
 134        1.2665
 135        1.2666
 136        1.2676
 137        1.4571
 138        1.4575
 139        1.4577
 140        1.4597
 141        1.4617
 142        1.4618
 143        1.4618
 144        1.4626
 145        1.4642
 146        1.5052
 147        1.5057
 148        1.5061
 149        1.5407
 150        1.5408
 151        1.6688
 152        1.6690
 153        1.6692
 154        1.8130
 155        1.8133
 156        1.8134
 157        1.8337
 158        1.8345
 159        1.8348
 160        1.8349
 161        1.8355
 162        1.8365
 163        1.8833
 164        1.8845
 165        1.8856
 166        1.9322
 167        1.9324
 168        1.9324
 169        2.0133
 170        2.0146
 171        2.0159
 172        3.4334
 173        3.4343
 174        3.4355
 175        3.4357
 176        3.4369
 177        3.4378
 178        4.1134
 179        4.1142
 180        4.1150
 181        4.8069
 182        4.8083
 183        4.8098
 184        5.2791
 185        5.2796
 186        5.2800
 187        6.3081
 188        6.3100
 189        6.3108
 190        6.3108
 191        6.3115
 192        6.3135
 193        6.6728
 194        6.6744
 195        6.6760
 196        7.9357
 197        7.9374
 198        7.9390
 199        8.4000
 200        8.4002
 201        8.4024
 202        8.4024
 203        8.4047
 204        8.4048
 205        9.1109
 206        9.4026
 207        9.4030
 208        9.4035
 209        9.9155
 210        9.9171
 211        9.9183
 212        9.9193
