   1  32   1   0  0.1202155E+02  0.1000000E-03
  CAR 
 unknown system                          
   0   0   0
   1   1
 256 256 256
 256
  0.1000000E-09
  0.6250000E-11
   0
  0.5000000E-15  0.7272832E-09  0.7272832E-09  0.7272832E-09
  0.0000000E+00  0.0000000E+00
  0.000
  0.000
  0.000
  0.000
  0.000
  0.000
  0.000
  0.000
  0.000
  0.000
  0.000
  0.000
  0.000
  0.000
  0.000
  0.000
  0.000
  0.000
  0.000
  0.000
  0.000
  0.000
  0.000
  0.000
  0.000
  0.000
  0.000
  0.000
  0.000
  0.000
  0.000
  0.000
  0.000
  0.000
  0.000
  0.000
  0.000
  0.000
  0.000
  0.000
  0.597
 26.732
  0.000
  0.000
  0.000
  0.000
  0.000
  0.000
  0.000
  0.000
  0.000
  0.000
  0.000
  0.000
  0.000
  0.000
  0.000
  0.074
  6.798
  0.000
  0.000
  0.000
  0.000
  0.000
  0.000
  0.000
  0.000
  0.000
  0.000
  0.000
  0.197
 18.204
  0.000
  0.000
  0.000
  0.000
  0.000
  0.000
  0.000
  0.000
  0.000
  0.147
  6.764
  0.000
  0.000
  0.000
  0.000
  0.000
  0.000
  0.000
  0.000
 10.998
  0.229
  0.000
  0.000
  0.000
  0.000
  0.000
  0.000
  0.000
  3.007
  0.095
  0.000
  0.000
  0.000
  0.000
  0.000
  0.000
 15.478
  0.490
  0.000
  0.000
  0.000
  0.000
  0.000
  0.000
  0.000
  0.000
  0.000
  0.000
  0.000
  0.000
  0.065
  9.184
  0.000
  0.000
  0.000
  0.000
  0.000
  0.117
  5.407
  0.000
  0.000
  0.000
  0.000
  0.000
  5.047
  0.000
  0.000
  0.000
  0.000
  0.000
  4.631
  0.000
  0.000
  0.000
  0.000
  0.225
 12.571
  0.000
  0.000
  0.000
  0.000
  0.000
  0.000
  0.000
  0.000
  0.000
  0.078
  7.316
  0.000
  0.000
  0.000
  0.000
  0.000
  0.000
  0.000
  0.000
  0.000
  6.478
  0.067
  0.000
  0.000
  0.008
  3.844
  0.008
  0.000
  0.000
  0.092
  8.665
  0.000
  0.000
  0.000
  2.735
  0.058
  0.000
  0.000
  0.000
  5.293
  0.000
  0.000
  0.000
  2.459
  0.078
  0.000
  0.000
  0.051
  4.772
  0.000
  0.000
  0.000
  0.000
  0.000
  0.000
  0.000
  7.655
  0.138
  0.000
  0.000
  2.098
  0.044
  0.000
  0.000
  8.102
  0.149
  0.000
  0.000
  3.893
  0.082
  0.000
  0.000
  1.897
  0.020
  0.000
  0.000
  0.000
  0.000
  0.000
  0.225
  6.919
  0.000
  0.000
  0.000
  0.000
  0.000
  0.088
  6.638
  0.000
  0.000
  3.194
  0.085
  0.000
  0.033
  3.139
  0.000
  0.000
  2.289
  0.032
  0.000
  0.126
  7.368
  0.000
  0.000
  1.433
  0.030
  0.000
